Time - Temeperatura (°C)	Temperatura (°C) & Presión (kPa) - Temeperatura (°C)	Time - Presión (kPa)	Temperatura (°C) & Presión (kPa) - Presión (kPa)
0	73,8	0	0
1	73,9	1	0
2	73,9	2	0
3	73,9	3	0
4	73,9	4	0
5	73,9	5	0
6	73,9	6	0
7	73,9	7	0
8	73,9	8	0
9	73,9	9	0
10	73,9	10	0
11	73,9	11	0
12	73,9	12	0
13	73,9	13	0
14	73,9	14	0
15	73,9	15	0
16	73,9	16	0
17	73,9	17	0
18	73,9	18	0
19	73,9	19	0
20	73,9	20	0
21	73,9	21	0
22	73,9	22	0
23	73,9	23	0
24	73,9	24	0
25	73,9	25	0
26	73,9	26	0
27	74	27	0
28	74	28	0
29	74	29	0
30	74,1	30	0
31	74,3	31	0
32	74,4	32	0
33	74,5	33	0
34	74,5	34	0
35	74,6	35	0
36	74,8	36	0
37	75	37	0
38	75	38	0
39	75,1	39	0
40	75,3	40	0
41	75,4	41	0
42	75,4	42	0
43	75,5	43	0
44	75,5	44	0
45	75,5	45	0
46	75,6	46	0
47	75,6	47	0
48	75,6	48	0
49	75,6	49	0
50	75,6	50	0
51	75,6	51	0
52	75,6	52	0
53	75,6	53	0
54	75,8	54	0
55	75,8	55	0
56	75,8	56	0
57	75,8	57	0
58	75,8	58	0
59	75,8	59	0
60	75,8	60	0
61	75,8	61	0
62	75,8	62	0
63	75,9	63	0
64	75,8	64	0
65	75,8	65	0
66	75,9	66	0
67	75,9	67	0
68	75,9	68	0
69	75,9	69	0
70	75,9	70	0
71	75,9	71	0
72	75,9	72	0
73	75,9	73	0
74	75,9	74	0
75	75,9	75	0
76	75,9	76	0
77	75,9	77	0
78	75,9	78	0
79	75,9	79	0
80	75,9	80	0
81	75,9	81	0
82	75,9	82	0
83	75,9	83	0
84	75,9	84	0
85	75,9	85	0
86	75,9	86	0
87	75,9	87	0
88	75,9	88	0
89	75,9	89	0
90	75,9	90	0
91	75,9	91	0
92	75,9	92	0
93	75,9	93	0
94	75,9	94	0
95	75,9	95	0
96	75,9	96	0
97	75,9	97	0
98	75,9	98	0
99	75,9	99	0
100	75,9	100	0
101	75,9	101	0
102	75,8	102	0
103	75,8	103	0
104	75,8	104	0
105	75,8	105	0
106	75,8	106	0
107	75,8	107	0
108	75,8	108	0
109	75,8	109	0
110	75,8	110	0
111	75,8	111	0
112	75,8	112	0
113	75,8	113	0
114	75,8	114	0
115	75,6	115	0
116	75,6	116	0
117	75,6	117	0
118	75,6	118	0
119	75,6	119	0
120	75,6	120	0
121	75,6	121	0
122	75,6	122	0
123	75,6	123	0
124	75,6	124	0
125	75,6	125	0
126	75,6	126	0
127	75,6	127	0
128	75,6	128	0
129	75,6	129	0
130	75,6	130	0
131	75,6	131	0
132	75,6	132	0
133	75,6	133	0
134	75,6	134	0
135	75,6	135	0
136	75,6	136	0
137	75,6	137	0
138	75,6	138	0
139	75,6	139	0
140	75,6	140	0
141	75,6	141	0
142	75,6	142	0
143	75,5	143	0
144	75,5	144	0
145	75,5	145	0
146	75,5	146	0
147	75,5	147	0
148	75,5	148	0
149	75,5	149	0
150	75,5	150	0
151	75,5	151	0
152	75,5	152	0
153	75,5	153	0
154	75,5	154	0
155	75,5	155	0
156	75,5	156	0
157	75,5	157	0
158	75,5	158	0
159	75,5	159	0
160	75,5	160	0
161	75,5	161	0
162	75,5	162	0
163	75,4	163	0
164	75,4	164	0
165	75,4	165	0
166	75,4	166	0
167	75,4	167	0
168	75,4	168	0
169	75,4	169	0
170	75,4	170	0
171	75,4	171	0
172	75,4	172	0
173	75,4	173	0
174	75,4	174	0
175	75,3	175	0
176	75,3	176	0
177	75,3	177	0
178	75,3	178	0
179	75,3	179	0
180	75,3	180	0
181	75,3	181	0
182	75,3	182	0
183	75,3	183	0
184	75,3	184	0
185	75,3	185	0
186	75,3	186	0
187	75,3	187	0
188	75,3	188	0
189	75,3	189	0
190	75,1	190	0
191	75,1	191	0
192	75,1	192	0
193	75,1	193	0
194	75,1	194	0
195	75,1	195	0
196	75,1	196	0
197	75,1	197	0
198	75,1	198	0
199	75,1	199	0
200	75,1	200	0
201	75,1	201	0
202	75,1	202	0
203	75,1	203	0
204	75,1	204	0
205	75	205	0
206	75	206	0
207	75	207	0
208	75	208	0
209	75	209	0
210	75	210	0
211	75	211	0
212	75	212	0
213	75	213	0
214	75	214	0
215	75	215	0
216	75	216	0
217	75	217	0
218	75	218	0
219	75	219	0
220	75	220	0
221	75	221	0
222	75	222	0
223	75	223	0
224	75	224	0
225	75	225	0
226	75	226	0
227	75	227	0
228	75	228	0
229	75	229	0
230	75	230	0
231	74,9	231	0
232	74,9	232	0
233	74,9	233	0
234	74,9	234	0
235	74,9	235	0
236	74,9	236	0
237	74,9	237	0
238	74,9	238	0
239	74,9	239	0
240	74,8	240	0
241	74,8	241	0
242	74,8	242	0
243	74,8	243	0
244	74,8	244	0
245	74,8	245	0
246	74,8	246	0
247	74,8	247	0
248	74,8	248	0
249	74,6	249	0
250	74,6	250	0
251	74,6	251	0
252	74,6	252	0
253	74,6	253	0
254	74,6	254	0
255	74,6	255	0
256	74,6	256	0
257	74,6	257	0
258	74,6	258	0
259	74,5	259	0
260	74,5	260	0
261	74,5	261	0
262	74,5	262	0
263	74,5	263	0
264	74,5	264	0
265	74,5	265	0
266	74,5	266	0
267	74,5	267	0
268	74,5	268	0
269	74,5	269	0
270	74,5	270	0
271	74,5	271	0
272	74,5	272	0
273	74,5	273	0
274	74,5	274	0
275	74,5	275	0
276	74,5	276	0
277	74,5	277	0
278	74,5	278	0
279	74,5	279	0
280	74,4	280	0
281	74,4	281	0
282	74,4	282	0
283	74,4	283	0
284	74,4	284	0
285	74,4	285	0
286	74,4	286	0
287	74,4	287	0
288	74,3	288	0
289	74,3	289	0
290	74,3	290	0
291	74,3	291	0
292	74,3	292	0
293	74,3	293	0
294	74,3	294	0
295	74,1	295	0
296	74,1	296	0
297	74,1	297	0
298	74,1	298	0
299	74,1	299	0
300	74,1	300	0
301	74,1	301	0
302	74,1	302	0
303	74,1	303	0
304	74,1	304	0
305	74,1	305	0
306	74,1	306	0
307	74,1	307	0
308	74,1	308	0
309	74,1	309	0
310	74,1	310	0
311	74,1	311	0
312	74,1	312	0
313	74	313	0
314	74	314	0
315	74,1	315	0
316	74	316	0
317	74	317	0
318	74	318	0
319	74	319	0
320	74	320	0
321	74	321	0
322	74	322	0
323	74	323	0
324	74	324	0
325	74	325	0
326	74	326	0
327	74	327	0
328	73,9	328	0
329	73,9	329	0
330	73,9	330	0
331	73,9	331	0
332	73,9	332	0
333	73,9	333	0
334	73,9	334	0
335	73,9	335	0
336	73,8	336	0
337	73,8	337	0
338	73,8	338	0
339	73,8	339	0
340	73,8	340	0
341	73,8	341	0
342	73,8	342	0
343	73,8	343	0
344	73,8	344	0
345	73,8	345	0
346	73,8	346	0
347	73,6	347	0
348	73,6	348	0
349	73,6	349	0
350	73,6	350	0
351	73,6	351	0
352	73,6	352	0
353	73,6	353	0
354	73,6	354	0
355	73,6	355	0
356	73,6	356	0
357	73,6	357	0
358	73,6	358	0
359	73,6	359	0
360	73,5	360	0
361	73,5	361	0
362	73,5	362	0
363	73,5	363	0
364	73,5	364	0
365	73,5	365	0
366	73,5	366	0
367	73,5	367	0
368	73,5	368	0
369	73,5	369	0
370	73,5	370	0
371	73,5	371	0
372	73,5	372	0
373	73,5	373	0
374	73,5	374	0
375	73,5	375	0
376	73,5	376	0
377	73,5	377	0
378	73,5	378	0
379	73,5	379	0
380	73,5	380	0
381	73,4	381	0
382	73,5	382	0
383	73,4	383	0
384	73,4	384	0
385	73,4	385	0
386	73,4	386	0
387	73,4	387	0
388	73,4	388	0
389	73,4	389	0
390	73,4	390	0
391	73,4	391	0
392	73,3	392	0
393	73,3	393	0
394	73,3	394	0
395	73,3	395	0
396	73,3	396	0
397	73,3	397	0
398	73,3	398	0
399	73,3	399	0
400	73,3	400	0
401	73,3	401	0
402	73,3	402	0
403	73,1	403	0
404	73,1	404	0
405	73,1	405	0
406	73,1	406	0
407	73,1	407	0
408	73,1	408	0
409	73,1	409	0
410	73,1	410	0
411	73,1	411	0
412	73,1	412	0
413	73,1	413	0
414	73,1	414	0
415	73,1	415	0
416	73,1	416	0
417	73,1	417	0
418	73,1	418	0
419	73,1	419	0
420	73,1	420	0
421	73,1	421	0
422	73,1	422	0
423	73,1	423	0
424	73,1	424	0
425	73,1	425	0
426	73,1	426	0
427	73,1	427	0
428	73,1	428	0
429	73,1	429	0
430	73,1	430	0
431	73,1	431	0
432	73,1	432	0
433	73,1	433	0
434	73,1	434	0
435	73,1	435	0
436	73,1	436	0
437	73,1	437	0
438	73,1	438	0
439	73,1	439	0
440	73,1	440	0
441	73,1	441	0
442	73,1	442	0
443	73,1	443	0
444	73,1	444	0
445	73,3	445	0
446	73,3	446	0
447	73,3	447	0
448	73,3	448	0
449	73,3	449	0
450	73,3	450	0
451	73,3	451	0
452	73,4	452	0
453	73,4	453	0
454	73,4	454	0
455	73,4	455	0
456	73,4	456	0
457	73,5	457	0
458	73,5	458	0
459	73,5	459	0
460	73,5	460	0
461	73,5	461	0
462	73,5	462	0
463	73,5	463	0
464	73,5	464	0
465	73,5	465	0
466	73,5	466	0
467	73,5	467	0
468	73,5	468	0
469	73,6	469	0
470	73,6	470	0
471	73,6	471	0
472	73,6	472	0
473	73,8	473	0
474	73,8	474	0
475	73,8	475	0
476	73,9	476	0
477	73,9	477	0
478	73,9	478	0
479	74	479	0
480	74	480	0
481	74	481	0
482	74	482	0
483	74,1	483	0
484	74,1	484	0
485	74,1	485	0
486	74,3	486	0
487	74,3	487	0
488	74,4	488	0
489	74,5	489	0
490	74,5	490	0
491	74,5	491	0
492	74,5	492	0
493	74,6	493	0
494	74,6	494	0
495	74,8	495	0
496	74,9	496	0
497	74,9	497	0
498	75	498	0
499	75	499	0
500	75	500	0
501	75,1	501	0
502	75,3	502	0
503	75,3	503	0
504	75,4	504	0
505	75,5	505	0
506	75,5	506	0
507	75,5	507	0
508	75,6	508	0
509	75,6	509	0
510	75,8	510	0
511	75,9	511	0
512	76	512	0
513	76	513	0
514	76	514	0
515	76,1	515	0
516	76,3	516	0
517	76,4	517	0
518	76,4	518	0
519	76,5	519	0
520	76,5	520	0
521	76,5	521	0
522	76,6	522	0
523	76,8	523	0
524	76,9	524	0
525	76,9	525	0
526	77	526	0
527	77	527	0
528	77	528	0
529	77,1	529	0
530	77,1	530	0
531	77,3	531	0
532	77,4	532	0
533	77,4	533	0
534	77,5	534	0
535	77,5	535	0
536	77,5	536	0
537	77,5	537	0
538	77,6	538	0
539	77,8	539	0
540	77,8	540	0
541	77,9	541	0
542	78	542	0
543	78	543	0
544	78	544	0
545	78,1	545	0
546	78,1	546	0
547	78,3	547	0
548	78,4	548	0
549	78,4	549	0
550	78,5	550	0
551	78,5	551	0
552	78,5	552	0
553	78,5	553	0
554	78,6	554	0
555	78,6	555	0
556	78,8	556	0
557	78,8	557	0
558	78,9	558	0
559	79	559	0
560	79	560	0
561	79	561	0
562	79	562	0
563	79,1	563	0
564	79,3	564	0
565	79,4	565	0
566	79,5	566	0
567	79,5	567	0
568	79,5	568	0
569	79,6	569	0
570	79,8	570	0
571	79,9	571	1
572	80	572	1
573	80	573	1
574	80,1	574	2
575	80,3	575	2
576	80,4	576	1
577	80,5	577	1
578	80,5	578	1
579	80,6	579	1
580	80,8	580	2
581	80,9	581	3
582	81	582	2
583	81	583	2
584	81,1	584	2
585	81,4	585	3
586	81,5	586	3
587	81,5	587	3
588	81,6	588	3
589	81,8	589	3
590	82	590	4
591	82	591	4
592	82,1	592	4
593	82,3	593	4
594	82,4	594	4
595	82,5	595	4
596	82,5	596	5
597	82,6	597	5
598	82,8	598	4
599	82,9	599	5
600	83	600	4
601	83	601	4
602	83,1	602	4
603	83,3	603	6
604	83,4	604	5
605	83,5	605	5
606	83,5	606	4
607	83,6	607	4
608	83,8	608	5
609	83,8	609	5
610	83,9	610	5
611	84	611	6
612	84	612	6
613	84,1	613	7
614	84,3	614	7
615	84,4	615	6
616	84,5	616	6
617	84,5	617	6
618	84,6	618	7
619	84,8	619	7
620	84,9	620	6
621	85	621	7
622	85	622	7
623	85	623	7
624	85,1	624	7
625	85,3	625	7
626	85,4	626	8
627	85,5	627	8
628	85,5	628	8
629	85,6	629	8
630	85,8	630	8
631	85,8	631	8
632	85,9	632	8
633	86	633	8
634	86	634	8
635	86,1	635	8
636	86,3	636	8
637	86,4	637	9
638	86,5	638	9
639	86,5	639	9
640	86,6	640	9
641	86,8	641	10
642	86,9	642	10
643	86,9	643	10
644	87	644	10
645	87	645	10
646	87,1	646	9
647	87,1	647	9
648	87,3	648	11
649	87,4	649	11
650	87,5	650	11
651	87,5	651	11
652	87,5	652	11
653	87,6	653	11
654	87,8	654	11
655	87,9	655	11
656	88	656	10
657	88	657	11
658	88	658	12
659	88,1	659	12
660	88,3	660	12
661	88,4	661	12
662	88,5	662	12
663	88,5	663	13
664	88,5	664	13
665	88,6	665	12
666	88,6	666	13
667	88,8	667	13
668	88,9	668	13
669	88,9	669	13
670	89	670	13
671	89	671	13
672	89	672	13
673	89,1	673	14
674	89,3	674	15
675	89,3	675	15
676	89,4	676	14
677	89,5	677	15
678	89,5	678	15
679	89,5	679	15
680	89,6	680	15
681	89,8	681	15
682	89,8	682	15
683	89,9	683	15
684	90	684	16
685	90	685	15
686	90	686	16
687	90,1	687	16
688	90,3	688	15
689	90,4	689	15
690	90,4	690	16
691	90,5	691	17
692	90,5	692	16
693	90,5	693	17
694	90,6	694	18
695	90,6	695	17
696	90,8	696	17
697	90,9	697	17
698	90,9	698	17
699	91	699	17
700	91	700	17
701	91,1	701	16
702	91,1	702	18
703	91,3	703	18
704	91,4	704	18
705	91,5	705	19
706	91,5	706	19
707	91,5	707	19
708	91,6	708	19
709	91,6	709	19
710	91,8	710	19
711	91,9	711	19
712	92	712	19
713	92	713	19
714	92	714	19
715	92,1	715	19
716	92,1	716	19
717	92,3	717	20
718	92,4	718	20
719	92,4	719	20
720	92,5	720	21
721	92,5	721	20
722	92,5	722	21
723	92,5	723	20
724	92,6	724	22
725	92,6	725	22
726	92,8	726	21
727	92,9	727	22
728	92,9	728	22
729	93	729	22
730	93	730	23
731	93	731	23
732	93	732	23
733	93,1	733	23
734	93,3	734	22
735	93,3	735	23
736	93,4	736	23
737	93,4	737	23
738	93,5	738	23
739	93,5	739	23
740	93,5	740	23
741	93,6	741	23
742	93,8	742	24
743	93,8	743	24
744	93,9	744	24
745	94	745	25
746	94	746	24
747	94	747	24
748	94,1	748	24
749	94,1	749	26
750	94,3	750	26
751	94,4	751	25
752	94,4	752	24
753	94,5	753	25
754	94,5	754	26
755	94,5	755	26
756	94,6	756	26
757	94,8	757	26
758	94,8	758	27
759	94,9	759	27
760	94,9	760	26
761	95	761	27
762	95	762	27
763	95	763	28
764	95,1	764	27
765	95,1	765	27
766	95,3	766	28
767	95,4	767	29
768	95,4	768	28
769	95,5	769	27
770	95,5	770	27
771	95,5	771	28
772	95,6	772	29
773	95,6	773	28
774	95,8	774	29
775	95,9	775	29
776	95,9	776	29
777	96	777	30
778	96	778	29
779	96	779	29
780	96,1	780	30
781	96,3	781	31
782	96,3	782	31
783	96,4	783	31
784	96,4	784	32
785	96,5	785	31
786	96,5	786	31
787	96,5	787	31
788	96,6	788	31
789	96,8	789	30
790	96,8	790	31
791	96,9	791	31
792	97	792	32
793	97	793	32
794	97	794	32
795	97,1	795	32
796	97,1	796	32
797	97,3	797	33
798	97,4	798	33
799	97,5	799	33
800	97,5	800	34
801	97,5	801	33
802	97,6	802	33
803	97,6	803	34
804	97,8	804	34
805	97,9	805	34
806	98	806	34
807	98	807	34
808	98	808	35
809	98,1	809	35
810	98,1	810	34
811	98,3	811	34
812	98,4	812	34
813	98,4	813	34
814	98,5	814	34
815	98,5	815	35
816	98,6	816	36
817	98,6	817	36
818	98,8	818	36
819	98,9	819	37
820	98,9	820	36
821	99	821	37
822	99	822	37
823	99	823	37
824	99,1	824	37
825	99,1	825	37
826	99,3	826	37
827	99,3	827	38
828	99,4	828	38
829	99,5	829	39
830	99,5	830	39
831	99,5	831	39
832	99,6	832	39
833	99,6	833	39
834	99,8	834	39
835	99,8	835	39
836	99,9	836	39
837	99,9	837	40
838	99,9	838	40
839	100	839	40
840	100	840	40
841	100	841	40
842	100,1	842	41
843	100,3	843	41
844	100,3	844	40
845	100,4	845	41
846	100,5	846	41
847	100,5	847	41
848	100,5	848	41
849	100,5	849	42
850	100,6	850	42
851	100,6	851	42
852	100,8	852	43
853	100,9	853	43
854	100,9	854	43
855	101	855	43
856	101	856	43
857	101	857	43
858	101	858	44
859	101,1	859	44
860	101,1	860	44
861	101,3	861	45
862	101,3	862	44
863	101,4	863	45
864	101,4	864	45
865	101,5	865	45
866	101,5	866	45
867	101,5	867	45
868	101,6	868	45
869	101,6	869	46
870	101,8	870	46
871	101,8	871	46
872	101,9	872	46
873	101,9	873	46
874	102	874	47
875	102	875	48
876	102	876	47
877	102,1	877	48
878	102,3	878	48
879	102,3	879	48
880	102,4	880	48
881	102,4	881	48
882	102,5	882	48
883	102,5	883	49
884	102,5	884	49
885	102,5	885	49
886	102,6	886	49
887	102,6	887	49
888	102,8	888	49
889	102,9	889	50
890	102,9	890	50
891	102,9	891	50
892	103	892	51
893	103	893	51
894	103	894	51
895	103	895	50
896	103,1	896	51
897	103,1	897	51
898	103,1	898	52
899	103,3	899	52
900	103,4	900	53
901	103,5	901	53
902	103,5	902	52
903	103,5	903	52
904	103,6	904	52
905	103,8	905	53
906	103,9	906	54
907	104	907	54
908	104	908	54
909	104,1	909	54
910	104,3	910	54
911	104,3	911	54
912	104,4	912	54
913	104,5	913	54
914	104,5	914	55
915	104,6	915	55
916	104,6	916	55
917	104,8	917	56
918	104,9	918	56
919	104,9	919	56
920	105	920	56
921	105	921	56
922	105	922	56
923	105,1	923	57
924	105,1	924	57
925	105,3	925	57
926	105,3	926	58
927	105,4	927	59
928	105,5	928	59
929	105,5	929	58
930	105,5	930	58
931	105,6	931	58
932	105,6	932	58
933	105,8	933	58
934	105,9	934	59
935	105,9	935	59
936	106	936	59
937	106	937	59
938	106,1	938	60
939	106,1	939	61
940	106,3	940	60
941	106,3	941	60
942	106,4	942	60
943	106,5	943	60
944	106,5	944	60
945	106,5	945	61
946	106,5	946	61
947	106,6	947	61
948	106,6	948	62
949	106,8	949	62
950	106,8	950	61
951	106,9	951	62
952	106,9	952	62
953	107	953	62
954	107	954	63
955	107	955	63
956	107	956	64
957	107,1	957	64
958	107,1	958	63
959	107,3	959	63
960	107,4	960	64
961	107,4	961	64
962	107,5	962	65
963	107,5	963	65
964	107,5	964	65
965	107,6	965	65
966	107,8	966	66
967	107,8	967	66
968	107,9	968	66
969	108	969	66
970	108	970	67
971	108	971	66
972	108,1	972	66
973	108,3	973	67
974	108,4	974	68
975	108,4	975	67
976	108,5	976	67
977	108,5	977	68
978	108,5	978	68
979	108,6	979	68
980	108,6	980	69
981	108,6	981	69
982	108,8	982	69
983	108,8	983	69
984	108,9	984	69
985	108,9	985	70
986	109	986	70
987	109	987	70
988	109	988	70
989	109	989	71
990	109,1	990	71
991	109,1	991	71
992	109,3	992	71
993	109,3	993	71
994	109,4	994	71
995	109,4	995	72
996	109,5	996	72
997	109,5	997	72
998	109,5	998	72
999	109,5	999	73
1000	109,6	1000	73
1001	109,8	1001	73
1002	109,8	1002	74
1003	109,9	1003	74
1004	109,9	1004	74
1005	110	1005	74
1006	110	1006	74
1007	110	1007	75
1008	110,1	1008	75
1009	110,3	1009	76
1010	110,3	1010	76
1011	110,4	1011	76
1012	110,4	1012	76
1013	110,5	1013	77
1014	110,5	1014	76
1015	110,5	1015	76
1016	110,6	1016	77
1017	110,8	1017	77
1018	110,8	1018	77
1019	110,9	1019	78
1020	111	1020	78
1021	111	1021	78
1022	111	1022	79
1023	111,1	1023	79
1024	111,1	1024	80
1025	111,3	1025	80
1026	111,4	1026	80
1027	111,5	1027	80
1028	111,5	1028	80
1029	111,5	1029	80
1030	111,6	1030	81
1031	111,8	1031	81
1032	111,9	1032	81
1033	111,9	1033	80
1034	112	1034	81
1035	112	1035	81
1036	112	1036	82
1037	112,1	1037	82
1038	112,3	1038	83
1039	112,3	1039	83
1040	112,4	1040	83
1041	112,4	1041	83
1042	112,5	1042	84
1043	112,5	1043	84
1044	112,5	1044	84
1045	112,5	1045	84
1046	112,5	1046	85
1047	112,5	1047	85
1048	112,6	1048	85
1049	112,6	1049	85
1050	112,6	1050	86
1051	112,8	1051	86
1052	112,8	1052	86
1053	112,9	1053	87
1054	112,9	1054	87
1055	113	1055	87
1056	113	1056	87
1057	113	1057	88
1058	113	1058	87
1059	113,1	1059	88
1060	113,3	1060	88
1061	113,3	1061	88
1062	113,4	1062	88
1063	113,4	1063	89
1064	113,5	1064	89
1065	113,5	1065	88
1066	113,6	1066	88
1067	113,6	1067	89
1068	113,8	1068	89
1069	113,9	1069	89
1070	113,9	1070	89
1071	114	1071	90
1072	114	1072	91
1073	114	1073	91
1074	114,1	1074	91
1075	114,1	1075	91
1076	114,3	1076	90
1077	114,3	1077	90
1078	114,4	1078	91
1079	114,4	1079	91
1080	114,5	1080	91
1081	114,5	1081	92
1082	114,5	1082	92
1083	114,5	1083	92
1084	114,6	1084	92
1085	114,6	1085	92
1086	114,6	1086	92
1087	114,8	1087	92
1088	114,8	1088	93
1089	114,9	1089	93
1090	114,9	1090	93
1091	114,9	1091	93
1092	115	1092	94
1093	115	1093	94
1094	115	1094	94
1095	115	1095	94
1096	115	1096	94
1097	115,1	1097	94
1098	115,1	1098	94
1099	115,1	1099	94
1100	115,3	1100	94
1101	115,3	1101	95
1102	115,4	1102	96
1103	115,5	1103	96
1104	115,5	1104	95
1105	115,5	1105	95
1106	115,6	1106	94
1107	115,6	1107	95
1108	115,8	1108	95
1109	115,9	1109	95
1110	115,9	1110	96
1111	116	1111	97
1112	116	1112	96
1113	116	1113	96
1114	116	1114	96
1115	116,1	1115	96
1116	116,1	1116	96
1117	116,1	1117	95
1118	116,3	1118	96
1119	116,3	1119	97
1120	116,3	1120	98
1121	116,4	1121	98
1122	116,4	1122	98
1123	116,4	1123	98
1124	116,4	1124	98
1125	116,4	1125	97
1126	116,5	1126	97
1127	116,5	1127	96
1128	116,5	1128	96
1129	116,5	1129	96
1130	116,5	1130	98
1131	116,5	1131	98
1132	116,6	1132	98
1133	116,6	1133	99
1134	116,6	1134	98
1135	116,8	1135	98
1136	116,8	1136	99
1137	116,8	1137	98
1138	116,8	1138	97
1139	116,8	1139	98
1140	116,9	1140	99
1141	116,9	1141	100
1142	116,9	1142	100
1143	116,9	1143	100
1144	116,9	1144	99
1145	116,9	1145	99
1146	117	1146	99
1147	117	1147	99
1148	117	1148	99
1149	117	1149	100
1150	117	1150	100
1151	117	1151	100
1152	117,1	1152	100
1153	117,1	1153	100
1154	117,1	1154	100
1155	117,1	1155	100
1156	117,3	1156	99
1157	117,3	1157	100
1158	117,3	1158	99
1159	117,4	1159	99
1160	117,4	1160	101
1161	117,4	1161	101
1162	117,4	1162	101
1163	117,5	1163	101
1164	117,5	1164	101
1165	117,5	1165	101
1166	117,5	1166	100
1167	117,5	1167	101
1168	117,5	1168	101
1169	117,5	1169	102
1170	117,5	1170	101
1171	117,5	1171	101
1172	117,5	1172	101
1173	117,6	1173	101
1174	117,6	1174	101
1175	117,6	1175	101
1176	117,6	1176	101
1177	117,6	1177	101
1178	117,8	1178	102
1179	117,8	1179	102
1180	117,8	1180	102
1181	117,8	1181	103
1182	117,8	1182	103
1183	117,8	1183	102
1184	117,9	1184	103
1185	117,9	1185	102
1186	117,9	1186	101
1187	117,9	1187	102
1188	118	1188	102
1189	118	1189	102
1190	118	1190	102
1191	118	1191	103
1192	118	1192	103
1193	118	1193	104
1194	118	1194	103
1195	118,1	1195	103
1196	118,1	1196	103
1197	118,3	1197	104
1198	118,3	1198	103
1199	118,4	1199	104
1200	118,4	1200	104
1201	118,4	1201	104
1202	118,4	1202	104
1203	118,5	1203	104
1204	118,5	1204	104
1205	118,5	1205	104
1206	118,5	1206	104
1207	118,5	1207	104
1208	118,5	1208	103
1209	118,6	1209	103
1210	118,6	1210	104
1211	118,6	1211	105
1212	118,6	1212	105
1213	118,6	1213	104
1214	118,6	1214	105
1215	118,6	1215	105
1216	118,6	1216	104
1217	118,6	1217	104
1218	118,6	1218	104
1219	118,6	1219	104
1220	118,8	1220	104
1221	118,8	1221	105
1222	118,8	1222	105
1223	118,8	1223	104
1224	118,8	1224	104
1225	118,8	1225	105
1226	118,8	1226	105
1227	118,8	1227	105
1228	118,8	1228	104
1229	118,8	1229	104
1230	118,8	1230	105
1231	118,8	1231	105
1232	118,8	1232	105
1233	118,8	1233	105
1234	118,8	1234	104
1235	118,8	1235	105
1236	118,9	1236	105
1237	118,9	1237	104
1238	118,9	1238	105
1239	118,9	1239	105
1240	118,9	1240	106
1241	118,9	1241	106
1242	118,9	1242	106
1243	119	1243	107
1244	119	1244	107
1245	119	1245	107
1246	119	1246	106
1247	119	1247	106
1248	119	1248	105
1249	119	1249	105
1250	119,1	1250	106
1251	119,1	1251	107
1252	119,1	1252	107
1253	119,1	1253	107
1254	119,1	1254	106
1255	119,3	1255	106
1256	119,3	1256	106
1257	119,3	1257	106
1258	119,3	1258	106
1259	119,3	1259	106
1260	119,3	1260	107
1261	119,3	1261	108
1262	119,4	1262	108
1263	119,4	1263	108
1264	119,4	1264	108
1265	119,4	1265	107
1266	119,4	1266	107
1267	119,4	1267	106
1268	119,4	1268	107
1269	119,4	1269	107
1270	119,4	1270	107
1271	119,5	1271	108
1272	119,5	1272	108
1273	119,5	1273	108
1274	119,5	1274	108
1275	119,5	1275	108
1276	119,5	1276	108
1277	119,6	1277	107
1278	119,6	1278	107
1279	119,6	1279	108
1280	119,6	1280	109
1281	119,6	1281	108
1282	119,8	1282	108
1283	119,8	1283	109
1284	119,8	1284	108
1285	119,8	1285	108
1286	119,8	1286	107
1287	119,8	1287	107
1288	119,8	1288	107
1289	119,8	1289	109
1290	119,9	1290	109
1291	119,9	1291	109
1292	119,9	1292	109
1293	119,9	1293	108
1294	119,8	1294	108
1295	119,8	1295	109
1296	119,8	1296	108
1297	119,8	1297	108
1298	119,8	1298	107
1299	119,8	1299	108
1300	119,8	1300	108
1301	119,8	1301	109
1302	119,8	1302	110
1303	119,8	1303	110
1304	119,8	1304	109
1305	119,8	1305	109
1306	119,9	1306	109
1307	119,9	1307	108
1308	119,9	1308	108
1309	119,9	1309	109
1310	119,9	1310	110
1311	119,9	1311	109
1312	119,9	1312	109
1313	119,9	1313	109
1314	119,9	1314	110
1315	119,9	1315	109
1316	119,9	1316	109
1317	119,9	1317	108
1318	119,9	1318	108
1319	119,9	1319	110
1320	119,9	1320	110
1321	119,9	1321	110
1322	119,9	1322	110
1323	119,9	1323	110
1324	119,9	1324	110
1325	119,9	1325	110
1326	119,9	1326	109
1327	119,9	1327	109
1328	120	1328	109
1329	120	1329	109
1330	120	1330	110
1331	120	1331	110
1332	120	1332	110
1333	120	1333	110
1334	120	1334	110
1335	120	1335	110
1336	120	1336	109
1337	120,1	1337	109
1338	120,1	1338	108
1339	120,1	1339	109
1340	120,1	1340	109
1341	120,1	1341	110
1342	120,3	1342	110
1343	120,3	1343	110
1344	120,3	1344	111
1345	120,3	1345	111
1346	120,3	1346	110
1347	120,3	1347	110
1348	120,3	1348	109
1349	120,3	1349	110
1350	120,4	1350	110
1351	120,4	1351	111
1352	120,4	1352	110
1353	120,4	1353	110
1354	120,3	1354	110
1355	120,3	1355	110
1356	120,3	1356	110
1357	120,4	1357	110
1358	120,3	1358	110
1359	120,4	1359	110
1360	120,4	1360	110
1361	120,4	1361	111
1362	120,4	1362	111
1363	120,4	1363	110
1364	120,4	1364	110
1365	120,4	1365	110
1366	120,4	1366	110
1367	120,4	1367	110
1368	120,4	1368	109
1369	120,4	1369	110
1370	120,4	1370	111
1371	120,4	1371	110
1372	120,4	1372	110
1373	120,4	1373	111
1374	120,5	1374	111
1375	120,5	1375	111
1376	120,5	1376	111
1377	120,5	1377	110
1378	120,5	1378	110
1379	120,5	1379	110
1380	120,5	1380	111
1381	120,5	1381	111
1382	120,5	1382	110
1383	120,5	1383	111
1384	120,5	1384	110
1385	120,5	1385	110
1386	120,5	1386	110
1387	120,5	1387	109
1388	120,5	1388	109
1389	120,5	1389	110
1390	120,5	1390	111
1391	120,5	1391	111
1392	120,5	1392	111
1393	120,5	1393	110
1394	120,5	1394	111
1395	120,5	1395	110
1396	120,5	1396	110
1397	120,5	1397	110
1398	120,5	1398	111
1399	120,5	1399	111
1400	120,5	1400	111
1401	120,5	1401	110
1402	120,5	1402	110
1403	120,5	1403	111
1404	120,5	1404	110
1405	120,5	1405	110
1406	120,5	1406	110
1407	120,5	1407	109
1408	120,5	1408	109
1409	120,5	1409	110
1410	120,5	1410	111
1411	120,5	1411	110
1412	120,6	1412	111
1413	120,6	1413	112
1414	120,6	1414	112
1415	120,6	1415	111
1416	120,6	1416	110
1417	120,6	1417	110
1418	120,6	1418	110
1419	120,6	1419	111
1420	120,6	1420	111
1421	120,6	1421	111
1422	120,6	1422	111
1423	120,5	1423	111
1424	120,5	1424	111
1425	120,5	1425	110
1426	120,5	1426	110
1427	120,5	1427	110
1428	120,5	1428	110
1429	120,5	1429	111
1430	120,5	1430	111
1431	120,5	1431	111
1432	120,5	1432	111
1433	120,5	1433	111
1434	120,6	1434	111
1435	120,6	1435	110
1436	120,6	1436	109
1437	120,6	1437	109
1438	120,6	1438	111
1439	120,6	1439	111
1440	120,6	1440	111
1441	120,8	1441	111
1442	120,8	1442	111
1443	120,8	1443	111
1444	120,8	1444	111
1445	120,8	1445	112
1446	120,8	1446	111
1447	120,8	1447	110
1448	120,8	1448	111
1449	120,8	1449	111
1450	120,8	1450	111
1451	120,8	1451	110
1452	120,8	1452	111
1453	120,8	1453	111
1454	120,8	1454	111
1455	120,8	1455	111
1456	120,8	1456	110
1457	120,8	1457	110
1458	120,8	1458	111
1459	120,9	1459	112
1460	120,9	1460	111
1461	120,9	1461	110
1462	120,9	1462	111
1463	120,9	1463	111
1464	120,9	1464	110
1465	120,9	1465	111
1466	120,9	1466	111
1467	120,9	1467	111
1468	120,9	1468	111
1469	120,9	1469	112
1470	120,9	1470	112
1471	120,9	1471	111
1472	120,9	1472	111
1473	120,9	1473	111
1474	120,9	1474	111
1475	120,9	1475	111
1476	120,9	1476	111
1477	120,9	1477	110
1478	120,9	1478	110
1479	120,9	1479	111
1480	120,9	1480	112
1481	120,9	1481	112
1482	120,9	1482	111
1483	120,9	1483	111
1484	120,9	1484	111
1485	120,9	1485	111
1486	120,9	1486	110
1487	120,9	1487	110
1488	120,9	1488	111
1489	120,9	1489	111
1490	120,9	1490	112
1491	120,9	1491	111
1492	120,9	1492	111
1493	120,9	1493	111
1494	120,9	1494	111
1495	120,9	1495	111
1496	120,9	1496	111
1497	120,9	1497	111
1498	120,9	1498	111
1499	120,9	1499	111
1500	120,9	1500	112
1501	120,9	1501	112
1502	121	1502	112
1503	121	1503	112
1504	121	1504	111
1505	121	1505	112
1506	121	1506	111
1507	121	1507	111
1508	121	1508	111
1509	121	1509	111
1510	121	1510	111
1511	121	1511	111
1512	121	1512	112
1513	121	1513	112
1514	121	1514	112
1515	121	1515	113
1516	121	1516	112
1517	121	1517	110
1518	121	1518	110
1519	121,1	1519	112
1520	121	1520	113
1521	121	1521	112
1522	121	1522	112
1523	121	1523	111
1524	121	1524	111
1525	121	1525	111
1526	121	1526	111
1527	121	1527	111
1528	121,1	1528	110
1529	121	1529	111
1530	121	1530	112
1531	121	1531	111
1532	121	1532	111
1533	121	1533	111
1534	121	1534	111
1535	121	1535	111
1536	121	1536	111
1537	121	1537	110
1538	121	1538	111
1539	121	1539	111
1540	121	1540	111
1541	121	1541	112
1542	121	1542	112
1543	121	1543	111
1544	121	1544	111
1545	121	1545	110
1546	121	1546	110
1547	121	1547	111
1548	121	1548	111
1549	121	1549	112
1550	121	1550	112
1551	121	1551	112
1552	121	1552	112
1553	121	1553	112
1554	121	1554	112
1555	121,1	1555	111
1556	121,1	1556	111
1557	121,1	1557	111
1558	121,1	1558	111
1559	121,1	1559	111
1560	121,1	1560	111
1561	121	1561	111
1562	121	1562	111
1563	121	1563	111
1564	121	1564	111
1565	121	1565	111
1566	121	1566	111
1567	121	1567	111
1568	121	1568	111
1569	121	1569	111
1570	121	1570	112
1571	121	1571	112
1572	121	1572	111
1573	121	1573	111
1574	121	1574	111
1575	121	1575	111
1576	121	1576	111
1577	121	1577	111
1578	121	1578	111
1579	121	1579	110
1580	121	1580	111
1581	121	1581	111
1582	121	1582	111
1583	121	1583	112
1584	121	1584	112
1585	121	1585	112
1586	121	1586	111
1587	121	1587	111
1588	121	1588	111
1589	121	1589	111
1590	121	1590	111
1591	121	1591	111
1592	121	1592	111
1593	121	1593	112
1594	121	1594	112
1595	121	1595	111
1596	121	1596	111
1597	121	1597	110
1598	121	1598	110
1599	121	1599	110
1600	121	1600	111
1601	121	1601	111
1602	121	1602	111
1603	121	1603	111
1604	121	1604	112
1605	121	1605	111
1606	121	1606	111
1607	121	1607	110
1608	121	1608	110
1609	121	1609	111
1610	121	1610	112
1611	121	1611	111
1612	121	1612	112
1613	121	1613	112
1614	121,1	1614	111
1615	121	1615	111
1616	121	1616	110
1617	121	1617	111
1618	121	1618	111
1619	121	1619	110
1620	121	1620	111
1621	121	1621	112
1622	121	1622	112
1623	121	1623	112
1624	121	1624	112
1625	121	1625	111
1626	121	1626	111
1627	121	1627	111
1628	121	1628	111
1629	121	1629	112
1630	121	1630	111
1631	121	1631	111
1632	121	1632	111
1633	121	1633	111
1634	121	1634	112
1635	121	1635	112
1636	121	1636	112
1637	121	1637	111
1638	121	1638	111
1639	121	1639	111
1640	121	1640	111
1641	121	1641	111
1642	121,1	1642	111
1643	121,1	1643	111
1644	121,1	1644	111
1645	121,1	1645	111
1646	121,1	1646	111
1647	121,1	1647	111
1648	121,1	1648	110
1649	121,1	1649	111
1650	121,1	1650	111
1651	121,1	1651	112
1652	121,1	1652	112
1653	121,1	1653	112
1654	121,1	1654	112
1655	121,1	1655	111
1656	121,1	1656	111
1657	121,1	1657	111
1658	121,1	1658	110
1659	121,1	1659	110
1660	121,1	1660	112
1661	121,1	1661	112
1662	121,1	1662	112
1663	121,1	1663	111
1664	121,3	1664	112
1665	121,3	1665	112
1666	121,3	1666	113
1667	121,3	1667	112
1668	121,3	1668	110
1669	121,3	1669	110
1670	121,3	1670	111
1671	121,3	1671	111
1672	121,3	1672	112
1673	121,3	1673	112
1674	121,3	1674	112
1675	121,3	1675	111
1676	121,3	1676	111
1677	121,3	1677	110
1678	121,3	1678	110
1679	121,3	1679	111
1680	121,3	1680	112
1681	121,3	1681	112
1682	121,3	1682	112
1683	121,3	1683	112
1684	121,3	1684	112
1685	121,3	1685	111
1686	121,3	1686	111
1687	121,3	1687	111
1688	121,3	1688	111
1689	121,1	1689	110
1690	121,1	1690	112
1691	121,1	1691	113
1692	121,1	1692	112
1693	121,1	1693	112
1694	121,1	1694	112
1695	121,1	1695	111
1696	121,1	1696	111
1697	121,1	1697	111
1698	121,1	1698	110
1699	121,1	1699	111
1700	121,1	1700	111
1701	121,1	1701	111
1702	121,1	1702	111
1703	121,1	1703	111
1704	121,1	1704	111
1705	121,1	1705	111
1706	121,1	1706	111
1707	121,1	1707	111
1708	121,1	1708	110
1709	121,3	1709	111
1710	121,3	1710	112
1711	121,3	1711	112
1712	121,3	1712	111
1713	121,3	1713	111
1714	121,3	1714	112
1715	121,3	1715	112
1716	121,3	1716	111
1717	121,3	1717	110
1718	121,3	1718	111
1719	121,3	1719	111
1720	121,3	1720	112
1721	121,3	1721	112
1722	121,3	1722	112
1723	121,3	1723	112
1724	121,3	1724	112
1725	121,3	1725	112
1726	121,3	1726	112
1727	121,3	1727	111
1728	121,3	1728	112
1729	121,3	1729	112
1730	121,3	1730	112
1731	121,3	1731	111
1732	121,3	1732	111
1733	121,3	1733	111
1734	121,3	1734	111
1735	121,3	1735	111
1736	121,3	1736	111
1737	121,3	1737	111
1738	121,3	1738	111
1739	121,3	1739	112
1740	121,3	1740	112
1741	121,3	1741	111
1742	121,3	1742	112
1743	121,3	1743	111
1744	121,3	1744	112
1745	121,3	1745	112
1746	121,3	1746	112
1747	121,4	1747	111
1748	121,4	1748	110
1749	121,4	1749	111
1750	121,4	1750	112
1751	121,3	1751	112
1752	121,3	1752	112
1753	121,3	1753	112
1754	121,4	1754	112
1755	121,4	1755	112
1756	121,4	1756	111
1757	121,4	1757	110
1758	121,4	1758	111
1759	121,4	1759	112
1760	121,4	1760	112
1761	121,4	1761	111
1762	121,4	1762	111
1763	121,4	1763	111
1764	121,4	1764	111
1765	121,4	1765	111
1766	121,4	1766	111
1767	121,4	1767	111
1768	121,4	1768	110
1769	121,4	1769	111
1770	121,4	1770	111
1771	121,4	1771	112
1772	121,3	1772	111
1773	121,3	1773	111
1774	121,3	1774	111
1775	121,4	1775	111
1776	121,3	1776	110
1777	121,3	1777	110
1778	121,3	1778	109
1779	121,3	1779	110
1780	121,3	1780	111
1781	121,3	1781	111
1782	121,3	1782	111
1783	121,3	1783	112
1784	121,3	1784	111
1785	121,3	1785	111
1786	121,3	1786	110
1787	121,3	1787	110
1788	121,3	1788	110
1789	121,3	1789	110
1790	121,3	1790	110
1791	121,3	1791	110
1792	121,3	1792	111
1793	121,3	1793	112
1794	121,3	1794	112
1795	121,3	1795	110
1796	121,3	1796	110
1797	121,3	1797	109
1798	121,3	1798	110
1799	121,3	1799	111
1800	121,3	1800	111
1801	121,3	1801	111
1802	121,3	1802	111
1803	121,3	1803	110
1804	121,3	1804	110
1805	121,3	1805	111
1806	121,3	1806	110
1807	121,3	1807	110
1808	121,3	1808	110
1809	121,3	1809	110
1810	121,3	1810	110
1811	121,3	1811	111
1812	121,3	1812	111
1813	121,3	1813	111
1814	121,3	1814	111
1815	121,1	1815	111
1816	121,1	1816	111
1817	121,1	1817	110
1818	121,1	1818	111
1819	121,1	1819	111
1820	121,1	1820	110
1821	121,1	1821	111
1822	121,1	1822	111
1823	121,1	1823	111
1824	121,1	1824	111
1825	121,1	1825	111
1826	121,1	1826	111
1827	121,1	1827	110
1828	121,1	1828	110
1829	121,3	1829	110
1830	121,3	1830	110
1831	121,3	1831	110
1832	121,3	1832	110
1833	121,3	1833	110
1834	121,3	1834	111
1835	121,3	1835	112
1836	121,3	1836	111
1837	121,3	1837	110
1838	121,3	1838	110
1839	121,3	1839	110
1840	121,3	1840	110
1841	121,3	1841	111
1842	121,3	1842	111
1843	121,3	1843	111
1844	121,3	1844	110
1845	121,3	1845	110
1846	121,3	1846	111
1847	121,3	1847	111
1848	121,3	1848	110
1849	121,3	1849	111
1850	121,3	1850	111
1851	121,3	1851	111
1852	121,3	1852	111
1853	121,1	1853	111
1854	121,1	1854	111
1855	121,1	1855	111
1856	121,1	1856	110
1857	121,1	1857	110
1858	121,1	1858	110
1859	121,1	1859	110
1860	121,1	1860	109
1861	121,1	1861	110
1862	121,1	1862	110
1863	121,1	1863	110
1864	121,1	1864	111
1865	121,1	1865	112
1866	121,1	1866	112
1867	121,1	1867	111
1868	121,3	1868	111
1869	121,3	1869	111
1870	121,3	1870	111
1871	121,3	1871	111
1872	121,3	1872	111
1873	121,3	1873	111
1874	121,3	1874	111
1875	121,3	1875	110
1876	121,3	1876	110
1877	121,3	1877	110
1878	121,3	1878	110
1879	121,3	1879	110
1880	121,3	1880	110
1881	121,3	1881	111
1882	121,3	1882	111
1883	121,3	1883	112
1884	121,3	1884	111
1885	121,3	1885	110
1886	121,3	1886	110
1887	121,3	1887	110
1888	121,3	1888	111
1889	121,3	1889	111
1890	121,3	1890	111
1891	121,3	1891	111
1892	121,3	1892	111
1893	121,3	1893	111
1894	121,3	1894	111
1895	121,3	1895	110
1896	121,3	1896	111
1897	121,3	1897	111
1898	121,3	1898	110
1899	121,3	1899	110
1900	121,3	1900	111
1901	121,3	1901	110
1902	121,3	1902	111
1903	121,3	1903	111
1904	121,3	1904	111
1905	121,3	1905	111
1906	121,3	1906	111
1907	121,3	1907	110
1908	121,3	1908	110
1909	121,3	1909	110
1910	121,1	1910	110
1911	121,3	1911	112
1912	121,1	1912	111
1913	121,1	1913	110
1914	121,3	1914	110
1915	121,3	1915	110
1916	121,3	1916	110
1917	121,3	1917	110
1918	121,3	1918	111
1919	121,3	1919	111
1920	121,3	1920	111
1921	121,3	1921	111
1922	121,3	1922	111
1923	121,3	1923	111
1924	121,3	1924	111
1925	121,3	1925	111
1926	121,3	1926	111
1927	121,3	1927	111
1928	121,4	1928	110
1929	121,4	1929	110
1930	121,4	1930	111
1931	121,4	1931	111
1932	121,4	1932	111
1933	121,4	1933	111
1934	121,4	1934	111
1935	121,4	1935	111
1936	121,4	1936	110
1937	121,4	1937	110
1938	121,4	1938	110
1939	121,4	1939	110
1940	121,4	1940	110
1941	121,4	1941	109
1942	121,4	1942	110
1943	121,4	1943	111
1944	121,4	1944	111
1945	121,4	1945	110
1946	121,4	1946	110
1947	121,4	1947	110
1948	121,4	1948	110
1949	121,4	1949	110
1950	121,3	1950	111
1951	121,3	1951	111
1952	121,3	1952	110
1953	121,3	1953	110
1954	121,3	1954	110
1955	121,3	1955	110
1956	121,3	1956	110
1957	121,3	1957	109
1958	121,3	1958	108
1959	121,3	1959	109
1960	121,3	1960	110
1961	121,3	1961	110
1962	121,1	1962	110
1963	121,1	1963	111
1964	121,1	1964	111
1965	121,1	1965	110
1966	121,1	1966	110
1967	121,1	1967	109
1968	121,1	1968	109
1969	121,1	1969	110
1970	121,1	1970	110
1971	121,1	1971	110
1972	121,1	1972	110
1973	121,3	1973	110
1974	121,1	1974	110
1975	121,3	1975	109
1976	121,3	1976	110
1977	121,3	1977	110
1978	121,3	1978	110
1979	121,3	1979	110
1980	121,3	1980	110
1981	121,3	1981	110
1982	121,3	1982	111
1983	121,3	1983	110
1984	121,3	1984	111
1985	121,3	1985	111
1986	121,3	1986	111
1987	121,3	1987	110
1988	121,3	1988	110
1989	121,4	1989	110
1990	121,4	1990	110
1991	121,4	1991	110
1992	121,4	1992	110
1993	121,4	1993	109
1994	121,4	1994	110
1995	121,4	1995	110
1996	121,4	1996	110
1997	121,4	1997	110
1998	121,4	1998	110
1999	121,4	1999	110
2000	121,4	2000	111
2001	121,4	2001	111
2002	121,4	2002	111
2003	121,4	2003	111
2004	121,4	2004	111
2005	121,3	2005	109
2006	121,3	2006	109
2007	121,3	2007	109
2008	121,3	2008	109
2009	121,3	2009	110
2010	121,3	2010	110
2011	121,3	2011	110
2012	121,3	2012	110
2013	121,3	2013	110
2014	121,3	2014	110
2015	121,3	2015	110
2016	121,3	2016	110
2017	121,3	2017	110
2018	121,3	2018	110
2019	121,3	2019	110
2020	121,3	2020	110
2021	121,3	2021	110
2022	121,3	2022	110
2023	121,3	2023	110
2024	121,3	2024	109
2025	121,3	2025	109
2026	121,3	2026	109
2027	121,3	2027	109
2028	121,3	2028	109
2029	121,3	2029	109
2030	121,3	2030	109
2031	121,3	2031	110
2032	121,3	2032	109
2033	121,3	2033	110
2034	121,3	2034	110
2035	121,3	2035	109
2036	121,3	2036	110
2037	121,3	2037	110
2038	121,3	2038	109
2039	121,3	2039	109
2040	121,3	2040	110
2041	121,3	2041	110
2042	121,3	2042	111
2043	121,3	2043	111
2044	121,3	2044	111
2045	121,3	2045	110
2046	121,3	2046	109
2047	121,3	2047	109
2048	121,3	2048	109
2049	121,3	2049	109
2050	121,3	2050	110
2051	121,3	2051	110
2052	121,3	2052	110
2053	121,1	2053	110
2054	121,1	2054	110
2055	121,1	2055	110
2056	121,1	2056	109
2057	121,1	2057	109
2058	121,3	2058	108
2059	121,3	2059	109
2060	121,3	2060	110
2061	121,3	2061	111
2062	121,3	2062	110
2063	121,3	2063	110
2064	121,3	2064	110
2065	121,3	2065	110
2066	121,3	2066	109
2067	121,3	2067	110
2068	121,3	2068	111
2069	121,3	2069	110
2070	121,3	2070	109
2071	121,3	2071	109
2072	121,3	2072	109
2073	121,3	2073	110
2074	121,3	2074	110
2075	121,3	2075	110
2076	121,3	2076	110
2077	121,3	2077	109
2078	121,3	2078	109
2079	121,3	2079	110
2080	121,3	2080	110
2081	121,3	2081	109
2082	121,3	2082	110
2083	121,3	2083	111
2084	121,3	2084	110
2085	121,3	2085	110
2086	121,3	2086	110
2087	121,3	2087	110
2088	121,3	2088	110
2089	121,3	2089	110
2090	121,3	2090	110
2091	121,3	2091	110
2092	121,3	2092	110
2093	121,3	2093	110
2094	121,3	2094	110
2095	121,3	2095	110
2096	121,3	2096	110
2097	121,3	2097	110
2098	121,3	2098	110
2099	121,3	2099	109
2100	121,3	2100	110
2101	121,3	2101	109
2102	121,3	2102	110
2103	121,3	2103	110
2104	121,3	2104	109
2105	121,3	2105	109
2106	121,3	2106	109
2107	121,3	2107	110
2108	121,1	2108	110
2109	121,1	2109	109
2110	121,1	2110	110
2111	121,1	2111	110
2112	121,1	2112	110
2113	121,1	2113	110
2114	121,1	2114	110
2115	121,3	2115	110
2116	121,3	2116	110
2117	121,3	2117	110
2118	121,3	2118	109
2119	121,3	2119	109
2120	121,3	2120	110
2121	121,3	2121	110
2122	121,3	2122	110
2123	121,3	2123	110
2124	121,3	2124	109
2125	121,3	2125	110
2126	121,3	2126	110
2127	121,3	2127	110
2128	121,3	2128	110
2129	121,3	2129	110
2130	121,3	2130	111
2131	121,3	2131	111
2132	121,3	2132	111
2133	121,3	2133	110
2134	121,3	2134	110
2135	121,3	2135	110
2136	121,3	2136	109
2137	121,3	2137	110
2138	121,3	2138	109
2139	121,3	2139	109
2140	121,3	2140	110
2141	121,3	2141	109
2142	121,3	2142	109
2143	121,3	2143	109
2144	121,3	2144	110
2145	121,3	2145	109
2146	121,3	2146	110
2147	121,3	2147	110
2148	121,3	2148	109
2149	121,3	2149	109
2150	121,3	2150	109
2151	121,3	2151	110
2152	121,3	2152	110
2153	121,3	2153	110
2154	121,4	2154	110
2155	121,3	2155	110
2156	121,4	2156	110
2157	121,4	2157	109
2158	121,4	2158	109
2159	121,4	2159	109
2160	121,4	2160	110
2161	121,4	2161	110
2162	121,4	2162	110
2163	121,4	2163	110
2164	121,4	2164	110
2165	121,4	2165	111
2166	121,4	2166	110
2167	121,4	2167	110
2168	121,4	2168	110
2169	121,4	2169	110
2170	121,4	2170	110
2171	121,3	2171	110
2172	121,3	2172	111
2173	121,3	2173	110
2174	121,3	2174	109
2175	121,3	2175	109
2176	121,3	2176	109
2177	121,3	2177	110
2178	121,3	2178	110
2179	121,3	2179	109
2180	121,3	2180	110
2181	121,3	2181	109
2182	121,3	2182	110
2183	121,3	2183	110
2184	121,3	2184	110
2185	121,3	2185	110
2186	121,3	2186	110
2187	121,3	2187	110
2188	121,3	2188	109
2189	121,3	2189	109
2190	121,3	2190	110
2191	121,3	2191	110
2192	121,3	2192	110
2193	121,3	2193	110
2194	121,3	2194	111
2195	121,3	2195	111
2196	121,4	2196	110
2197	121,4	2197	110
2198	121,4	2198	109
2199	121,4	2199	109
2200	121,4	2200	109
2201	121,4	2201	110
2202	121,4	2202	110
2203	121,4	2203	111
2204	121,4	2204	110
2205	121,4	2205	110
2206	121,4	2206	109
2207	121,4	2207	110
2208	121,4	2208	110
2209	121,4	2209	109
2210	121,4	2210	109
2211	121,4	2211	110
2212	121,4	2212	110
2213	121,4	2213	110
2214	121,4	2214	110
2215	121,4	2215	109
2216	121,4	2216	109
2217	121,4	2217	109
2218	121,4	2218	109
2219	121,4	2219	109
2220	121,4	2220	109
2221	121,4	2221	110
2222	121,4	2222	109
2223	121,4	2223	109
2224	121,4	2224	109
2225	121,4	2225	110
2226	121,4	2226	110
2227	121,4	2227	109
2228	121,4	2228	109
2229	121,4	2229	109
2230	121,4	2230	108
2231	121,4	2231	109
2232	121,4	2232	109
2233	121,4	2233	109
2234	121,4	2234	110
2235	121,4	2235	110
2236	121,4	2236	109
2237	121,3	2237	109
2238	121,3	2238	109
2239	121,3	2239	109
2240	121,3	2240	110
2241	121,3	2241	110
2242	121,3	2242	110
2243	121,3	2243	110
2244	121,3	2244	109
2245	121,3	2245	109
2246	121,3	2246	109
2247	121,3	2247	109
2248	121,3	2248	108
2249	121,3	2249	109
2250	121,3	2250	109
2251	121,3	2251	109
2252	121,3	2252	109
2253	121,3	2253	109
2254	121,3	2254	109
2255	121,3	2255	108
2256	121,3	2256	108
2257	121,3	2257	108
2258	121,3	2258	109
2259	121,3	2259	108
2260	121,3	2260	108
2261	121,3	2261	109
2262	121,3	2262	109
2263	121,3	2263	109
2264	121,3	2264	108
2265	121,3	2265	109
2266	121,3	2266	110
2267	121,3	2267	109
2268	121,3	2268	109
2269	121,3	2269	109
2270	121,3	2270	108
2271	121,3	2271	109
2272	121,3	2272	109
2273	121,3	2273	110
2274	121,3	2274	110
2275	121,3	2275	110
2276	121,3	2276	109
2277	121,3	2277	109
2278	121,3	2278	109
2279	121,3	2279	109
2280	121,3	2280	109
2281	121,3	2281	109
2282	121,3	2282	108
2283	121,3	2283	109
2284	121,3	2284	109
2285	121,4	2285	109
2286	121,4	2286	109
2287	121,4	2287	109
2288	121,4	2288	108
2289	121,4	2289	108
2290	121,4	2290	108
2291	121,4	2291	108
2292	121,4	2292	109
2293	121,4	2293	109
2294	121,4	2294	109
2295	121,4	2295	109
2296	121,4	2296	109
2297	121,4	2297	109
2298	121,4	2298	108
2299	121,4	2299	109
2300	121,4	2300	109
2301	121,4	2301	109
2302	121,4	2302	108
2303	121,3	2303	109
2304	121,3	2304	110
2305	121,3	2305	109
2306	121,3	2306	109
2307	121,3	2307	109
2308	121,3	2308	109
2309	121,4	2309	108
2310	121,4	2310	109
2311	121,4	2311	109
2312	121,3	2312	109
2313	121,3	2313	109
2314	121,3	2314	109
2315	121,4	2315	109
2316	121,4	2316	109
2317	121,4	2317	108
2318	121,4	2318	108
2319	121,4	2319	108
2320	121,4	2320	108
2321	121,4	2321	109
2322	121,4	2322	109
2323	121,4	2323	109
2324	121,4	2324	109
2325	121,4	2325	109
2326	121,4	2326	108
2327	121,3	2327	108
2328	121,4	2328	108
2329	121,3	2329	108
2330	121,3	2330	109
2331	121,3	2331	109
2332	121,3	2332	109
2333	121,3	2333	109
2334	121,3	2334	108
2335	121,3	2335	108
2336	121,3	2336	109
2337	121,3	2337	108
2338	121,3	2338	108
2339	121,3	2339	108
2340	121,3	2340	109
2341	121,3	2341	109
2342	121,3	2342	109
2343	121,3	2343	109
2344	121,3	2344	110
2345	121,3	2345	110
2346	121,3	2346	109
2347	121,3	2347	109
2348	121,3	2348	109
2349	121,3	2349	109
2350	121,3	2350	109
2351	121,3	2351	109
2352	121,3	2352	109
2353	121,3	2353	108
2354	121,3	2354	109
2355	121,3	2355	108
2356	121,3	2356	109
2357	121,4	2357	109
2358	121,4	2358	108
2359	121,4	2359	108
2360	121,4	2360	108
2361	121,4	2361	109
2362	121,4	2362	109
2363	121,4	2363	109
2364	121,4	2364	108
2365	121,4	2365	108
2366	121,4	2366	109
2367	121,4	2367	109
2368	121,4	2368	109
2369	121,4	2369	108
2370	121,4	2370	109
2371	121,4	2371	109
2372	121,4	2372	108
2373	121,4	2373	108
2374	121,4	2374	109
2375	121,4	2375	109
2376	121,4	2376	109
2377	121,4	2377	109
2378	121,4	2378	108
2379	121,4	2379	108
2380	121,4	2380	109
2381	121,4	2381	109
2382	121,4	2382	108
2383	121,4	2383	109
2384	121,3	2384	109
2385	121,3	2385	109
2386	121,3	2386	109
2387	121,3	2387	109
2388	121,3	2388	109
2389	121,3	2389	109
2390	121,3	2390	108
2391	121,3	2391	108
2392	121,3	2392	108
2393	121,3	2393	108
2394	121,3	2394	109
2395	121,3	2395	109
2396	121,3	2396	108
2397	121,3	2397	108
2398	121,3	2398	109
2399	121,3	2399	108
2400	121,3	2400	108
2401	121,4	2401	108
2402	121,4	2402	108
2403	121,4	2403	108
2404	121,4	2404	109
2405	121,4	2405	108
2406	121,4	2406	109
2407	121,3	2407	109
2408	121,3	2408	108
2409	121,3	2409	107
2410	121,3	2410	108
2411	121,3	2411	109
2412	121,3	2412	109
2413	121,3	2413	109
2414	121,3	2414	108
2415	121,3	2415	108
2416	121,3	2416	108
2417	121,3	2417	108
2418	121,3	2418	108
2419	121,3	2419	108
2420	121,3	2420	108
2421	121,3	2421	108
2422	121,3	2422	108
2423	121,3	2423	108
2424	121,3	2424	109
2425	121,3	2425	108
2426	121,3	2426	107
2427	121,3	2427	108
2428	121,3	2428	109
2429	121,3	2429	109
2430	121,3	2430	109
2431	121,3	2431	109
2432	121,3	2432	110
2433	121,3	2433	109
2434	121,3	2434	109
2435	121,3	2435	109
2436	121,3	2436	109
2437	121,3	2437	109
2438	121,3	2438	109
2439	121,3	2439	109
2440	121,3	2440	109
2441	121,3	2441	110
2442	121,3	2442	110
2443	121,3	2443	110
2444	121,3	2444	109
2445	121,4	2445	109
2446	121,4	2446	110
2447	121,4	2447	109
2448	121,4	2448	109
2449	121,4	2449	109
2450	121,4	2450	109
2451	121,4	2451	109
2452	121,4	2452	109
2453	121,4	2453	109
2454	121,4	2454	108
2455	121,4	2455	109
2456	121,4	2456	109
2457	121,4	2457	109
2458	121,4	2458	109
2459	121,4	2459	108
2460	121,4	2460	108
2461	121,4	2461	108
2462	121,4	2462	109
2463	121,4	2463	108
2464	121,4	2464	109
2465	121,4	2465	109
2466	121,4	2466	109
2467	121,4	2467	109
2468	121,4	2468	109
2469	121,4	2469	108
2470	121,4	2470	108
2471	121,4	2471	108
2472	121,4	2472	109
2473	121,4	2473	109
2474	121,4	2474	109
2475	121,4	2475	109
2476	121,4	2476	109
2477	121,4	2477	109
2478	121,4	2478	109
2479	121,4	2479	108
2480	121,4	2480	108
2481	121,4	2481	108
2482	121,4	2482	108
2483	121,4	2483	108
2484	121,4	2484	108
2485	121,3	2485	109
2486	121,3	2486	109
2487	121,3	2487	109
2488	121,3	2488	109
2489	121,3	2489	108
2490	121,3	2490	108
2491	121,3	2491	108
2492	121,4	2492	108
2493	121,4	2493	109
2494	121,4	2494	109
2495	121,4	2495	108
2496	121,4	2496	108
2497	121,4	2497	108
2498	121,4	2498	108
2499	121,4	2499	108
2500	121,4	2500	108
2501	121,3	2501	108
2502	121,3	2502	109
2503	121,3	2503	108
2504	121,3	2504	108
2505	121,3	2505	108
2506	121,3	2506	109
2507	121,3	2507	108
2508	121,3	2508	109
2509	121,3	2509	108
2510	121,3	2510	107
2511	121,3	2511	108
2512	121,3	2512	109
2513	121,3	2513	108
2514	121,3	2514	108
2515	121,3	2515	109
2516	121,1	2516	109
2517	121,3	2517	108
2518	121,1	2518	108
2519	121,1	2519	107
2520	121,3	2520	108
2521	121,3	2521	108
2522	121,1	2522	108
2523	121,3	2523	109
2524	121,1	2524	108
2525	121,3	2525	108
2526	121,1	2526	108
2527	121,3	2527	108
2528	121,1	2528	108
2529	121,1	2529	108
2530	121,1	2530	108
2531	121,1	2531	108
2532	121,3	2532	109
2533	121,3	2533	108
2534	121,3	2534	109
2535	121,3	2535	109
2536	121,3	2536	108
2537	121,3	2537	108
2538	121,3	2538	108
2539	121,3	2539	108
2540	121,3	2540	108
2541	121,3	2541	108
2542	121,3	2542	108
2543	121,3	2543	109
2544	121,3	2544	109
2545	121,3	2545	109
2546	121,3	2546	109
2547	121,3	2547	109
2548	121,3	2548	108
2549	121,3	2549	108
2550	121,3	2550	107
2551	121,3	2551	107
2552	121,3	2552	108
2553	121,3	2553	108
2554	121,3	2554	108
2555	121,3	2555	108
2556	121,3	2556	109
2557	121,3	2557	109
2558	121,3	2558	108
2559	121,3	2559	107
2560	121,3	2560	108
2561	121,3	2561	108
2562	121,3	2562	108
2563	121,3	2563	108
2564	121,3	2564	109
2565	121,3	2565	109
2566	121,3	2566	109
2567	121,3	2567	109
2568	121,3	2568	108
2569	121,3	2569	108
2570	121,3	2570	108
2571	121,3	2571	107
2572	121,3	2572	108
2573	121,3	2573	109
2574	121,3	2574	109
2575	121,3	2575	109
2576	121,3	2576	109
2577	121,3	2577	108
2578	121,3	2578	109
2579	121,4	2579	108
2580	121,3	2580	107
2581	121,3	2581	108
2582	121,3	2582	108
2583	121,3	2583	108
2584	121,3	2584	108
2585	121,3	2585	109
2586	121,3	2586	109
2587	121,3	2587	109
2588	121,3	2588	109
2589	121,3	2589	108
2590	121,3	2590	107
2591	121,3	2591	107
2592	121,3	2592	108
2593	121,3	2593	109
2594	121,3	2594	109
2595	121,3	2595	108
2596	121,3	2596	108
2597	121,3	2597	108
2598	121,3	2598	108
2599	121,3	2599	108
2600	121,3	2600	108
2601	121,3	2601	108
2602	121,3	2602	108
2603	121,3	2603	108
2604	121,3	2604	109
2605	121,3	2605	109
2606	121,3	2606	108
2607	121,3	2607	107
2608	121,3	2608	108
2609	121,3	2609	109
2610	121,3	2610	109
2611	121,3	2611	108
2612	121,3	2612	108
2613	121,3	2613	108
2614	121,3	2614	109
2615	121,3	2615	108
2616	121,3	2616	108
2617	121,3	2617	108
2618	121,3	2618	107
2619	121,3	2619	107
2620	121,3	2620	107
2621	121,3	2621	108
2622	121,3	2622	109
2623	121,3	2623	109
2624	121,3	2624	109
2625	121,3	2625	108
2626	121,3	2626	108
2627	121,3	2627	108
2628	121,3	2628	108
2629	121,3	2629	108
2630	121,3	2630	109
2631	121,3	2631	109
2632	121,3	2632	109
2633	121,3	2633	108
2634	121,3	2634	108
2635	121,3	2635	108
2636	121,3	2636	108
2637	121,3	2637	107
2638	121,3	2638	108
2639	121,3	2639	108
2640	121,3	2640	108
2641	121,3	2641	108
2642	121,3	2642	108
2643	121,3	2643	109
2644	121,3	2644	108
2645	121,3	2645	108
2646	121,3	2646	108
2647	121,3	2647	109
2648	121,3	2648	109
2649	121,4	2649	108
2650	121,3	2650	108
2651	121,3	2651	108
2652	121,3	2652	108
2653	121,3	2653	108
2654	121,3	2654	108
2655	121,3	2655	108
2656	121,3	2656	109
2657	121,3	2657	109
2658	121,3	2658	108
2659	121,3	2659	107
2660	121,3	2660	107
2661	121,3	2661	108
2662	121,3	2662	108
2663	121,3	2663	108
2664	121,4	2664	108
2665	121,3	2665	108
2666	121,3	2666	108
2667	121,3	2667	108
2668	121,3	2668	107
2669	121,4	2669	107
2670	121,4	2670	108
2671	121,4	2671	108
2672	121,4	2672	107
2673	121,4	2673	108
2674	121,4	2674	108
2675	121,4	2675	108
2676	121,4	2676	107
2677	121,4	2677	108
2678	121,4	2678	108
2679	121,4	2679	108
2680	121,4	2680	108
2681	121,4	2681	109
2682	121,4	2682	109
2683	121,4	2683	109
2684	121,4	2684	109
2685	121,4	2685	109
2686	121,4	2686	109
2687	121,4	2687	109
2688	121,4	2688	109
2689	121,4	2689	108
2690	121,4	2690	108
2691	121,4	2691	108
2692	121,4	2692	108
2693	121,4	2693	109
2694	121,4	2694	109
2695	121,4	2695	108
2696	121,4	2696	108
2697	121,4	2697	108
2698	121,4	2698	108
2699	121,4	2699	108
2700	121,4	2700	107
2701	121,4	2701	107
2702	121,4	2702	108
2703	121,4	2703	109
2704	121,4	2704	108
2705	121,4	2705	109
2706	121,4	2706	109
2707	121,4	2707	109
2708	121,4	2708	109
2709	121,4	2709	109
2710	121,4	2710	109
2711	121,4	2711	108
2712	121,4	2712	109
2713	121,4	2713	109
2714	121,4	2714	108
2715	121,4	2715	108
2716	121,4	2716	108
2717	121,4	2717	108
2718	121,4	2718	108
2719	121,4	2719	108
2720	121,4	2720	108
2721	121,4	2721	109
2722	121,4	2722	109
2723	121,4	2723	109
2724	121,4	2724	109
2725	121,4	2725	108
2726	121,4	2726	108
2727	121,4	2727	108
2728	121,4	2728	108
2729	121,4	2729	108
2730	121,4	2730	108
2731	121,4	2731	108
2732	121,4	2732	109
2733	121,5	2733	110
2734	121,5	2734	109
2735	121,5	2735	108
2736	121,5	2736	109
2737	121,5	2737	109
2738	121,5	2738	109
2739	121,5	2739	108
2740	121,5	2740	108
2741	121,4	2741	108
2742	121,4	2742	108
2743	121,4	2743	109
2744	121,4	2744	109
2745	121,4	2745	108
2746	121,4	2746	108
2747	121,4	2747	108
2748	121,4	2748	108
2749	121,4	2749	108
2750	121,4	2750	108
2751	121,3	2751	108
2752	121,3	2752	108
2753	121,3	2753	109
2754	121,3	2754	108
2755	121,3	2755	108
2756	121,3	2756	108
2757	121,3	2757	108
2758	121,3	2758	107
2759	121,3	2759	107
2760	121,3	2760	106
2761	121,3	2761	107
2762	121,3	2762	107
2763	121,3	2763	108
2764	121,3	2764	109
2765	121,3	2765	108
2766	121,3	2766	106
2767	121,1	2767	107
2768	121,1	2768	109
2769	121,3	2769	107
2770	121,3	2770	106
2771	121,3	2771	107
2772	121,3	2772	107
2773	121,3	2773	107
2774	121,3	2774	107
2775	121,3	2775	108
2776	121,3	2776	108
2777	121,3	2777	108
2778	121,1	2778	108
2779	121,1	2779	107
2780	121,3	2780	107
2781	121,3	2781	107
2782	121,3	2782	108
2783	121,3	2783	108
2784	121,3	2784	108
2785	121,1	2785	107
2786	121,1	2786	108
2787	121,1	2787	108
2788	121,1	2788	108
2789	121,1	2789	108
2790	121,1	2790	107
2791	121,1	2791	106
2792	121,1	2792	107
2793	121,1	2793	108
2794	121,1	2794	108
2795	121,1	2795	108
2796	121,1	2796	107
2797	121,1	2797	107
2798	121,1	2798	108
2799	121,1	2799	108
2800	121,1	2800	108
2801	121,1	2801	107
2802	121,3	2802	108
2803	121,3	2803	107
2804	121,3	2804	108
2805	121,3	2805	108
2806	121,3	2806	108
2807	121,3	2807	107
2808	121,3	2808	107
2809	121,3	2809	108
2810	121,3	2810	108
2811	121,3	2811	108
2812	121,3	2812	109
2813	121,3	2813	108
2814	121,3	2814	108
2815	121,4	2815	108
2816	121,4	2816	107
2817	121,4	2817	107
2818	121,4	2818	108
2819	121,4	2819	108
2820	121,4	2820	108
2821	121,4	2821	108
2822	121,3	2822	108
2823	121,3	2823	108
2824	121,3	2824	108
2825	121,3	2825	109
2826	121,3	2826	108
2827	121,3	2827	107
2828	121,3	2828	108
2829	121,3	2829	108
2830	121,3	2830	108
2831	121,3	2831	107
2832	121,3	2832	108
2833	121,3	2833	108
2834	121,3	2834	108
2835	121,3	2835	108
2836	121,3	2836	108
2837	121,3	2837	108
2838	121,3	2838	108
2839	121,3	2839	107
2840	121,3	2840	107
2841	121,3	2841	108
2842	121,3	2842	108
2843	121,3	2843	108
2844	121,3	2844	108
2845	121,3	2845	107
2846	121,3	2846	107
2847	121,3	2847	108
2848	121,3	2848	108
2849	121,3	2849	107
2850	121,3	2850	107
2851	121,3	2851	107
2852	121,3	2852	108
2853	121,3	2853	108
2854	121,3	2854	108
2855	121,4	2855	108
2856	121,4	2856	108
2857	121,4	2857	107
2858	121,4	2858	107
2859	121,4	2859	107
2860	121,4	2860	106
2861	121,4	2861	108
2862	121,4	2862	108
2863	121,4	2863	108
2864	121,4	2864	109
2865	121,4	2865	109
2866	121,4	2866	108
2867	121,4	2867	108
2868	121,3	2868	108
2869	121,4	2869	108
2870	121,4	2870	107
2871	121,4	2871	107
2872	121,4	2872	107
2873	121,3	2873	108
2874	121,3	2874	108
2875	121,3	2875	108
2876	121,3	2876	108
2877	121,3	2877	108
2878	121,3	2878	108
2879	121,3	2879	108
2880	121,3	2880	107
2881	121,3	2881	106
2882	121,3	2882	108
2883	121,3	2883	108
2884	121,3	2884	109
2885	121,3	2885	109
2886	121,3	2886	108
2887	121,3	2887	108
2888	121,3	2888	107
2889	121,3	2889	107
2890	121,3	2890	108
2891	121,3	2891	108
2892	121,4	2892	109
2893	121,4	2893	109
2894	121,4	2894	108
2895	121,4	2895	108
2896	121,4	2896	108
2897	121,4	2897	108
2898	121,4	2898	109
2899	121,4	2899	108
2900	121,4	2900	106
2901	121,4	2901	107
2902	121,4	2902	107
2903	121,4	2903	108
2904	121,4	2904	108
2905	121,4	2905	108
2906	121,4	2906	108
2907	121,4	2907	107
2908	121,4	2908	107
2909	121,4	2909	107
2910	121,4	2910	107
2911	121,4	2911	107
2912	121,4	2912	108
2913	121,4	2913	109
2914	121,4	2914	108
2915	121,4	2915	108
2916	121,4	2916	108
2917	121,4	2917	107
2918	121,4	2918	108
2919	121,4	2919	108
2920	121,4	2920	107
2921	121,4	2921	107
2922	121,4	2922	107
2923	121,4	2923	107
2924	121,4	2924	108
2925	121,4	2925	109
2926	121,4	2926	108
2927	121,4	2927	107
2928	121,4	2928	108
2929	121,4	2929	108
2930	121,4	2930	107
2931	121,4	2931	107
2932	121,4	2932	107
2933	121,4	2933	107
2934	121,4	2934	107
2935	121,4	2935	107
2936	121,4	2936	108
2937	121,4	2937	108
2938	121,4	2938	108
2939	121,4	2939	108
2940	121,4	2940	108
2941	121,4	2941	108
2942	121,4	2942	108
2943	121,4	2943	108
2944	121,4	2944	108
2945	121,4	2945	108
2946	121,4	2946	108
2947	121,4	2947	108
2948	121,4	2948	107
2949	121,4	2949	107
2950	121,4	2950	108
2951	121,4	2951	108
2952	121,4	2952	108
2953	121,4	2953	108
2954	121,3	2954	107
2955	121,3	2955	106
2956	121,4	2956	106
2957	121,4	2957	108
2958	121,4	2958	108
2959	121,3	2959	108
2960	121,4	2960	108
2961	121,4	2961	108
2962	121,4	2962	108
2963	121,4	2963	107
2964	121,4	2964	107
2965	121,4	2965	108
2966	121,4	2966	107
2967	121,4	2967	106
2968	121,4	2968	107
2969	121,4	2969	107
2970	121,4	2970	107
2971	121,4	2971	108
2972	121,4	2972	107
2973	121,4	2973	107
2974	121,4	2974	107
2975	121,4	2975	108
2976	121,4	2976	107
2977	121,4	2977	107
2978	121,4	2978	108
2979	121,4	2979	108
2980	121,4	2980	108
2981	121,4	2981	107
2982	121,4	2982	107
2983	121,4	2983	108
2984	121,4	2984	108
2985	121,4	2985	108
2986	121,4	2986	108
2987	121,4	2987	108
2988	121,4	2988	107
2989	121,4	2989	107
2990	121,4	2990	107
2991	121,3	2991	107
2992	121,4	2992	107
2993	121,3	2993	107
2994	121,3	2994	108
2995	121,3	2995	108
2996	121,3	2996	108
2997	121,3	2997	108
2998	121,3	2998	108
2999	121,3	2999	107
3000	121,3	3000	107
3001	121,3	3001	107
3002	121,3	3002	106
3003	121,3	3003	107
3004	121,3	3004	108
3005	121,3	3005	108
3006	121,3	3006	108
3007	121,3	3007	108
3008	121,4	3008	108
3009	121,3	3009	108
3010	121,3	3010	107
3011	121,4	3011	107
3012	121,4	3012	108
3013	121,4	3013	109
3014	121,4	3014	108
3015	121,4	3015	108
3016	121,4	3016	108
3017	121,4	3017	108
3018	121,4	3018	108
3019	121,4	3019	108
3020	121,4	3020	108
3021	121,4	3021	108
3022	121,4	3022	108
3023	121,4	3023	108
3024	121,4	3024	108
3025	121,4	3025	108
3026	121,4	3026	108
3027	121,4	3027	108
3028	121,4	3028	108
3029	121,4	3029	107
3030	121,4	3030	107
3031	121,4	3031	108
3032	121,4	3032	108
3033	121,4	3033	108
3034	121,4	3034	109
3035	121,4	3035	109
3036	121,4	3036	107
3037	121,4	3037	107
3038	121,4	3038	107
3039	121,4	3039	107
3040	121,4	3040	107
3041	121,4	3041	106
3042	121,4	3042	107
3043	121,4	3043	109
3044	121,4	3044	108
3045	121,4	3045	108
3046	121,4	3046	108
3047	121,4	3047	108
3048	121,4	3048	109
3049	121,4	3049	108
3050	121,4	3050	108
3051	121,4	3051	108
3052	121,4	3052	108
3053	121,4	3053	108
3054	121,4	3054	108
3055	121,4	3055	108
3056	121,4	3056	108
3057	121,4	3057	108
3058	121,4	3058	108
3059	121,4	3059	107
3060	121,4	3060	107
3061	121,4	3061	107
3062	121,4	3062	108
3063	121,4	3063	108
3064	121,4	3064	108
3065	121,4	3065	108
3066	121,4	3066	107
3067	121,4	3067	108
3068	121,4	3068	108
3069	121,4	3069	108
3070	121,4	3070	107
3071	121,4	3071	107
3072	121,4	3072	106
3073	121,4	3073	106
3074	121,4	3074	106
3075	121,4	3075	107
3076	121,4	3076	107
3077	121,4	3077	107
3078	121,4	3078	107
3079	121,3	3079	108
3080	121,3	3080	107
3081	121,3	3081	106
3082	121,3	3082	107
3083	121,3	3083	107
3084	121,3	3084	107
3085	121,3	3085	107
3086	121,3	3086	107
3087	121,3	3087	106
3088	121,3	3088	106
3089	121,3	3089	107
3090	121,3	3090	106
3091	121,3	3091	106
3092	121,3	3092	107
3093	121,3	3093	107
3094	121,3	3094	108
3095	121,3	3095	108
3096	121,1	3096	107
3097	121,1	3097	107
3098	121,1	3098	107
3099	121,1	3099	107
3100	121,1	3100	107
3101	121,1	3101	106
3102	121,1	3102	108
3103	121,1	3103	108
3104	121,1	3104	107
3105	121,1	3105	107
3106	121,1	3106	106
3107	121,1	3107	107
3108	121,1	3108	107
3109	121,1	3109	107
3110	121,1	3110	106
3111	121,1	3111	106
3112	121,1	3112	107
3113	121,1	3113	107
3114	121,3	3114	107
3115	121,3	3115	107
3116	121,3	3116	107
3117	121,1	3117	107
3118	121,1	3118	107
3119	121,3	3119	107
3120	121,3	3120	107
3121	121,3	3121	107
3122	121,3	3122	107
3123	121,3	3123	107
3124	121,1	3124	108
3125	121,3	3125	108
3126	121,3	3126	108
3127	121,3	3127	108
3128	121,3	3128	107
3129	121,3	3129	107
3130	121,3	3130	107
3131	121,1	3131	106
3132	121,1	3132	107
3133	121,1	3133	107
3134	121,3	3134	107
3135	121,3	3135	107
3136	121,3	3136	107
3137	121,3	3137	107
3138	121,3	3138	108
3139	121,3	3139	107
3140	121,3	3140	107
3141	121,3	3141	107
3142	121,3	3142	108
3143	121,3	3143	108
3144	121,3	3144	108
3145	121,3	3145	109
3146	121,3	3146	108
3147	121,3	3147	108
3148	121,3	3148	108
3149	121,3	3149	107
3150	121,3	3150	107
3151	121,3	3151	107
3152	121,3	3152	107
3153	121,3	3153	107
3154	121,3	3154	107
3155	121,3	3155	107
3156	121,3	3156	107
3157	121,3	3157	108
3158	121,3	3158	109
3159	121,3	3159	108
3160	121,1	3160	107
3161	121,3	3161	107
3162	121,3	3162	107
3163	121,3	3163	107
3164	121,3	3164	108
3165	121,3	3165	108
3166	121,3	3166	108
3167	121,3	3167	108
3168	121,3	3168	108
3169	121,3	3169	108
3170	121,3	3170	107
3171	121,3	3171	107
3172	121,3	3172	107
3173	121,3	3173	108
3174	121,3	3174	108
3175	121,3	3175	108
3176	121,3	3176	108
3177	121,3	3177	108
3178	121,3	3178	108
3179	121,3	3179	108
3180	121,4	3180	107
3181	121,4	3181	107
3182	121,4	3182	107
3183	121,4	3183	107
3184	121,4	3184	108
3185	121,3	3185	108
3186	121,4	3186	107
3187	121,3	3187	107
3188	121,3	3188	108
3189	121,3	3189	108
3190	121,3	3190	107
3191	121,3	3191	107
3192	121,3	3192	107
3193	121,3	3193	108
3194	121,3	3194	108
3195	121,3	3195	108
3196	121,3	3196	108
3197	121,3	3197	108
3198	121,3	3198	108
3199	121,3	3199	107
3200	121,3	3200	107
3201	121,3	3201	107
3202	121,3	3202	108
3203	121,3	3203	107
3204	121,3	3204	108
3205	121,4	3205	109
3206	121,4	3206	109
3207	121,4	3207	109
3208	121,4	3208	108
3209	121,4	3209	107
3210	121,4	3210	107
3211	121,4	3211	107
3212	121,3	3212	107
3213	121,4	3213	107
3214	121,4	3214	108
3215	121,4	3215	108
3216	121,4	3216	107
3217	121,3	3217	107
3218	121,3	3218	106
3219	121,3	3219	106
3220	121,3	3220	107
3221	121,4	3221	107
3222	121,3	3222	107
3223	121,3	3223	108
3224	121,3	3224	109
3225	121,3	3225	108
3226	121,3	3226	108
3227	121,3	3227	108
3228	121,3	3228	107
3229	121,4	3229	107
3230	121,4	3230	108
3231	121,4	3231	108
3232	121,4	3232	108
3233	121,4	3233	108
3234	121,4	3234	108
3235	121,4	3235	108
3236	121,4	3236	108
3237	121,4	3237	107
3238	121,4	3238	108
3239	121,4	3239	108
3240	121,4	3240	107
3241	121,4	3241	107
3242	121,4	3242	107
3243	121,4	3243	106
3244	121,4	3244	107
3245	121,4	3245	107
3246	121,4	3246	108
3247	121,4	3247	108
3248	121,4	3248	107
3249	121,4	3249	107
3250	121,4	3250	107
3251	121,4	3251	107
3252	121,4	3252	107
3253	121,4	3253	107
3254	121,4	3254	107
3255	121,4	3255	108
3256	121,3	3256	107
3257	121,3	3257	108
3258	121,3	3258	108
3259	121,3	3259	108
3260	121,3	3260	106
3261	121,3	3261	107
3262	121,3	3262	107
3263	121,3	3263	108
3264	121,3	3264	108
3265	121,3	3265	107
3266	121,3	3266	108
3267	121,3	3267	107
3268	121,3	3268	107
3269	121,3	3269	108
3270	121,3	3270	108
3271	121,3	3271	108
3272	121,3	3272	107
3273	121,3	3273	108
3274	121,4	3274	108
3275	121,4	3275	107
3276	121,4	3276	108
3277	121,4	3277	107
3278	121,4	3278	108
3279	121,4	3279	108
3280	121,4	3280	108
3281	121,4	3281	107
3282	121,4	3282	107
3283	121,4	3283	107
3284	121,4	3284	108
3285	121,4	3285	108
3286	121,4	3286	108
3287	121,4	3287	107
3288	121,4	3288	108
3289	121,4	3289	108
3290	121,4	3290	107
3291	121,4	3291	107
3292	121,4	3292	107
3293	121,4	3293	107
3294	121,4	3294	107
3295	121,4	3295	107
3296	121,4	3296	106
3297	121,4	3297	107
3298	121,4	3298	108
3299	121,4	3299	107
3300	121,4	3300	106
3301	121,4	3301	106
3302	121,4	3302	106
3303	121,4	3303	107
3304	121,4	3304	107
3305	121,4	3305	108
3306	121,4	3306	107
3307	121,4	3307	108
3308	121,4	3308	107
3309	121,4	3309	107
3310	121,4	3310	107
3311	121,4	3311	107
3312	121,4	3312	108
3313	121,4	3313	108
3314	121,4	3314	106
3315	121,3	3315	107
3316	121,3	3316	106
3317	121,3	3317	106
3318	121,3	3318	106
3319	121,3	3319	106
3320	121,3	3320	105
3321	121,3	3321	106
3322	121,3	3322	106
3323	121,3	3323	106
3324	121,3	3324	105
3325	121,3	3325	105
3326	121,3	3326	105
3327	121,3	3327	105
3328	121,3	3328	105
3329	121,3	3329	105
3330	121,1	3330	105
3331	121,1	3331	105
3332	121,1	3332	105
3333	121,1	3333	104
3334	121,1	3334	104
3335	121,1	3335	105
3336	121,1	3336	105
3337	121	3337	105
3338	121	3338	104
3339	121	3339	104
3340	121	3340	103
3341	121	3341	104
3342	121	3342	104
3343	121	3343	104
3344	121	3344	104
3345	121	3345	104
3346	121	3346	103
3347	121	3347	103
3348	121	3348	104
3349	120,9	3349	104
3350	120,9	3350	103
3351	120,9	3351	103
3352	120,9	3352	103
3353	120,9	3353	103
3354	120,9	3354	103
3355	120,9	3355	103
3356	120,9	3356	103
3357	120,8	3357	103
3358	120,8	3358	103
3359	120,8	3359	102
3360	120,8	3360	103
3361	120,8	3361	103
3362	120,6	3362	103
3363	120,6	3363	102
3364	120,6	3364	102
3365	120,6	3365	102
3366	120,6	3366	101
3367	120,6	3367	101
3368	120,6	3368	102
3369	120,6	3369	102
3370	120,6	3370	102
3371	120,5	3371	102
3372	120,5	3372	101
3373	120,5	3373	101
3374	120,5	3374	100
3375	120,5	3375	100
3376	120,5	3376	101
3377	120,5	3377	100
3378	120,5	3378	100
3379	120,5	3379	100
3380	120,5	3380	100
3381	120,5	3381	100
3382	120,4	3382	100
3383	120,4	3383	100
3384	120,4	3384	100
3385	120,4	3385	99
3386	120,3	3386	99
3387	120,3	3387	99
3388	120,3	3388	100
3389	120,3	3389	99
3390	120,3	3390	99
3391	120,3	3391	99
3392	120,3	3392	99
3393	120,1	3393	99
3394	120,1	3394	99
3395	120,1	3395	98
3396	120,1	3396	98
3397	120,1	3397	98
3398	120,1	3398	98
3399	120	3399	98
3400	120	3400	98
3401	120	3401	98
3402	120	3402	99
3403	120	3403	98
3404	120	3404	98
3405	120	3405	97
3406	120	3406	98
3407	120	3407	98
3408	120	3408	98
3409	120	3409	97
3410	119,9	3410	97
3411	119,9	3411	96
3412	119,9	3412	96
3413	119,9	3413	96
3414	119,9	3414	96
3415	119,8	3415	96
3416	119,8	3416	96
3417	119,8	3417	95
3418	119,8	3418	94
3419	119,6	3419	93
3420	119,6	3420	93
3421	119,6	3421	93
3422	119,5	3422	94
3423	119,5	3423	93
3424	119,5	3424	92
3425	119,5	3425	92
3426	119,5	3426	91
3427	119,5	3427	91
3428	119,4	3428	91
3429	119,4	3429	91
3430	119,3	3430	90
3431	119,3	3431	89
3432	119,3	3432	90
3433	119,1	3433	90
3434	119,1	3434	89
3435	119	3435	88
3436	119	3436	88
3437	119	3437	88
3438	119	3438	87
3439	118,9	3439	87
3440	118,9	3440	88
3441	118,8	3441	87
3442	118,6	3442	86
3443	118,6	3443	87
3444	118,5	3444	86
3445	118,5	3445	85
3446	118,5	3446	85
3447	118,5	3447	85
3448	118,4	3448	84
3449	118,3	3449	84
3450	118,3	3450	84
3451	118,1	3451	83
3452	118	3452	83
3453	118	3453	83
3454	118	3454	83
3455	117,9	3455	83
3456	117,9	3456	82
3457	117,8	3457	81
3458	117,6	3458	81
3459	117,6	3459	80
3460	117,5	3460	79
3461	117,5	3461	80
3462	117,5	3462	80
3463	117,4	3463	79
3464	117,4	3464	79
3465	117,3	3465	79
3466	117,1	3466	77
3467	117,1	3467	76
3468	117	3468	76
3469	117	3469	76
3470	117	3470	75
3471	116,9	3471	76
3472	116,8	3472	76
3473	116,8	3473	75
3474	116,6	3474	75
3475	116,5	3475	75
3476	116,5	3476	75
3477	116,5	3477	74
3478	116,4	3478	73
3479	116,4	3479	74
3480	116,3	3480	73
3481	116,1	3481	72
3482	116,1	3482	72
3483	116	3483	73
3484	116	3484	71
3485	116	3485	71
3486	115,9	3486	70
3487	115,8	3487	70
3488	115,6	3488	69
3489	115,6	3489	69
3490	115,5	3490	69
3491	115,5	3491	68
3492	115,5	3492	68
3493	115,4	3493	69
3494	115,3	3494	69
3495	115,1	3495	68
3496	115,1	3496	67
3497	115	3497	67
3498	115	3498	68
3499	115	3499	67
3500	114,9	3500	66
3501	114,8	3501	66
3502	114,6	3502	66
3503	114,6	3503	64
3504	114,5	3504	65
3505	114,5	3505	65
3506	114,5	3506	64
3507	114,4	3507	64
3508	114,4	3508	64
3509	114,3	3509	64
3510	114,3	3510	63
3511	114,1	3511	62
3512	114	3512	63
3513	114	3513	62
3514	114	3514	61
3515	113,9	3515	61
3516	113,9	3516	62
3517	113,8	3517	61
3518	113,6	3518	60
3519	113,6	3519	60
3520	113,5	3520	60
3521	113,5	3521	60
3522	113,5	3522	59
3523	113,5	3523	60
3524	113,4	3524	60
3525	113,3	3525	59
3526	113,1	3526	59
3527	113,1	3527	58
3528	113	3528	57
3529	113	3529	57
3530	113	3530	58
3531	112,9	3531	57
3532	112,9	3532	56
3533	112,8	3533	57
3534	112,8	3534	57
3535	112,6	3535	55
3536	112,5	3536	55
3537	112,5	3537	54
3538	112,5	3538	54
3539	112,4	3539	54
3540	112,4	3540	55
3541	112,3	3541	54
3542	112,1	3542	53
3543	112	3543	53
3544	112	3544	53
3545	112	3545	53
3546	111,9	3546	53
3547	111,9	3547	53
3548	111,8	3548	53
3549	111,6	3549	53
3550	111,6	3550	52
3551	111,5	3551	52
3552	111,5	3552	52
3553	111,5	3553	51
3554	111,4	3554	50
3555	111,3	3555	50
3556	111,1	3556	51
3557	111,1	3557	50
3558	111	3558	49
3559	111	3559	49
3560	111	3560	49
3561	110,9	3561	48
3562	110,9	3562	49
3563	110,8	3563	49
3564	110,8	3564	48
3565	110,6	3565	48
3566	110,6	3566	48
3567	110,5	3567	47
3568	110,5	3568	46
3569	110,5	3569	46
3570	110,4	3570	47
3571	110,4	3571	46
3572	110,3	3572	46
3573	110,1	3573	46
3574	110,1	3574	46
3575	110	3575	45
3576	110	3576	45
3577	110	3577	45
3578	109,9	3578	45
3579	109,8	3579	44
3580	109,8	3580	44
3581	109,6	3581	44
3582	109,5	3582	44
3583	109,5	3583	43
3584	109,5	3584	43
3585	109,5	3585	43
3586	109,4	3586	42
3587	109,3	3587	42
3588	109,3	3588	43
3589	109,1	3589	43
3590	109	3590	41
3591	109	3591	41
3592	109	3592	41
3593	108,9	3593	41
3594	108,9	3594	40
3595	108,8	3595	40
3596	108,8	3596	39
3597	108,6	3597	39
3598	108,6	3598	39
3599	108,5	3599	40
3600	108,5	3600	39
3601	108,5	3601	39
3602	108,4	3602	39
3603	108,3	3603	38
3604	108,3	3604	38
3605	108,1	3605	38
3606	108	3606	38
3607	108	3607	38
3608	108	3608	37
3609	108	3609	38
3610	107,9	3610	38
3611	107,8	3611	37
3612	107,8	3612	37
3613	107,6	3613	37
3614	107,5	3614	36
3615	107,5	3615	36
3616	107,5	3616	36
3617	107,4	3617	37
3618	107,4	3618	36
3619	107,3	3619	35
3620	107,1	3620	35
3621	107,1	3621	35
3622	107	3622	33
3623	107	3623	33
3624	107	3624	35
3625	106,9	3625	34
3626	106,8	3626	33
3627	106,8	3627	33
3628	106,6	3628	33
3629	106,6	3629	33
3630	106,5	3630	32
3631	106,5	3631	33
3632	106,5	3632	32
3633	106,4	3633	32
3634	106,4	3634	32
3635	106,3	3635	32
3636	106,3	3636	31
3637	106,1	3637	31
3638	106	3638	31
3639	106	3639	31
3640	106	3640	32
3641	106	3641	31
3642	105,9	3642	30
3643	105,9	3643	31
3644	105,8	3644	30
3645	105,6	3645	29
3646	105,6	3646	30
3647	105,5	3647	29
3648	105,5	3648	28
3649	105,5	3649	29
3650	105,5	3650	29
3651	105,4	3651	29
3652	105,4	3652	28
3653	105,3	3653	29
3654	105,1	3654	29
3655	105,1	3655	29
3656	105	3656	28
3657	105	3657	27
3658	105	3658	27
3659	105	3659	27
3660	104,9	3660	27
3661	104,9	3661	28
3662	104,8	3662	27
3663	104,8	3663	27
3664	104,6	3664	27
3665	104,5	3665	28
3666	104,5	3666	27
3667	104,5	3667	27
3668	104,5	3668	26
3669	104,4	3669	25
3670	104,4	3670	25
3671	104,3	3671	26
3672	104,3	3672	26
3673	104,1	3673	26
3674	104,1	3674	25
3675	104	3675	24
3676	104	3676	24
3677	104	3677	24
3678	104	3678	24
3679	103,9	3679	25
3680	103,9	3680	25
3681	103,8	3681	24
3682	103,6	3682	24
3683	103,6	3683	23
3684	103,6	3684	23
3685	103,5	3685	23
3686	103,5	3686	23
3687	103,5	3687	23
3688	103,5	3688	23
3689	103,4	3689	23
3690	103,4	3690	23
3691	103,3	3691	22
3692	103,3	3692	22
3693	103,1	3693	23
3694	103,1	3694	22
3695	103	3695	22
3696	103	3696	22
3697	103	3697	22
3698	103	3698	21
3699	102,9	3699	20
3700	102,9	3700	21
3701	102,8	3701	21
3702	102,8	3702	21
3703	102,6	3703	20
3704	102,5	3704	20
3705	102,5	3705	19
3706	102,5	3706	18
3707	102,5	3707	18
3708	102,4	3708	18
3709	102,4	3709	17
3710	102,3	3710	17
3711	102,1	3711	16
3712	102,1	3712	15
3713	102	3713	15
3714	102	3714	14
3715	102	3715	14
3716	101,9	3716	15
3717	101,8	3717	14
3718	101,8	3718	13
3719	101,6	3719	14
3720	101,5	3720	13
3721	101,5	3721	13
3722	101,4	3722	13
3723	101,1	3723	12
3724	101	3724	12
3725	101	3725	12
3726	100,9	3726	11
3727	100,8	3727	11
3728	100,6	3728	10
3729	100,5	3729	11
3730	100,5	3730	10
3731	100,4	3731	10
3732	100,3	3732	10
3733	100,1	3733	9
3734	100	3734	9
3735	100	3735	9
3736	99,9	3736	10
3737	99,8	3737	10
3738	99,6	3738	10
3739	99,6	3739	9
3740	99,5	3740	9
3741	99,5	3741	8
3742	99,4	3742	8
3743	99,3	3743	8
3744	99,3	3744	8
3745	99,1	3745	8
3746	99	3746	8
3747	99	3747	8
3748	98,9	3748	7
3749	98,9	3749	7
3750	98,8	3750	7
3751	98,6	3751	6
3752	98,5	3752	7
3753	98,5	3753	6
3754	98,5	3754	7
3755	98,4	3755	6
3756	98,4	3756	6
3757	98,3	3757	6
3758	98,1	3758	6
3759	98,1	3759	6
3760	98	3760	6
3761	98	3761	6
3762	98	3762	5
3763	97,9	3763	5
3764	97,9	3764	5
3765	97,8	3765	5
3766	97,6	3766	5
3767	97,6	3767	5
3768	97,5	3768	5
3769	97,5	3769	5
3770	97,5	3770	4
3771	97,5	3771	4
3772	97,4	3772	5
3773	97,4	3773	4
3774	97,3	3774	4
3775	97,1	3775	4
3776	97,1	3776	4
3777	97,1	3777	5
3778	97	3778	4
3779	97	3779	3
3780	97	3780	3
3781	97	3781	3
3782	96,9	3782	3
3783	96,9	3783	3
3784	96,8	3784	3
3785	96,8	3785	3
3786	96,6	3786	3
3787	96,6	3787	3
3788	96,5	3788	2
3789	96,5	3789	3
3790	96,5	3790	2
3791	96,5	3791	2
3792	96,4	3792	3
3793	96,4	3793	3
3794	96,3	3794	2
3795	96,3	3795	2
3796	96,1	3796	2
3797	96,1	3797	1
3798	96	3798	1
3799	96	3799	1
3800	96	3800	2
3801	96	3801	1
3802	96	3802	0
3803	95,9	3803	1
3804	95,9	3804	0
3805	95,8	3805	0
3806	95,8	3806	1
3807	95,8	3807	1
3808	95,6	3808	1
3809	95,6	3809	1
3810	95,5	3810	1
3811	95,5	3811	1
3812	95,5	3812	1
3813	95,5	3813	1
3814	95,5	3814	0
3815	95,4	3815	0
3816	95,4	3816	1
3817	95,3	3817	1
3818	95,3	3818	0
3819	95,1	3819	0
3820	95,1	3820	0
3821	95,1	3821	1
3822	95,1	3822	0
3823	95	3823	0
3824	95	3824	0
3825	95	3825	0
3826	95	3826	0
3827	94,9	3827	0
3828	94,9	3828	0
3829	94,9	3829	0
3830	94,9	3830	0
3831	94,8	3831	0
3832	94,8	3832	0
3833	94,8	3833	0
3834	94,8	3834	0
3835	94,6	3835	1
3836	94,6	3836	0
3837	94,6	3837	0
3838	94,6	3838	0
3839	94,6	3839	1
3840	94,6	3840	0
3841	94,6	3841	0
3842	94,6	3842	0
3843	94,5	3843	0
3844	94,5	3844	1
3845	94,5	3845	0
3846	94,5	3846	1
3847	94,5	3847	0
3848	94,5	3848	0
3849	94,5	3849	0
3850	94,5	3850	0
3851	94,5	3851	0
3852	94,5	3852	0
3853	94,5	3853	0
3854	94,5	3854	0
3855	94,5	3855	0
3856	94,5	3856	0
3857	94,5	3857	0
3858	94,5	3858	0
3859	94,5	3859	0
3860	94,5	3860	0
3861	94,5	3861	0
3862	94,5	3862	0
3863	94,5	3863	1
3864	94,5	3864	0
3865	94,5	3865	0
3866	94,5	3866	0
3867	94,5	3867	1
3868	94,5	3868	0
3869	94,5	3869	1
3870	94,5	3870	1
3871	94,5	3871	0
3872	94,5	3872	0
3873	94,5	3873	0
3874	94,5	3874	1
3875	94,5	3875	0
3876	94,5	3876	1
3877	94,5	3877	1
3878	94,4	3878	1
3879	94,4	3879	0
3880	94,4	3880	0
3881	94,4	3881	0
3882	94,4	3882	0
3883	94,4	3883	0
3884	94,4	3884	0
3885	94,4	3885	0
3886	94,4	3886	0
3887	94,4	3887	0
3888	94,4	3888	1
3889	94,4	3889	0
3890	94,4	3890	0
3891	94,4	3891	0
3892	94,4	3892	0
3893	94,4	3893	0
3894	94,4	3894	0
3895	94,4	3895	0
3896	94,3	3896	0
3897	94,3	3897	0
3898	94,3	3898	0
3899	94,3	3899	0
3900	94,3	3900	0
3901	94,3	3901	0
3902	94,3	3902	0
3903	94,3	3903	0
3904	94,3	3904	0
3905	94,3	3905	0
3906	94,3	3906	0
3907	94,3	3907	0
3908	94,3	3908	0
3909	94,1	3909	0
3910	94,1	3910	0
3911	94,1	3911	0
3912	94,1	3912	0
3913	94,1	3913	0
3914	94,1	3914	0
3915	94,1	3915	0
3916	94,1	3916	0
3917	94	3917	0
3918	94,1	3918	0
3919	94,1	3919	0
3920	94,1	3920	0
3921	94,1	3921	0
3922	94	3922	0
3923	94	3923	0
3924	94,1	3924	0
3925	94	3925	0
3926	94	3926	0
3927	94	3927	0
3928	94	3928	0
3929	94	3929	0
3930	94	3930	0
3931	94	3931	0
3932	94	3932	0
3933	94	3933	0
3934	94	3934	0
3935	94	3935	0
3936	94	3936	0
3937	94	3937	0
3938	94	3938	0
3939	94	3939	0
3940	94	3940	0
3941	94	3941	0
3942	94	3942	0
3943	94	3943	0
3944	94	3944	0
3945	94	3945	0
3946	94	3946	0
3947	94	3947	0
3948	94	3948	0
3949	94	3949	0
3950	94	3950	0
3951	94	3951	0
3952	93,9	3952	0
3953	93,9	3953	0
3954	93,9	3954	0
3955	93,9	3955	0
3956	93,9	3956	0
3957	93,9	3957	0
3958	93,9	3958	0
3959	93,9	3959	0
3960	93,9	3960	0
3961	93,9	3961	0
3962	93,9	3962	0
3963	93,8	3963	0
3964	93,8	3964	0
3965	93,8	3965	0
3966	93,8	3966	0
3967	93,8	3967	0
3968	93,8	3968	0
3969	93,8	3969	0
3970	93,8	3970	0
3971	93,8	3971	0
3972	93,8	3972	0
3973	93,8	3973	0
3974	93,6	3974	0
3975	93,6	3975	0
3976	93,6	3976	0
3977	93,6	3977	0
3978	93,6	3978	0
3979	93,6	3979	0
3980	93,6	3980	0
3981	93,6	3981	0
3982	93,6	3982	0
3983	93,6	3983	0
3984	93,6	3984	0
3985	93,6	3985	0
3986	93,6	3986	0
3987	93,6	3987	0
3988	93,6	3988	0
3989	93,6	3989	0
3990	93,6	3990	0
3991	93,6	3991	0
3992	93,6	3992	0
3993	93,5	3993	0
3994	93,5	3994	0
3995	93,5	3995	0
3996	93,5	3996	0
3997	93,5	3997	0
3998	93,5	3998	0
3999	93,5	3999	0
4000	93,5	4000	0
4001	93,5	4001	0
4002	93,5	4002	0
4003	93,5	4003	0
4004	93,5	4004	0
4005	93,5	4005	0
4006	93,5	4006	0
4007	93,5	4007	0
4008	93,5	4008	0
4009	93,5	4009	0
4010	93,5	4010	0
4011	93,5	4011	0
4012	93,5	4012	0
4013	93,5	4013	0
4014	93,5	4014	0
4015	93,4	4015	0
4016	93,4	4016	0
4017	93,4	4017	0
4018	93,4	4018	0
4019	93,4	4019	0
4020	93,4	4020	0
4021	93,4	4021	0
4022	93,4	4022	0
4023	93,4	4023	0
4024	93,4	4024	0
4025	93,4	4025	0
4026	93,3	4026	0
4027	93,3	4027	0
4028	93,3	4028	0
4029	93,3	4029	0
4030	93,3	4030	0
4031	93,3	4031	0
4032	93,3	4032	0
4033	93,1	4033	0
4034	93,1	4034	0
4035	93,1	4035	0
4036	93,1	4036	0
4037	93,1	4037	0
4038	93,1	4038	0
4039	93,1	4039	0
4040	93,1	4040	0
4041	93,1	4041	0
4042	93,1	4042	0
4043	93,1	4043	0
4044	93,1	4044	0
4045	93,1	4045	0
4046	93,1	4046	0
4047	93	4047	0
4048	93	4048	0
4049	93	4049	0
4050	93	4050	0
4051	93	4051	0
4052	93	4052	0
4053	93	4053	0
4054	93	4054	0
4055	93	4055	0
4056	93	4056	0
4057	93	4057	0
4058	93	4058	0
4059	93	4059	0
4060	93	4060	0
4061	93	4061	0
4062	93	4062	0
4063	93	4063	0
4064	93	4064	0
4065	93	4065	0
4066	93	4066	0
4067	92,9	4067	0
4068	92,9	4068	0
4069	92,9	4069	0
4070	92,9	4070	0
4071	92,9	4071	0
4072	92,9	4072	0
4073	92,9	4073	0
4074	92,9	4074	0
4075	92,9	4075	0
4076	92,9	4076	0
4077	92,9	4077	0
4078	92,9	4078	0
4079	92,8	4079	0
4080	92,9	4080	0
4081	92,8	4081	0
4082	92,8	4082	0
4083	92,8	4083	0
4084	92,8	4084	0
4085	92,8	4085	0
4086	92,8	4086	0
4087	92,8	4087	0
4088	92,8	4088	0
4089	92,8	4089	0
4090	92,8	4090	0
4091	92,8	4091	0
4092	92,8	4092	0
4093	92,8	4093	0
4094	92,6	4094	0
4095	92,6	4095	0
4096	92,6	4096	0
4097	92,6	4097	0
4098	92,6	4098	0
4099	92,6	4099	0
4100	92,6	4100	0
4101	92,6	4101	0
4102	92,5	4102	0
4103	92,5	4103	0
4104	92,5	4104	0
4105	92,5	4105	0
4106	92,5	4106	0
4107	92,5	4107	0
4108	92,5	4108	0
4109	92,5	4109	0
4110	92,5	4110	0
4111	92,5	4111	0
4112	92,5	4112	0
4113	92,5	4113	0
4114	92,5	4114	0
4115	92,5	4115	0
4116	92,5	4116	0
4117	92,5	4117	0
4118	92,5	4118	0
4119	92,5	4119	0
4120	92,5	4120	0
4121	92,5	4121	0
4122	92,5	4122	0
4123	92,5	4123	0
4124	92,5	4124	0
4125	92,5	4125	0
4126	92,5	4126	0
4127	92,5	4127	0
4128	92,5	4128	0
4129	92,4	4129	0
4130	92,5	4130	0
4131	92,4	4131	0
4132	92,4	4132	0
4133	92,4	4133	0
4134	92,4	4134	0
4135	92,4	4135	0
4136	92,4	4136	0
4137	92,4	4137	0
4138	92,3	4138	0
4139	92,3	4139	0
4140	92,3	4140	0
4141	92,3	4141	0
4142	92,3	4142	0
4143	92,3	4143	0
4144	92,3	4144	0
4145	92,3	4145	0
4146	92,3	4146	0
4147	92,3	4147	0
4148	92,3	4148	0
4149	92,3	4149	0
4150	92,3	4150	0
4151	92,3	4151	0
4152	92,3	4152	0
4153	92,1	4153	0
4154	92,1	4154	0
4155	92,1	4155	0
4156	92,1	4156	0
4157	92,1	4157	0
4158	92,1	4158	0
4159	92,1	4159	0
4160	92,1	4160	0
4161	92,1	4161	0
4162	92	4162	0
4163	92	4163	0
4164	92	4164	0
4165	92	4165	0
4166	92	4166	0
4167	92	4167	0
4168	92	4168	0
4169	92	4169	0
4170	92	4170	0
4171	92	4171	0
4172	92	4172	0
4173	92	4173	0
4174	92	4174	0
4175	92	4175	0
4176	92	4176	0
4177	92	4177	0
4178	92	4178	0
4179	92	4179	0
4180	92	4180	0
4181	92	4181	0
4182	92	4182	0
4183	92	4183	0
4184	92	4184	0
4185	92	4185	0
4186	92	4186	0
4187	92	4187	0
4188	92	4188	0
4189	92	4189	0
4190	92	4190	0
4191	91,9	4191	0
4192	91,9	4192	0
4193	91,9	4193	0
4194	91,9	4194	0
4195	91,9	4195	0
4196	91,9	4196	0
4197	91,9	4197	0
4198	91,9	4198	0
4199	91,9	4199	0
4200	91,9	4200	0
4201	91,9	4201	0
4202	91,9	4202	0
4203	91,9	4203	0
4204	91,9	4204	0
4205	91,9	4205	0
4206	91,9	4206	0
4207	91,9	4207	0
4208	91,8	4208	0
4209	91,8	4209	0
4210	91,8	4210	0
4211	91,8	4211	0
4212	91,8	4212	0
4213	91,8	4213	0
4214	91,8	4214	0
4215	91,8	4215	0
4216	91,8	4216	0
4217	91,8	4217	0
4218	91,8	4218	0
4219	91,8	4219	0
4220	91,8	4220	0
4221	91,8	4221	0
4222	91,8	4222	0
4223	91,8	4223	0
4224	91,8	4224	0
4225	91,8	4225	0
4226	91,8	4226	0
4227	91,6	4227	0
4228	91,8	4228	0
4229	91,6	4229	0
4230	91,6	4230	0
4231	91,6	4231	0
4232	91,6	4232	0
4233	91,6	4233	0
4234	91,6	4234	0
4235	91,6	4235	0
4236	91,6	4236	0
4237	91,6	4237	0
4238	91,6	4238	0
4239	91,6	4239	0
4240	91,6	4240	0
4241	91,5	4241	0
4242	91,5	4242	0
4243	91,5	4243	0
4244	91,5	4244	0
4245	91,5	4245	0
4246	91,5	4246	0
4247	91,5	4247	0
4248	91,5	4248	0
4249	91,5	4249	0
4250	91,5	4250	0
4251	91,5	4251	0
4252	91,5	4252	0
4253	91,5	4253	0
4254	91,5	4254	0
4255	91,5	4255	0
4256	91,5	4256	0
4257	91,5	4257	0
4258	91,5	4258	0
4259	91,5	4259	0
4260	91,5	4260	0
4261	91,5	4261	0
4262	91,5	4262	0
4263	91,5	4263	0
4264	91,5	4264	0
4265	91,5	4265	0
4266	91,5	4266	0
4267	91,5	4267	0
4268	91,5	4268	0
4269	91,5	4269	0
4270	91,5	4270	0
4271	91,5	4271	0
4272	91,5	4272	0
4273	91,4	4273	0
4274	91,4	4274	0
4275	91,4	4275	0
4276	91,4	4276	0
4277	91,4	4277	0
4278	91,4	4278	0
4279	91,4	4279	0
4280	91,4	4280	0
4281	91,4	4281	0
4282	91,4	4282	0
4283	91,3	4283	0
4284	91,3	4284	0
4285	91,3	4285	0
4286	91,3	4286	0
4287	91,3	4287	0
4288	91,3	4288	0
4289	91,3	4289	0
4290	91,3	4290	0
4291	91,3	4291	0
4292	91,3	4292	0
4293	91,3	4293	0
4294	91,3	4294	0
4295	91,3	4295	0
4296	91,3	4296	0
4297	91,3	4297	0
4298	91,3	4298	0
4299	91,3	4299	0
4300	91,3	4300	0
4301	91,3	4301	0
4302	91,1	4302	0
4303	91,1	4303	0
4304	91,1	4304	0
4305	91,1	4305	0
4306	91,1	4306	0
4307	91,1	4307	0
4308	91,1	4308	0
4309	91,1	4309	0
4310	91,1	4310	0
4311	91,1	4311	0
4312	91	4312	0
4313	91,1	4313	0
4314	91	4314	0
4315	91	4315	0
4316	91	4316	0
4317	91	4317	0
4318	91	4318	0
4319	91	4319	0
4320	91	4320	0
4321	91	4321	0
4322	91	4322	0
4323	91	4323	0
4324	91	4324	0
4325	91	4325	0
4326	91	4326	0
4327	91	4327	0
4328	91	4328	0
4329	91	4329	0
4330	91	4330	0
4331	91	4331	0
4332	91	4332	0
4333	91	4333	0
4334	91	4334	0
4335	91	4335	0
4336	91	4336	0
4337	91	4337	0
4338	91	4338	0
4339	91	4339	0
4340	91	4340	0
4341	91	4341	0
4342	91	4342	0
4343	90,9	4343	0
4344	90,9	4344	0
4345	90,9	4345	0
4346	90,9	4346	0
4347	90,9	4347	0
4348	90,9	4348	0
4349	90,9	4349	0
4350	90,9	4350	0
4351	90,9	4351	0
4352	90,8	4352	0
4353	90,8	4353	0
4354	90,8	4354	0
4355	90,8	4355	0
4356	90,8	4356	0
4357	90,8	4357	0
4358	90,8	4358	0
4359	90,8	4359	0
4360	90,8	4360	0
4361	90,8	4361	0
4362	90,8	4362	0
4363	90,8	4363	0
4364	90,8	4364	0
4365	90,8	4365	0
4366	90,8	4366	0
4367	90,6	4367	0
4368	90,6	4368	0
4369	90,6	4369	0
4370	90,6	4370	0
4371	90,6	4371	0
4372	90,6	4372	0
4373	90,6	4373	0
4374	90,6	4374	0
4375	90,6	4375	0
4376	90,6	4376	0
4377	90,6	4377	0
4378	90,5	4378	0
4379	90,5	4379	0
4380	90,5	4380	0
4381	90,5	4381	0
4382	90,5	4382	0
4383	90,5	4383	0
4384	90,5	4384	0
4385	90,5	4385	0
4386	90,5	4386	0
4387	90,5	4387	0
4388	90,5	4388	0
4389	90,5	4389	0
4390	90,5	4390	0
4391	90,5	4391	0
4392	90,5	4392	0
4393	90,5	4393	0
4394	90,5	4394	0
4395	90,5	4395	0
4396	90,5	4396	0
4397	90,5	4397	0
4398	90,5	4398	0
4399	90,5	4399	0
4400	90,5	4400	0
4401	90,5	4401	0
4402	90,5	4402	0
4403	90,5	4403	0
4404	90,5	4404	0
4405	90,5	4405	0
4406	90,5	4406	0
4407	90,5	4407	0
4408	90,4	4408	0
4409	90,4	4409	0
4410	90,4	4410	0
4411	90,4	4411	0
4412	90,4	4412	0
4413	90,4	4413	0
4414	90,4	4414	0
4415	90,4	4415	0
4416	90,4	4416	0
4417	90,4	4417	0
4418	90,4	4418	0
4419	90,3	4419	0
4420	90,3	4420	0
4421	90,3	4421	0
4422	90,3	4422	0
4423	90,3	4423	0
4424	90,3	4424	0
4425	90,3	4425	0
4426	90,3	4426	0
4427	90,3	4427	0
4428	90,3	4428	0
4429	90,3	4429	0
4430	90,3	4430	0
4431	90,1	4431	0
4432	90,1	4432	0
4433	90,1	4433	0
4434	90,1	4434	0
4435	90,1	4435	0
4436	90,1	4436	0
4437	90,1	4437	0
4438	90,1	4438	0
4439	90,1	4439	0
4440	90	4440	0
4441	90	4441	0
4442	90	4442	0
4443	90,1	4443	0
4444	90,1	4444	0
4445	90	4445	0
4446	90	4446	0
4447	90	4447	0
4448	90	4448	0
4449	90	4449	0
4450	90	4450	0
4451	90	4451	0
4452	90	4452	0
4453	90	4453	0
4454	90	4454	0
4455	90	4455	0
4456	90	4456	0
4457	90	4457	0
4458	90	4458	0
4459	90	4459	0
4460	90	4460	0
4461	90	4461	0
4462	90	4462	0
4463	90	4463	0
4464	90	4464	0
4465	90	4465	0
4466	90	4466	0
4467	90	4467	0
4468	90	4468	0
4469	90	4469	0
4470	90	4470	0
4471	89,9	4471	0
4472	89,9	4472	0
4473	89,9	4473	0
4474	89,9	4474	0
4475	89,9	4475	0
4476	89,9	4476	0
4477	89,9	4477	0
4478	89,9	4478	0
4479	89,9	4479	0
4480	89,9	4480	0
4481	89,9	4481	0
4482	89,9	4482	0
4483	89,9	4483	0
4484	89,9	4484	0
4485	89,9	4485	0
4486	89,8	4486	0
4487	89,8	4487	0
4488	89,8	4488	0
4489	89,8	4489	0
4490	89,8	4490	0
4491	89,8	4491	0
4492	89,8	4492	0
4493	89,8	4493	0
4494	89,8	4494	0
4495	89,8	4495	0
4496	89,8	4496	0
4497	89,8	4497	0
4498	89,8	4498	0
4499	89,8	4499	0
4500	89,8	4500	0
4501	89,6	4501	0
4502	89,6	4502	0
4503	89,6	4503	0
4504	89,6	4504	0
4505	89,6	4505	0
4506	89,6	4506	0
4507	89,6	4507	0
4508	89,6	4508	0
4509	89,6	4509	0
4510	89,6	4510	0
4511	89,6	4511	0
4512	89,5	4512	0
4513	89,5	4513	0
4514	89,5	4514	0
4515	89,5	4515	0
4516	89,5	4516	0
4517	89,5	4517	0
4518	89,5	4518	0
4519	89,5	4519	0
4520	89,5	4520	0
4521	89,5	4521	0
4522	89,5	4522	0
4523	89,5	4523	0
4524	89,5	4524	0
4525	89,5	4525	0
4526	89,5	4526	0
4527	89,5	4527	0
4528	89,5	4528	0
4529	89,5	4529	0
4530	89,5	4530	0
4531	89,5	4531	0
4532	89,4	4532	0
4533	89,4	4533	0
4534	89,4	4534	0
4535	89,4	4535	0
4536	89,4	4536	0
4537	89,4	4537	0
4538	89,4	4538	0
4539	89,4	4539	0
4540	89,4	4540	0
