Time - Temeperatura (°C)	Temperatura (°C) & Presión (kPa) - Temeperatura (°C)	Time - Presión (kPa)	Temperatura (°C) & Presión (kPa) - Presión (kPa)
0	68,9	0	0
1	66,5	1	0
2	66,5	2	0
3	66,5	3	0
4	66,5	4	0
5	66,6	5	0
6	66,6	6	0
7	66,8	7	0
8	66,8	8	0
9	66,8	9	0
10	66,9	10	0
11	66,9	11	0
12	66,9	12	0
13	67	13	0
14	67	14	0
15	67	15	0
16	67	16	0
17	67,1	17	0
18	67,1	18	0
19	67,1	19	0
20	67,3	20	0
21	67,3	21	0
22	67,4	22	0
23	67,4	23	0
24	67,4	24	0
25	67,5	25	0
26	67,5	26	0
27	67,5	27	0
28	67,5	28	0
29	67,5	29	0
30	67,5	30	0
31	67,6	31	0
32	67,6	32	0
33	67,6	33	0
34	67,8	34	0
35	67,8	35	0
36	67,8	36	0
37	67,9	37	0
38	67,9	38	0
39	67,9	39	0
40	67,9	40	0
41	68	41	0
42	68	42	0
43	68	43	0
44	68	44	0
45	68	45	0
46	68	46	0
47	68	47	0
48	68,1	48	0
49	68,1	49	0
50	68,1	50	0
51	68,1	51	0
52	68,1	52	0
53	68,3	53	0
54	68,3	54	0
55	68,3	55	0
56	68,3	56	0
57	68,4	57	0
58	68,4	58	0
59	68,4	59	0
60	68,4	60	0
61	68,4	61	0
62	68,4	62	0
63	68,5	63	0
64	68,5	64	0
65	68,5	65	0
66	68,5	66	0
67	68,5	67	0
68	68,5	68	0
69	68,5	69	0
70	68,5	70	0
71	68,5	71	0
72	68,5	72	0
73	68,6	73	0
74	68,6	74	0
75	68,6	75	0
76	68,6	76	0
77	68,6	77	0
78	68,6	78	0
79	68,6	79	0
80	68,8	80	0
81	68,8	81	0
82	68,8	82	0
83	68,8	83	0
84	68,8	84	0
85	68,8	85	0
86	68,9	86	0
87	68,9	87	0
88	68,9	88	0
89	68,9	89	0
90	68,9	90	0
91	68,9	91	0
92	68,9	92	0
93	68,9	93	0
94	69	94	0
95	69	95	0
96	69	96	0
97	69	97	0
98	69	98	0
99	69	99	0
100	69	100	0
101	69	101	0
102	69	102	0
103	69,1	103	0
104	69,1	104	0
105	69,1	105	0
106	69,1	106	0
107	69,3	107	0
108	69,3	108	0
109	69,3	109	0
110	69,3	110	0
111	69,3	111	0
112	69,3	112	0
113	69,4	113	0
114	69,4	114	0
115	69,4	115	0
116	69,4	116	0
117	69,4	117	0
118	69,4	118	0
119	69,4	119	0
120	69,4	120	0
121	69,4	121	0
122	69,4	122	0
123	69,4	123	0
124	69,5	124	0
125	69,5	125	0
126	69,5	126	0
127	69,5	127	0
128	69,5	128	0
129	69,5	129	0
130	69,5	130	0
131	69,5	131	0
132	69,5	132	0
133	69,5	133	0
134	69,5	134	0
135	69,5	135	0
136	69,5	136	0
137	69,5	137	0
138	69,5	138	0
139	69,5	139	0
140	69,5	140	0
141	69,5	141	0
142	69,5	142	0
143	69,5	143	0
144	69,5	144	0
145	69,5	145	0
146	69,5	146	0
147	69,5	147	0
148	69,5	148	0
149	69,5	149	0
150	69,5	150	0
151	69,5	151	0
152	69,5	152	0
153	69,5	153	0
154	69,5	154	0
155	69,5	155	0
156	69,5	156	0
157	69,5	157	0
158	69,6	158	0
159	69,6	159	0
160	69,6	160	0
161	69,6	161	0
162	69,6	162	0
163	69,6	163	0
164	69,6	164	0
165	69,6	165	0
166	69,6	166	0
167	69,6	167	0
168	69,6	168	0
169	69,6	169	0
170	69,6	170	0
171	69,6	171	0
172	69,6	172	0
173	69,6	173	0
174	69,6	174	0
175	69,6	175	0
176	69,6	176	0
177	69,6	177	0
178	69,6	178	0
179	69,6	179	0
180	69,6	180	0
181	69,6	181	0
182	69,6	182	0
183	69,6	183	0
184	69,6	184	0
185	69,6	185	0
186	69,6	186	0
187	69,6	187	0
188	69,6	188	0
189	69,6	189	0
190	69,6	190	0
191	69,6	191	0
192	69,6	192	0
193	69,6	193	0
194	69,6	194	0
195	69,6	195	0
196	69,6	196	0
197	69,6	197	0
198	69,6	198	0
199	69,6	199	0
200	69,6	200	0
201	69,6	201	0
202	69,6	202	0
203	69,6	203	0
204	69,6	204	0
205	69,6	205	0
206	69,5	206	0
207	69,5	207	0
208	69,6	208	0
209	69,6	209	0
210	69,6	210	0
211	69,6	211	0
212	69,6	212	0
213	69,6	213	0
214	69,6	214	0
215	69,6	215	0
216	69,6	216	0
217	69,6	217	0
218	69,6	218	0
219	69,6	219	0
220	69,6	220	0
221	69,6	221	0
222	69,6	222	0
223	69,6	223	0
224	69,6	224	0
225	69,6	225	0
226	69,6	226	0
227	69,6	227	0
228	69,6	228	0
229	69,6	229	0
230	69,8	230	0
231	69,8	231	0
232	69,8	232	0
233	69,8	233	0
234	69,8	234	0
235	69,8	235	0
236	69,8	236	0
237	69,8	237	0
238	69,8	238	0
239	69,8	239	0
240	69,8	240	0
241	69,8	241	0
242	69,8	242	0
243	69,8	243	0
244	69,8	244	0
245	69,8	245	0
246	69,8	246	0
247	69,9	247	0
248	69,9	248	0
249	69,9	249	0
250	69,9	250	0
251	69,9	251	0
252	69,9	252	0
253	69,9	253	0
254	69,9	254	0
255	69,9	255	0
256	69,9	256	0
257	69,9	257	0
258	69,9	258	0
259	69,9	259	0
260	69,9	260	0
261	69,9	261	0
262	69,9	262	0
263	69,9	263	0
264	69,9	264	0
265	69,9	265	0
266	69,9	266	0
267	69,9	267	0
268	69,9	268	0
269	69,9	269	0
270	69,9	270	0
271	69,9	271	0
272	69,9	272	0
273	69,9	273	0
274	69,9	274	0
275	69,9	275	0
276	69,9	276	0
277	69,9	277	0
278	69,9	278	0
279	69,9	279	0
280	69,9	280	0
281	69,9	281	0
282	69,9	282	0
283	69,9	283	0
284	69,9	284	0
285	69,9	285	0
286	69,9	286	0
287	69,9	287	0
288	69,9	288	0
289	69,9	289	0
290	69,9	290	0
291	69,9	291	0
292	69,9	292	0
293	69,9	293	0
294	69,8	294	0
295	69,8	295	0
296	69,8	296	0
297	69,8	297	0
298	69,9	298	0
299	69,8	299	0
300	69,8	300	0
301	69,9	301	0
302	69,8	302	0
303	69,8	303	0
304	69,8	304	0
305	69,8	305	0
306	69,8	306	0
307	69,8	307	0
308	69,8	308	0
309	69,8	309	0
310	69,8	310	0
311	69,8	311	0
312	69,8	312	0
313	69,8	313	0
314	69,8	314	0
315	69,8	315	0
316	69,8	316	0
317	69,8	317	0
318	69,8	318	0
319	69,8	319	0
320	69,8	320	0
321	69,8	321	0
322	69,8	322	0
323	69,8	323	0
324	69,6	324	0
325	69,6	325	0
326	69,6	326	0
327	69,6	327	0
328	69,6	328	0
329	69,6	329	0
330	69,6	330	0
331	69,6	331	0
332	69,6	332	0
333	69,6	333	0
334	69,6	334	0
335	69,6	335	0
336	69,6	336	0
337	69,6	337	0
338	69,6	338	0
339	69,6	339	0
340	69,6	340	0
341	69,6	341	0
342	69,6	342	0
343	69,6	343	0
344	69,6	344	0
345	69,6	345	0
346	69,6	346	0
347	69,6	347	0
348	69,6	348	0
349	69,6	349	0
350	69,6	350	0
351	69,6	351	0
352	69,6	352	0
353	69,6	353	0
354	69,5	354	0
355	69,5	355	0
356	69,5	356	0
357	69,5	357	0
358	69,5	358	0
359	69,5	359	0
360	69,5	360	0
361	69,5	361	0
362	69,5	362	0
363	69,5	363	0
364	69,5	364	0
365	69,5	365	0
366	69,5	366	0
367	69,5	367	0
368	69,5	368	0
369	69,5	369	0
370	69,5	370	0
371	69,5	371	0
372	69,5	372	0
373	69,5	373	0
374	69,5	374	0
375	69,5	375	0
376	69,5	376	0
377	69,5	377	0
378	69,5	378	0
379	69,5	379	0
380	69,5	380	0
381	69,5	381	0
382	69,5	382	0
383	69,5	383	0
384	69,5	384	0
385	69,5	385	0
386	69,5	386	0
387	69,5	387	0
388	69,5	388	0
389	69,5	389	0
390	69,5	390	0
391	69,5	391	0
392	69,5	392	0
393	69,5	393	0
394	69,5	394	0
395	69,5	395	0
396	69,5	396	0
397	69,5	397	0
398	69,5	398	0
399	69,5	399	0
400	69,5	400	0
401	69,5	401	0
402	69,5	402	0
403	69,5	403	0
404	69,5	404	0
405	69,5	405	0
406	69,4	406	0
407	69,4	407	0
408	69,4	408	0
409	69,4	409	0
410	69,4	410	0
411	69,4	411	0
412	69,4	412	0
413	69,4	413	0
414	69,4	414	0
415	69,4	415	0
416	69,4	416	0
417	69,4	417	0
418	69,4	418	0
419	69,4	419	0
420	69,4	420	0
421	69,4	421	0
422	69,4	422	0
423	69,4	423	0
424	69,4	424	0
425	69,4	425	0
426	69,4	426	0
427	69,4	427	0
428	69,3	428	0
429	69,3	429	0
430	69,3	430	0
431	69,3	431	0
432	69,3	432	0
433	69,4	433	0
434	69,3	434	0
435	69,3	435	0
436	69,3	436	0
437	69,3	437	0
438	69,3	438	0
439	69,3	439	0
440	69,3	440	0
441	69,3	441	0
442	69,3	442	0
443	69,3	443	0
444	69,3	444	0
445	69,3	445	0
446	69,3	446	0
447	69,3	447	0
448	69,3	448	0
449	69,3	449	0
450	69,3	450	0
451	69,1	451	0
452	69,3	452	0
453	69,1	453	0
454	69,1	454	0
455	69,1	455	0
456	69,1	456	0
457	69,1	457	0
458	69,1	458	0
459	69,1	459	0
460	69,1	460	0
461	69,1	461	0
462	69,1	462	0
463	69,1	463	0
464	69,1	464	0
465	69,1	465	0
466	69,1	466	0
467	69,1	467	0
468	69,1	468	0
469	69,1	469	0
470	69,1	470	0
471	69	471	0
472	69	472	0
473	69	473	0
474	69	474	0
475	69	475	0
476	69	476	0
477	69	477	0
478	69	478	0
479	69	479	0
480	69	480	0
481	69	481	0
482	69	482	0
483	69	483	0
484	69	484	0
485	69	485	0
486	69	486	0
487	69	487	0
488	69	488	0
489	69	489	0
490	69	490	0
491	69	491	0
492	69	492	0
493	69	493	0
494	69	494	0
495	69	495	0
496	69	496	0
497	69	497	0
498	69	498	0
499	69	499	0
500	69	500	0
501	69	501	0
502	68,9	502	0
503	68,9	503	0
504	68,9	504	0
505	68,9	505	0
506	68,9	506	0
507	68,9	507	0
508	68,9	508	0
509	68,9	509	0
510	68,9	510	0
511	68,9	511	0
512	68,9	512	0
513	68,9	513	0
514	68,9	514	0
515	68,9	515	0
516	68,9	516	0
517	68,9	517	0
518	68,9	518	0
519	68,9	519	0
520	68,9	520	0
521	68,9	521	0
522	68,9	522	0
523	68,8	523	0
524	68,8	524	0
525	68,8	525	0
526	68,8	526	0
527	68,8	527	0
528	68,8	528	0
529	68,8	529	0
530	68,8	530	0
531	68,8	531	0
532	68,8	532	0
533	68,8	533	0
534	68,8	534	0
535	68,8	535	0
536	68,8	536	0
537	68,8	537	0
538	68,8	538	0
539	68,8	539	0
540	68,8	540	0
541	68,8	541	0
542	68,8	542	0
543	68,8	543	0
544	68,8	544	0
545	68,8	545	0
546	68,8	546	0
547	68,8	547	0
548	68,8	548	0
549	68,8	549	0
550	68,8	550	0
551	68,8	551	0
552	68,6	552	0
553	68,6	553	0
554	68,6	554	0
555	68,6	555	0
556	68,6	556	0
557	68,6	557	0
558	68,6	558	0
559	68,6	559	0
560	68,6	560	0
561	68,6	561	0
562	68,6	562	0
563	68,6	563	0
564	68,6	564	0
565	68,6	565	0
566	68,6	566	0
567	68,6	567	0
568	68,6	568	0
569	68,6	569	0
570	68,6	570	0
571	68,6	571	0
572	68,6	572	0
573	68,5	573	0
574	68,6	574	0
575	68,6	575	0
576	68,6	576	0
577	68,6	577	0
578	68,6	578	0
579	68,6	579	0
580	68,5	580	0
581	68,5	581	0
582	68,5	582	0
583	68,5	583	0
584	68,5	584	0
585	68,5	585	0
586	68,5	586	0
587	68,5	587	0
588	68,5	588	0
589	68,5	589	0
590	68,5	590	0
591	68,5	591	0
592	68,5	592	0
593	68,5	593	0
594	68,5	594	0
595	68,5	595	0
596	68,5	596	0
597	68,5	597	0
598	68,5	598	0
599	68,5	599	0
600	68,5	600	0
601	68,5	601	0
602	68,5	602	0
603	68,5	603	0
604	68,5	604	0
605	68,5	605	0
606	68,5	606	0
607	68,5	607	0
608	68,5	608	0
609	68,5	609	0
610	68,5	610	0
611	68,5	611	0
612	68,5	612	0
613	68,5	613	0
614	68,5	614	0
615	68,5	615	0
616	68,5	616	0
617	68,5	617	0
618	68,5	618	0
619	68,5	619	0
620	68,5	620	0
621	68,5	621	0
622	68,5	622	0
623	68,5	623	0
624	68,4	624	0
625	68,4	625	0
626	68,4	626	0
627	68,4	627	0
628	68,5	628	0
629	68,5	629	0
630	68,5	630	0
631	68,5	631	0
632	68,5	632	0
633	68,5	633	0
634	68,5	634	0
635	68,5	635	0
636	68,5	636	0
637	68,5	637	0
638	68,5	638	0
639	68,5	639	0
640	68,5	640	0
641	68,5	641	0
642	68,5	642	0
643	68,5	643	0
644	68,6	644	0
645	68,6	645	0
646	68,8	646	0
647	68,8	647	0
648	68,9	648	0
649	68,9	649	0
650	69	650	0
651	69	651	0
652	69	652	0
653	69,1	653	0
654	69,3	654	0
655	69,3	655	0
656	69,4	656	0
657	69,5	657	0
658	69,5	658	0
659	69,6	659	0
660	69,8	660	0
661	69,8	661	0
662	69,9	662	0
663	70	663	0
664	70	664	0
665	70,1	665	0
666	70,3	666	0
667	70,4	667	0
668	70,5	668	0
669	70,5	669	0
670	70,6	670	0
671	70,8	671	0
672	70,8	672	0
673	71	673	0
674	71	674	0
675	71	675	0
676	71,1	676	0
677	71,3	677	0
678	71,4	678	0
679	71,5	679	0
680	71,5	680	0
681	71,6	681	0
682	71,8	682	0
683	71,9	683	0
684	72	684	0
685	72	685	0
686	72,1	686	0
687	72,1	687	0
688	72,3	688	0
689	72,4	689	0
690	72,5	690	0
691	72,5	691	0
692	72,5	692	0
693	72,6	693	0
694	72,8	694	0
695	72,9	695	0
696	73	696	0
697	73	697	0
698	73	698	0
699	73,1	699	0
700	73,3	700	0
701	73,3	701	0
702	73,4	702	0
703	73,5	703	0
704	73,5	704	0
705	73,5	705	0
706	73,6	706	0
707	73,8	707	0
708	73,8	708	0
709	73,9	709	0
710	74	710	0
711	74	711	0
712	74,1	712	0
713	74,1	713	0
714	74,3	714	0
715	74,4	715	0
716	74,5	716	0
717	74,5	717	0
718	74,5	718	0
719	74,6	719	0
720	74,8	720	0
721	74,8	721	0
722	74,9	722	0
723	75	723	0
724	75	724	0
725	75,1	725	0
726	75,1	726	0
727	75,3	727	0
728	75,4	728	0
729	75,5	729	0
730	75,5	730	0
731	75,6	731	0
732	75,6	732	0
733	75,8	733	0
734	75,9	734	0
735	76	735	0
736	76	736	0
737	76	737	0
738	76,1	738	0
739	76,3	739	0
740	76,4	740	0
741	76,5	741	0
742	76,5	742	0
743	76,6	743	0
744	76,8	744	0
745	76,9	745	1
746	76,9	746	0
747	77	747	0
748	77	748	1
749	77,1	749	1
750	77,3	750	1
751	77,4	751	1
752	77,5	752	1
753	77,6	753	1
754	77,8	754	1
755	77,9	755	2
756	78	756	2
757	78	757	1
758	78,3	758	1
759	78,4	759	1
760	78,5	760	1
761	78,5	761	2
762	78,6	762	2
763	78,8	763	2
764	79	764	2
765	79	765	2
766	79,1	766	2
767	79,4	767	2
768	79,5	768	2
769	79,5	769	3
770	79,6	770	3
771	79,8	771	3
772	79,9	772	3
773	80	773	3
774	80,1	774	4
775	80,3	775	4
776	80,4	776	4
777	80,5	777	4
778	80,5	778	4
779	80,8	779	4
780	80,9	780	4
781	81	781	4
782	81	782	5
783	81,1	783	5
784	81,3	784	6
785	81,4	785	5
786	81,5	786	5
787	81,6	787	4
788	81,8	788	4
789	81,9	789	4
790	82	790	5
791	82	791	6
792	82,1	792	6
793	82,3	793	5
794	82,4	794	5
795	82,5	795	5
796	82,5	796	5
797	82,6	797	6
798	82,8	798	6
799	82,9	799	7
800	83	800	7
801	83	801	7
802	83,1	802	7
803	83,3	803	7
804	83,4	804	7
805	83,5	805	7
806	83,5	806	8
807	83,6	807	8
808	83,8	808	8
809	83,9	809	8
810	84	810	8
811	84	811	7
812	84	812	8
813	84,1	813	8
814	84,3	814	8
815	84,4	815	8
816	84,5	816	9
817	84,5	817	9
818	84,5	818	9
819	84,6	819	9
820	84,8	820	9
821	84,9	821	10
822	85	822	10
823	85	823	9
824	85,1	824	10
825	85,3	825	9
826	85,4	826	9
827	85,5	827	10
828	85,5	828	11
829	85,5	829	11
830	85,6	830	10
831	85,8	831	10
832	85,8	832	10
833	85,9	833	11
834	86	834	11
835	86	835	11
836	86	836	11
837	86,1	837	11
838	86,3	838	11
839	86,4	839	11
840	86,4	840	11
841	86,5	841	13
842	86,5	842	13
843	86,5	843	12
844	86,6	844	13
845	86,8	845	12
846	86,9	846	13
847	87	847	13
848	87	848	14
849	87,1	849	13
850	87,3	850	12
851	87,3	851	12
852	87,4	852	14
853	87,5	853	14
854	87,5	854	13
855	87,6	855	14
856	87,8	856	14
857	87,9	857	14
858	88	858	14
859	88	859	15
860	88	860	15
861	88,1	861	15
862	88,3	862	14
863	88,3	863	15
864	88,4	864	15
865	88,5	865	15
866	88,5	866	15
867	88,6	867	15
868	88,6	868	16
869	88,8	869	16
870	88,9	870	16
871	89	871	17
872	89	872	16
873	89	873	16
874	89,1	874	17
875	89,3	875	17
876	89,4	876	18
877	89,5	877	17
878	89,5	878	17
879	89,5	879	18
880	89,6	880	18
881	89,8	881	18
882	89,8	882	18
883	89,9	883	18
884	90	884	18
885	90	885	18
886	90	886	18
887	90,1	887	19
888	90,3	888	18
889	90,4	889	18
890	90,4	890	18
891	90,5	891	19
892	90,5	892	19
893	90,6	893	20
894	90,8	894	19
895	90,8	895	19
896	90,9	896	19
897	91	897	20
898	91	898	19
899	91,1	899	20
900	91,3	900	20
901	91,3	901	22
902	91,4	902	22
903	91,5	903	21
904	91,5	904	21
905	91,5	905	21
906	91,6	906	21
907	91,8	907	21
908	91,8	908	22
909	91,9	909	22
910	92	910	22
911	92	911	22
912	92	912	22
913	92	913	22
914	92,1	914	22
915	92,1	915	22
916	92,3	916	23
917	92,4	917	24
918	92,4	918	23
919	92,5	919	22
920	92,5	920	23
921	92,5	921	24
922	92,6	922	25
923	92,6	923	25
924	92,8	924	25
925	92,9	925	24
926	93	926	25
927	93	927	25
928	93	928	25
929	93,1	929	25
930	93,3	930	25
931	93,3	931	25
932	93,4	932	26
933	93,5	933	26
934	93,5	934	26
935	93,6	935	27
936	93,8	936	26
937	93,8	937	27
938	93,9	938	27
939	94	939	27
940	94	940	27
941	94,1	941	27
942	94,1	942	28
943	94,3	943	29
944	94,4	944	29
945	94,5	945	28
946	94,5	946	28
947	94,6	947	28
948	94,8	948	28
949	94,9	949	27
950	95	950	28
951	95	951	28
952	95	952	28
953	95,1	953	29
954	95,3	954	29
955	95,4	955	29
956	95,4	956	29
957	95,5	957	29
958	95,5	958	30
959	95,6	959	31
960	95,6	960	31
961	95,8	961	31
962	95,9	962	31
963	95,9	963	31
964	96	964	31
965	96	965	31
966	96	966	32
967	96,1	967	32
968	96,1	968	31
969	96,3	969	31
970	96,3	970	32
971	96,4	971	32
972	96,5	972	32
973	96,5	973	33
974	96,5	974	33
975	96,6	975	33
976	96,6	976	34
977	96,8	977	33
978	96,9	978	34
979	96,9	979	33
980	97	980	33
981	97	981	34
982	97	982	34
983	97,1	983	35
984	97,1	984	35
985	97,3	985	35
986	97,4	986	35
987	97,4	987	35
988	97,5	988	36
989	97,5	989	36
990	97,5	990	36
991	97,6	991	36
992	97,6	992	37
993	97,8	993	37
994	97,8	994	36
995	97,9	995	37
996	97,9	996	37
997	97,9	997	37
998	98	998	37
999	98	999	38
1000	98	1000	38
1001	98,1	1001	38
1002	98,3	1002	37
1003	98,3	1003	38
1004	98,4	1004	39
1005	98,5	1005	39
1006	98,5	1006	39
1007	98,5	1007	38
1008	98,6	1008	38
1009	98,8	1009	39
1010	98,9	1010	40
1011	99	1011	39
1012	99	1012	40
1013	99	1013	40
1014	99,1	1014	40
1015	99,3	1015	41
1016	99,4	1016	41
1017	99,4	1017	41
1018	99,5	1018	41
1019	99,5	1019	40
1020	99,5	1020	41
1021	99,6	1021	41
1022	99,6	1022	41
1023	99,8	1023	43
1024	99,9	1024	43
1025	99,9	1025	42
1026	100	1026	43
1027	100	1027	43
1028	100	1028	43
1029	100,1	1029	44
1030	100,1	1030	44
1031	100,3	1031	44
1032	100,4	1032	44
1033	100,5	1033	43
1034	100,5	1034	44
1035	100,5	1035	45
1036	100,6	1036	45
1037	100,8	1037	45
1038	100,9	1038	45
1039	101	1039	46
1040	101	1040	46
1041	101	1041	46
1042	101,1	1042	46
1043	101,3	1043	47
1044	101,4	1044	47
1045	101,4	1045	46
1046	101,5	1046	47
1047	101,5	1047	47
1048	101,6	1048	46
1049	101,6	1049	47
1050	101,8	1050	48
1051	101,8	1051	48
1052	101,9	1052	48
1053	101,9	1053	49
1054	101,9	1054	50
1055	102	1055	50
1056	102	1056	49
1057	102	1057	49
1058	102	1058	49
1059	102,1	1059	49
1060	102,1	1060	49
1061	102,1	1061	49
1062	102,3	1062	49
1063	102,3	1063	51
1064	102,4	1064	51
1065	102,4	1065	51
1066	102,5	1066	50
1067	102,5	1067	50
1068	102,5	1068	51
1069	102,5	1069	51
1070	102,6	1070	51
1071	102,8	1071	52
1072	102,9	1072	52
1073	102,9	1073	52
1074	103	1074	52
1075	103	1075	53
1076	103	1076	53
1077	103,1	1077	53
1078	103,3	1078	54
1079	103,4	1079	54
1080	103,4	1080	54
1081	103,5	1081	55
1082	103,5	1082	55
1083	103,6	1083	55
1084	103,6	1084	55
1085	103,8	1085	55
1086	103,9	1086	55
1087	103,9	1087	55
1088	104	1088	55
1089	104	1089	55
1090	104	1090	56
1091	104	1091	56
1092	104,1	1092	57
1093	104,1	1093	58
1094	104,3	1094	57
1095	104,4	1095	57
1096	104,5	1096	57
1097	104,5	1097	58
1098	104,5	1098	58
1099	104,6	1099	58
1100	104,8	1100	59
1101	104,8	1101	58
1102	104,9	1102	58
1103	104,9	1103	59
1104	105	1104	59
1105	105	1105	59
1106	105	1106	59
1107	105,1	1107	59
1108	105,3	1108	59
1109	105,4	1109	59
1110	105,4	1110	60
1111	105,5	1111	61
1112	105,5	1112	61
1113	105,5	1113	60
1114	105,5	1114	60
1115	105,6	1115	61
1116	105,6	1116	62
1117	105,8	1117	61
1118	105,9	1118	61
1119	105,9	1119	62
1120	106	1120	62
1121	106	1121	62
1122	106,1	1122	63
1123	106,3	1123	64
1124	106,4	1124	64
1125	106,4	1125	64
1126	106,5	1126	63
1127	106,5	1127	64
1128	106,6	1128	64
1129	106,6	1129	64
1130	106,8	1130	65
1131	106,9	1131	65
1132	107	1132	65
1133	107	1133	65
1134	107	1134	65
1135	107	1135	65
1136	107,1	1136	66
1137	107,1	1137	66
1138	107,3	1138	66
1139	107,3	1139	67
1140	107,4	1140	67
1141	107,4	1141	68
1142	107,5	1142	67
1143	107,5	1143	68
1144	107,5	1144	69
1145	107,5	1145	69
1146	107,6	1146	68
1147	107,8	1147	68
1148	107,8	1148	69
1149	107,9	1149	68
1150	108	1150	68
1151	108	1151	69
1152	108	1152	70
1153	108	1153	70
1154	108,1	1154	70
1155	108,3	1155	70
1156	108,3	1156	70
1157	108,4	1157	70
1158	108,5	1158	71
1159	108,5	1159	71
1160	108,5	1160	72
1161	108,6	1161	72
1162	108,8	1162	72
1163	108,8	1163	72
1164	108,9	1164	72
1165	109	1165	73
1166	109	1166	73
1167	109	1167	73
1168	109,1	1168	73
1169	109,3	1169	73
1170	109,3	1170	74
1171	109,4	1171	74
1172	109,5	1172	74
1173	109,5	1173	75
1174	109,5	1174	76
1175	109,6	1175	75
1176	109,6	1176	75
1177	109,8	1177	75
1178	109,8	1178	76
1179	109,9	1179	76
1180	110	1180	76
1181	110	1181	76
1182	110	1182	76
1183	110,1	1183	76
1184	110,1	1184	76
1185	110,3	1185	76
1186	110,4	1186	78
1187	110,4	1187	78
1188	110,5	1188	78
1189	110,5	1189	78
1190	110,5	1190	78
1191	110,6	1191	78
1192	110,8	1192	79
1193	110,8	1193	79
1194	110,9	1194	80
1195	111	1195	80
1196	111	1196	80
1197	111	1197	81
1198	111	1198	81
1199	111,1	1199	81
1200	111,3	1200	81
1201	111,3	1201	82
1202	111,4	1202	82
1203	111,4	1203	82
1204	111,5	1204	83
1205	111,5	1205	83
1206	111,5	1206	83
1207	111,5	1207	83
1208	111,6	1208	83
1209	111,8	1209	83
1210	111,8	1210	84
1211	111,9	1211	84
1212	111,9	1212	84
1213	112	1213	85
1214	112	1214	84
1215	112	1215	84
1216	112,1	1216	84
1217	112,1	1217	85
1218	112,3	1218	86
1219	112,4	1219	86
1220	112,5	1220	86
1221	112,5	1221	87
1222	112,5	1222	87
1223	112,6	1223	88
1224	112,8	1224	89
1225	112,9	1225	88
1226	112,9	1226	87
1227	113	1227	88
1228	113	1228	88
1229	113	1229	88
1230	113,1	1230	89
1231	113,1	1231	89
1232	113,3	1232	90
1233	113,4	1233	90
1234	113,4	1234	90
1235	113,5	1235	90
1236	113,5	1236	91
1237	113,5	1237	90
1238	113,5	1238	91
1239	113,6	1239	92
1240	113,6	1240	92
1241	113,8	1241	92
1242	113,8	1242	92
1243	113,9	1243	92
1244	113,9	1244	93
1245	114	1245	93
1246	114	1246	93
1247	114	1247	92
1248	114	1248	94
1249	114,1	1249	94
1250	114,3	1250	94
1251	114,3	1251	94
1252	114,4	1252	94
1253	114,4	1253	95
1254	114,5	1254	96
1255	114,5	1255	96
1256	114,5	1256	95
1257	114,5	1257	96
1258	114,6	1258	97
1259	114,8	1259	97
1260	114,8	1260	97
1261	114,9	1261	97
1262	115	1262	97
1263	115	1263	97
1264	115	1264	98
1265	115,1	1265	98
1266	115,3	1266	97
1267	115,3	1267	98
1268	115,4	1268	99
1269	115,5	1269	100
1270	115,5	1270	99
1271	115,5	1271	100
1272	115,5	1272	100
1273	115,6	1273	101
1274	115,6	1274	101
1275	115,8	1275	102
1276	115,9	1276	102
1277	115,9	1277	101
1278	116	1278	101
1279	116	1279	102
1280	116	1280	102
1281	116,1	1281	103
1282	116,1	1282	103
1283	116,3	1283	103
1284	116,3	1284	103
1285	116,4	1285	104
1286	116,5	1286	104
1287	116,5	1287	105
1288	116,5	1288	104
1289	116,6	1289	105
1290	116,6	1290	105
1291	116,8	1291	105
1292	116,9	1292	105
1293	116,9	1293	105
1294	117	1294	105
1295	117	1295	106
1296	117	1296	107
1297	117,1	1297	108
1298	117,3	1298	108
1299	117,3	1299	108
1300	117,4	1300	107
1301	117,5	1301	108
1302	117,5	1302	109
1303	117,6	1303	109
1304	117,6	1304	110
1305	117,8	1305	111
1306	117,9	1306	110
1307	118	1307	111
1308	118	1308	111
1309	118	1309	110
1310	118,1	1310	111
1311	118,1	1311	112
1312	118,3	1312	112
1313	118,4	1313	112
1314	118,4	1314	112
1315	118,5	1315	112
1316	118,5	1316	112
1317	118,5	1317	112
1318	118,6	1318	113
1319	118,6	1319	113
1320	118,8	1320	113
1321	118,8	1321	113
1322	118,9	1322	114
1323	118,9	1323	115
1324	119	1324	116
1325	119	1325	116
1326	119	1326	115
1327	119	1327	116
1328	119,1	1328	117
1329	119,3	1329	117
1330	119,4	1330	117
1331	119,5	1331	117
1332	119,5	1332	118
1333	119,5	1333	119
1334	119,6	1334	119
1335	119,6	1335	118
1336	119,8	1336	118
1337	119,9	1337	119
1338	119,9	1338	119
1339	120	1339	119
1340	120	1340	119
1341	120,1	1341	120
1342	120,1	1342	120
1343	120,3	1343	122
1344	120,4	1344	122
1345	120,4	1345	121
1346	120,5	1346	122
1347	120,5	1347	122
1348	120,5	1348	122
1349	120,6	1349	122
1350	120,6	1350	122
1351	120,8	1351	123
1352	120,9	1352	123
1353	120,9	1353	123
1354	121	1354	124
1355	121	1355	124
1356	121	1356	124
1357	121,1	1357	125
1358	121,1	1358	125
1359	121,1	1359	125
1360	121,3	1360	126
1361	121,3	1361	125
1362	121,4	1362	125
1363	121,4	1363	127
1364	121,5	1364	128
1365	121,5	1365	127
1366	121,5	1366	127
1367	121,5	1367	127
1368	121,5	1368	128
1369	121,6	1369	128
1370	121,6	1370	128
1371	121,8	1371	129
1372	121,8	1372	129
1373	121,9	1373	129
1374	122	1374	130
1375	122	1375	130
1376	122	1376	130
1377	122,1	1377	131
1378	122,1	1378	131
1379	122,3	1379	131
1380	122,4	1380	131
1381	122,4	1381	131
1382	122,5	1382	132
1383	122,5	1383	133
1384	122,5	1384	133
1385	122,6	1385	133
1386	122,8	1386	134
1387	122,8	1387	134
1388	122,9	1388	134
1389	123	1389	135
1390	123	1390	134
1391	123	1391	135
1392	123	1392	135
1393	123,1	1393	136
1394	123,1	1394	136
1395	123,1	1395	136
1396	123,3	1396	137
1397	123,3	1397	138
1398	123,4	1398	137
1399	123,5	1399	137
1400	123,5	1400	138
1401	123,5	1401	139
1402	123,6	1402	139
1403	123,6	1403	140
1404	123,8	1404	140
1405	123,8	1405	139
1406	123,9	1406	139
1407	123,9	1407	141
1408	124	1408	141
1409	124	1409	142
1410	124	1410	141
1411	124,1	1411	141
1412	124,1	1412	142
1413	124,3	1413	143
1414	124,3	1414	143
1415	124,4	1415	143
1416	124,4	1416	143
1417	124,5	1417	143
1418	124,5	1418	144
1419	124,5	1419	143
1420	124,5	1420	144
1421	124,5	1421	144
1422	124,6	1422	145
1423	124,6	1423	146
1424	124,8	1424	146
1425	124,8	1425	146
1426	124,9	1426	146
1427	125	1427	145
1428	125	1428	147
1429	125	1429	147
1430	125	1430	147
1431	125,1	1431	147
1432	125,1	1432	148
1433	125,3	1433	148
1434	125,3	1434	148
1435	125,4	1435	149
1436	125,5	1436	149
1437	125,5	1437	149
1438	125,5	1438	149
1439	125,6	1439	150
1440	125,6	1440	150
1441	125,8	1441	150
1442	125,8	1442	151
1443	125,9	1443	152
1444	126	1444	152
1445	126	1445	151
1446	126	1446	151
1447	126,1	1447	152
1448	126,1	1448	152
1449	126,3	1449	152
1450	126,4	1450	152
1451	126,4	1451	153
1452	126,5	1452	153
1453	126,5	1453	153
1454	126,5	1454	153
1455	126,6	1455	153
1456	126,6	1456	154
1457	126,8	1457	154
1458	126,9	1458	154
1459	126,9	1459	154
1460	127	1460	155
1461	127	1461	155
1462	127	1462	155
1463	127	1463	155
1464	127,1	1464	155
1465	127,1	1465	155
1466	127,1	1466	155
1467	127,3	1467	155
1468	127,3	1468	156
1469	127,3	1469	156
1470	127,4	1470	157
1471	127,4	1471	157
1472	127,4	1472	156
1473	127,4	1473	157
1474	127,5	1474	157
1475	127,5	1475	157
1476	127,5	1476	157
1477	127,5	1477	157
1478	127,5	1478	157
1479	127,5	1479	158
1480	127,5	1480	158
1481	127,5	1481	158
1482	127,5	1482	159
1483	127,6	1483	159
1484	127,6	1484	159
1485	127,6	1485	158
1486	127,6	1486	158
1487	127,6	1487	159
1488	127,8	1488	160
1489	127,8	1489	160
1490	127,8	1490	161
1491	127,9	1491	161
1492	127,9	1492	161
1493	127,9	1493	161
1494	127,9	1494	160
1495	128	1495	160
1496	128	1496	160
1497	128	1497	160
1498	128,1	1498	161
1499	128,1	1499	161
1500	128,1	1500	162
1501	128,1	1501	163
1502	128,1	1502	163
1503	128,3	1503	162
1504	128,3	1504	162
1505	128,3	1505	163
1506	128,3	1506	163
1507	128,5	1507	162
1508	128,5	1508	162
1509	128,6	1509	162
1510	128,6	1510	162
1511	128,6	1511	163
1512	128,6	1512	164
1513	128,6	1513	163
1514	128,6	1514	162
1515	128,8	1515	163
1516	128,8	1516	164
1517	128,8	1517	164
1518	128,8	1518	164
1519	128,8	1519	164
1520	128,8	1520	165
1521	128,8	1521	165
1522	128,8	1522	166
1523	128,8	1523	166
1524	129	1524	166
1525	129	1525	165
1526	129	1526	165
1527	129	1527	165
1528	129,1	1528	165
1529	129,1	1529	166
1530	129,1	1530	166
1531	129,1	1531	167
1532	129,1	1532	167
1533	129,1	1533	167
1534	129,1	1534	167
1535	129,3	1535	167
1536	129,3	1536	167
1537	129,3	1537	167
1538	129,3	1538	167
1539	129,3	1539	168
1540	129,3	1540	168
1541	129,5	1541	169
1542	129,5	1542	169
1543	129,5	1543	170
1544	129,6	1544	169
1545	129,6	1545	168
1546	129,6	1546	167
1547	129,6	1547	168
1548	129,6	1548	168
1549	129,6	1549	169
1550	129,6	1550	171
1551	129,6	1551	171
1552	129,6	1552	170
1553	129,6	1553	170
1554	129,8	1554	170
1555	129,8	1555	170
1556	129,8	1556	170
1557	129,8	1557	170
1558	129,8	1558	171
1559	129,8	1559	171
1560	129,8	1560	172
1561	129,8	1561	172
1562	129,8	1562	172
1563	129,8	1563	172
1564	129,8	1564	172
1565	130	1565	171
1566	130	1566	172
1567	130	1567	172
1568	130	1568	172
1569	130,1	1569	172
1570	130,1	1570	172
1571	130,1	1571	173
1572	130,1	1572	173
1573	130,1	1573	174
1574	130,3	1574	174
1575	130,3	1575	174
1576	130,3	1576	174
1577	130,3	1577	173
1578	130,3	1578	173
1579	130,3	1579	174
1580	130,3	1580	175
1581	130,3	1581	175
1582	130,5	1582	175
1583	130,5	1583	175
1584	130,5	1584	175
1585	130,6	1585	175
1586	130,6	1586	175
1587	130,6	1587	175
1588	130,6	1588	175
1589	130,6	1589	176
1590	130,6	1590	175
1591	130,6	1591	175
1592	130,8	1592	176
1593	130,8	1593	177
1594	130,8	1594	177
1595	130,8	1595	176
1596	130,8	1596	175
1597	130,8	1597	176
1598	130,8	1598	176
1599	131	1599	176
1600	131	1600	177
1601	131	1601	177
1602	131	1602	178
1603	131	1603	178
1604	131	1604	178
1605	131	1605	177
1606	131	1606	177
1607	131	1607	178
1608	131,1	1608	178
1609	131,1	1609	178
1610	131,1	1610	178
1611	131,1	1611	179
1612	131,1	1612	180
1613	131,1	1613	180
1614	131,1	1614	179
1615	131,1	1615	178
1616	131,1	1616	178
1617	131,1	1617	179
1618	131,1	1618	180
1619	131,1	1619	180
1620	131,1	1620	180
1621	131,1	1621	180
1622	131,3	1622	181
1623	131,3	1623	180
1624	131,3	1624	180
1625	131,3	1625	180
1626	131,3	1626	180
1627	131,3	1627	180
1628	131,3	1628	180
1629	131,5	1629	180
1630	131,5	1630	181
1631	131,5	1631	182
1632	131,6	1632	183
1633	131,6	1633	183
1634	131,6	1634	183
1635	131,6	1635	182
1636	131,6	1636	183
1637	131,6	1637	183
1638	131,6	1638	183
1639	131,6	1639	183
1640	131,6	1640	183
1641	131,6	1641	184
1642	131,6	1642	184
1643	131,8	1643	184
1644	131,8	1644	184
1645	131,8	1645	183
1646	131,8	1646	183
1647	131,8	1647	183
1648	131,8	1648	184
1649	132	1649	184
1650	132	1650	185
1651	132	1651	185
1652	132,1	1652	185
1653	132,1	1653	185
1654	132,1	1654	186
1655	132,1	1655	185
1656	132,1	1656	185
1657	132,1	1657	185
1658	132,3	1658	185
1659	132,3	1659	186
1660	132,3	1660	187
1661	132,3	1661	187
1662	132,3	1662	186
1663	132,3	1663	187
1664	132,3	1664	187
1665	132,3	1665	186
1666	132,3	1666	186
1667	132,5	1667	187
1668	132,5	1668	187
1669	132,5	1669	186
1670	132,5	1670	188
1671	132,6	1671	189
1672	132,6	1672	188
1673	132,6	1673	188
1674	132,6	1674	187
1675	132,6	1675	187
1676	132,6	1676	187
1677	132,6	1677	187
1678	132,8	1678	187
1679	132,8	1679	188
1680	132,8	1680	189
1681	132,8	1681	190
1682	132,8	1682	190
1683	132,8	1683	189
1684	132,8	1684	189
1685	132,8	1685	189
1686	132,8	1686	188
1687	132,8	1687	189
1688	132,8	1688	188
1689	132,8	1689	189
1690	132,8	1690	189
1691	132,8	1691	190
1692	133	1692	190
1693	133	1693	190
1694	133	1694	190
1695	133	1695	189
1696	133	1696	189
1697	133	1697	189
1698	133	1698	189
1699	133	1699	190
1700	133	1700	192
1701	133	1701	191
1702	133,1	1702	191
1703	133,1	1703	191
1704	133,1	1704	191
1705	133,1	1705	190
1706	133,1	1706	190
1707	133,1	1707	190
1708	133,1	1708	191
1709	133,1	1709	192
1710	133,1	1710	192
1711	133,1	1711	193
1712	133,1	1712	193
1713	133,1	1713	193
1714	133,1	1714	193
1715	133,1	1715	192
1716	133,3	1716	191
1717	133,3	1717	192
1718	133,3	1718	192
1719	133,3	1719	191
1720	133,3	1720	192
1721	133,3	1721	193
1722	133,3	1722	192
1723	133,3	1723	193
1724	133,3	1724	192
1725	133,3	1725	192
1726	133,3	1726	192
1727	133,3	1727	192
1728	133,5	1728	192
1729	133,5	1729	193
1730	133,3	1730	193
1731	133,3	1731	193
1732	133,5	1732	193
1733	133,5	1733	193
1734	133,5	1734	193
1735	133,5	1735	193
1736	133,5	1736	192
1737	133,5	1737	192
1738	133,5	1738	192
1739	133,5	1739	192
1740	133,5	1740	193
1741	133,5	1741	194
1742	133,5	1742	194
1743	133,6	1743	193
1744	133,6	1744	193
1745	133,6	1745	193
1746	133,6	1746	193
1747	133,6	1747	193
1748	133,6	1748	193
1749	133,6	1749	194
1750	133,6	1750	194
1751	133,6	1751	194
1752	133,6	1752	194
1753	133,6	1753	194
1754	133,6	1754	194
1755	133,6	1755	194
1756	133,6	1756	193
1757	133,6	1757	193
1758	133,6	1758	193
1759	133,6	1759	194
1760	133,6	1760	195
1761	133,8	1761	195
1762	133,8	1762	195
1763	133,8	1763	196
1764	133,8	1764	195
1765	133,8	1765	194
1766	133,8	1766	194
1767	133,8	1767	194
1768	133,8	1768	194
1769	133,8	1769	195
1770	133,8	1770	195
1771	133,8	1771	195
1772	133,8	1772	196
1773	133,8	1773	196
1774	133,8	1774	195
1775	133,8	1775	194
1776	133,8	1776	194
1777	134	1777	194
1778	134	1778	195
1779	134	1779	195
1780	134	1780	196
1781	134	1781	196
1782	134	1782	196
1783	134	1783	196
1784	134	1784	196
1785	134	1785	196
1786	134	1786	195
1787	134	1787	195
1788	134	1788	195
1789	134	1789	196
1790	134	1790	196
1791	134	1791	195
1792	134	1792	196
1793	134	1793	195
1794	134	1794	195
1795	134	1795	195
1796	134	1796	195
1797	134	1797	195
1798	134	1798	195
1799	134	1799	196
1800	134	1800	197
1801	134	1801	197
1802	134	1802	197
1803	134	1803	196
1804	134	1804	195
1805	134	1805	196
1806	134	1806	196
1807	134,1	1807	196
1808	134,1	1808	196
1809	134,1	1809	196
1810	134,1	1810	197
1811	134,1	1811	198
1812	134,1	1812	197
1813	134,1	1813	197
1814	134,1	1814	196
1815	134,1	1815	196
1816	134,1	1816	196
1817	134,1	1817	196
1818	134,3	1818	197
1819	134,3	1819	197
1820	134,3	1820	198
1821	134,3	1821	198
1822	134,3	1822	197
1823	134,3	1823	198
1824	134,3	1824	198
1825	134,3	1825	196
1826	134,3	1826	196
1827	134,3	1827	197
1828	134,3	1828	198
1829	134,3	1829	197
1830	134,3	1830	197
1831	134,3	1831	197
1832	134,3	1832	198
1833	134,3	1833	198
1834	134,3	1834	197
1835	134,3	1835	196
1836	134,5	1836	195
1837	134,5	1837	196
1838	134,5	1838	197
1839	134,5	1839	197
1840	134,5	1840	196
1841	134,3	1841	196
1842	134,3	1842	197
1843	134,3	1843	197
1844	134,3	1844	197
1845	134,3	1845	197
1846	134,3	1846	196
1847	134,5	1847	196
1848	134,3	1848	197
1849	134,3	1849	197
1850	134,3	1850	197
1851	134,3	1851	197
1852	134,3	1852	197
1853	134,3	1853	197
1854	134,3	1854	197
1855	134,3	1855	197
1856	134,3	1856	196
1857	134,3	1857	196
1858	134,3	1858	197
1859	134,3	1859	198
1860	134,3	1860	198
1861	134,3	1861	198
1862	134,3	1862	197
1863	134,3	1863	197
1864	134,3	1864	197
1865	134,3	1865	196
1866	134,5	1866	196
1867	134,5	1867	196
1868	134,5	1868	196
1869	134,5	1869	197
1870	134,5	1870	197
1871	134,5	1871	197
1872	134,5	1872	197
1873	134,5	1873	197
1874	134,5	1874	198
1875	134,5	1875	197
1876	134,5	1876	197
1877	134,5	1877	197
1878	134,5	1878	197
1879	134,5	1879	197
1880	134,5	1880	196
1881	134,5	1881	197
1882	134,5	1882	197
1883	134,5	1883	197
1884	134,5	1884	196
1885	134,5	1885	195
1886	134,5	1886	196
1887	134,5	1887	197
1888	134,5	1888	198
1889	134,5	1889	198
1890	134,5	1890	197
1891	134,5	1891	197
1892	134,5	1892	197
1893	134,5	1893	198
1894	134,5	1894	197
1895	134,5	1895	196
1896	134,5	1896	195
1897	134,5	1897	196
1898	134,3	1898	197
1899	134,5	1899	196
1900	134,3	1900	196
1901	134,3	1901	196
1902	134,3	1902	197
1903	134,3	1903	196
1904	134,3	1904	195
1905	134,3	1905	195
1906	134,3	1906	195
1907	134,3	1907	194
1908	134,3	1908	195
1909	134,3	1909	196
1910	134,3	1910	196
1911	134,3	1911	196
1912	134,3	1912	196
1913	134,3	1913	195
1914	134,3	1914	196
1915	134,3	1915	196
1916	134,3	1916	196
1917	134,3	1917	195
1918	134,3	1918	196
1919	134,3	1919	197
1920	134,3	1920	196
1921	134,3	1921	195
1922	134,3	1922	195
1923	134,3	1923	196
1924	134,3	1924	196
1925	134,3	1925	196
1926	134,3	1926	195
1927	134,3	1927	196
1928	134,3	1928	196
1929	134,3	1929	195
1930	134,3	1930	195
1931	134,3	1931	196
1932	134,3	1932	196
1933	134,3	1933	196
1934	134,3	1934	196
1935	134,3	1935	196
1936	134,3	1936	196
1937	134,3	1937	196
1938	134,3	1938	196
1939	134,3	1939	196
1940	134,3	1940	196
1941	134,3	1941	196
1942	134,3	1942	196
1943	134,3	1943	195
1944	134,3	1944	195
1945	134,3	1945	195
1946	134,3	1946	195
1947	134,3	1947	195
1948	134,3	1948	195
1949	134,3	1949	195
1950	134,3	1950	196
1951	134,3	1951	196
1952	134,5	1952	197
1953	134,5	1953	197
1954	134,5	1954	196
1955	134,5	1955	195
1956	134,5	1956	194
1957	134,5	1957	195
1958	134,5	1958	196
1959	134,5	1959	196
1960	134,5	1960	195
1961	134,5	1961	195
1962	134,5	1962	195
1963	134,5	1963	196
1964	134,5	1964	196
1965	134,5	1965	196
1966	134,5	1966	195
1967	134,5	1967	195
1968	134,5	1968	195
1969	134,5	1969	195
1970	134,5	1970	196
1971	134,5	1971	195
1972	134,5	1972	195
1973	134,5	1973	196
1974	134,5	1974	196
1975	134,5	1975	196
1976	134,5	1976	195
1977	134,5	1977	195
1978	134,5	1978	195
1979	134,5	1979	196
1980	134,5	1980	196
1981	134,5	1981	196
1982	134,5	1982	195
1983	134,5	1983	195
1984	134,5	1984	195
1985	134,5	1985	196
1986	134,5	1986	195
1987	134,5	1987	195
1988	134,5	1988	196
1989	134,5	1989	196
1990	134,5	1990	196
1991	134,5	1991	196
1992	134,5	1992	196
1993	134,5	1993	196
1994	134,5	1994	197
1995	134,5	1995	196
1996	134,5	1996	194
1997	134,5	1997	195
1998	134,5	1998	195
1999	134,5	1999	195
2000	134,5	2000	196
2001	134,5	2001	196
2002	134,3	2002	196
2003	134,3	2003	196
2004	134,3	2004	196
2005	134,3	2005	195
2006	134,3	2006	195
2007	134,5	2007	195
2008	134,5	2008	195
2009	134,5	2009	195
2010	134,3	2010	196
2011	134,5	2011	196
2012	134,5	2012	196
2013	134,5	2013	196
2014	134,5	2014	196
2015	134,5	2015	195
2016	134,5	2016	194
2017	134,5	2017	194
2018	134,5	2018	194
2019	134,5	2019	195
2020	134,5	2020	196
2021	134,5	2021	196
2022	134,5	2022	196
2023	134,5	2023	195
2024	134,5	2024	195
2025	134,5	2025	195
2026	134,5	2026	194
2027	134,5	2027	194
2028	134,5	2028	196
2029	134,5	2029	196
2030	134,5	2030	195
2031	134,5	2031	195
2032	134,5	2032	195
2033	134,5	2033	196
2034	134,5	2034	196
2035	134,5	2035	195
2036	134,5	2036	195
2037	134,5	2037	195
2038	134,5	2038	196
2039	134,5	2039	196
2040	134,5	2040	195
2041	134,5	2041	195
2042	134,5	2042	195
2043	134,5	2043	195
2044	134,5	2044	195
2045	134,5	2045	195
2046	134,5	2046	195
2047	134,5	2047	195
2048	134,5	2048	196
2049	134,5	2049	196
2050	134,5	2050	196
2051	134,5	2051	196
2052	134,5	2052	195
2053	134,5	2053	195
2054	134,5	2054	194
2055	134,5	2055	195
2056	134,5	2056	195
2057	134,5	2057	195
2058	134,5	2058	195
2059	134,5	2059	195
2060	134,5	2060	195
2061	134,5	2061	195
2062	134,5	2062	196
2063	134,5	2063	195
2064	134,5	2064	195
2065	134,5	2065	195
2066	134,5	2066	194
2067	134,5	2067	194
2068	134,5	2068	195
2069	134,5	2069	196
2070	134,5	2070	196
2071	134,5	2071	197
2072	134,5	2072	196
2073	134,5	2073	195
2074	134,5	2074	195
2075	134,5	2075	195
2076	134,5	2076	195
2077	134,5	2077	194
2078	134,5	2078	195
2079	134,3	2079	195
2080	134,3	2080	195
2081	134,3	2081	195
2082	134,3	2082	195
2083	134,3	2083	195
2084	134,3	2084	195
2085	134,3	2085	195
2086	134,3	2086	195
2087	134,3	2087	194
2088	134,3	2088	194
2089	134,3	2089	194
2090	134,3	2090	195
2091	134,3	2091	195
2092	134,3	2092	196
2093	134,3	2093	196
2094	134,3	2094	196
2095	134,3	2095	195
2096	134,3	2096	194
2097	134,3	2097	194
2098	134,3	2098	195
2099	134,3	2099	196
2100	134,3	2100	196
2101	134,3	2101	196
2102	134,3	2102	195
2103	134,5	2103	196
2104	134,5	2104	195
2105	134,5	2105	195
2106	134,5	2106	195
2107	134,5	2107	195
2108	134,5	2108	195
2109	134,5	2109	196
2110	134,3	2110	196
2111	134,3	2111	196
2112	134,3	2112	196
2113	134,3	2113	195
2114	134,3	2114	195
2115	134,3	2115	195
2116	134,3	2116	195
2117	134,3	2117	195
2118	134,3	2118	196
2119	134,3	2119	196
2120	134,3	2120	196
2121	134,3	2121	196
2122	134,3	2122	195
2123	134,3	2123	196
2124	134,3	2124	196
2125	134,3	2125	196
2126	134,3	2126	195
2127	134,3	2127	195
2128	134,3	2128	196
2129	134,3	2129	196
2130	134,3	2130	196
2131	134,3	2131	197
2132	134,3	2132	197
2133	134,3	2133	196
2134	134,3	2134	196
2135	134,3	2135	196
2136	134,3	2136	196
2137	134,3	2137	196
2138	134,3	2138	196
2139	134,3	2139	197
2140	134,3	2140	197
2141	134,3	2141	196
2142	134,3	2142	197
2143	134,3	2143	197
2144	134,5	2144	196
2145	134,5	2145	196
2146	134,5	2146	196
2147	134,5	2147	196
2148	134,5	2148	195
2149	134,6	2149	195
2150	134,6	2150	196
2151	134,6	2151	196
2152	134,6	2152	196
2153	134,6	2153	196
2154	134,6	2154	196
2155	134,6	2155	195
2156	134,6	2156	194
2157	134,6	2157	194
2158	134,6	2158	194
2159	134,6	2159	195
2160	134,6	2160	195
2161	134,6	2161	194
2162	134,6	2162	195
2163	134,6	2163	195
2164	134,6	2164	195
2165	134,6	2165	195
2166	134,6	2166	194
2167	134,6	2167	194
2168	134,6	2168	195
2169	134,5	2169	195
2170	134,5	2170	195
2171	134,5	2171	196
2172	134,5	2172	196
2173	134,5	2173	195
2174	134,5	2174	195
2175	134,5	2175	195
2176	134,6	2176	195
2177	134,6	2177	194
2178	134,6	2178	195
2179	134,5	2179	194
2180	134,5	2180	194
2181	134,5	2181	195
2182	134,5	2182	195
2183	134,5	2183	195
2184	134,5	2184	195
2185	134,5	2185	195
2186	134,5	2186	194
2187	134,5	2187	194
2188	134,5	2188	194
2189	134,5	2189	194
2190	134,5	2190	194
2191	134,5	2191	194
2192	134,5	2192	195
2193	134,5	2193	195
2194	134,5	2194	195
2195	134,5	2195	195
2196	134,5	2196	194
2197	134,5	2197	194
2198	134,5	2198	194
2199	134,5	2199	195
2200	134,5	2200	195
2201	134,5	2201	195
2202	134,5	2202	195
2203	134,5	2203	195
2204	134,5	2204	195
2205	134,5	2205	194
2206	134,5	2206	194
2207	134,5	2207	193
2208	134,5	2208	194
2209	134,5	2209	194
2210	134,5	2210	193
2211	134,5	2211	195
2212	134,5	2212	194
2213	134,3	2213	194
2214	134,5	2214	194
2215	134,5	2215	193
2216	134,3	2216	193
2217	134,3	2217	193
2218	134,3	2218	194
2219	134,3	2219	194
2220	134,3	2220	193
2221	134,3	2221	194
2222	134,3	2222	195
2223	134,3	2223	195
2224	134,3	2224	194
2225	134,3	2225	194
2226	134,3	2226	194
2227	134,3	2227	194
2228	134,3	2228	194
2229	134,3	2229	195
2230	134,3	2230	194
2231	134,3	2231	194
2232	134,3	2232	195
2233	134,3	2233	195
2234	134,3	2234	194
2235	134,3	2235	194
2236	134,3	2236	195
2237	134,3	2237	195
2238	134,3	2238	194
2239	134,3	2239	194
2240	134,3	2240	194
2241	134,3	2241	195
2242	134,3	2242	196
2243	134,3	2243	196
2244	134,3	2244	196
2245	134,3	2245	195
2246	134,3	2246	195
2247	134,3	2247	194
2248	134,5	2248	193
2249	134,5	2249	193
2250	134,5	2250	194
2251	134,5	2251	195
2252	134,5	2252	195
2253	134,5	2253	195
2254	134,5	2254	194
2255	134,5	2255	194
2256	134,5	2256	195
2257	134,5	2257	195
2258	134,5	2258	194
2259	134,5	2259	194
2260	134,5	2260	195
2261	134,5	2261	195
2262	134,5	2262	195
2263	134,5	2263	195
2264	134,5	2264	195
2265	134,5	2265	195
2266	134,5	2266	194
2267	134,5	2267	194
2268	134,3	2268	194
2269	134,5	2269	195
2270	134,5	2270	195
2271	134,5	2271	194
2272	134,5	2272	194
2273	134,5	2273	194
2274	134,5	2274	195
2275	134,5	2275	195
2276	134,5	2276	194
2277	134,5	2277	194
2278	134,5	2278	195
2279	134,5	2279	195
2280	134,5	2280	194
2281	134,5	2281	194
2282	134,5	2282	194
2283	134,5	2283	194
2284	134,5	2284	194
2285	134,5	2285	194
2286	134,6	2286	194
2287	134,6	2287	194
2288	134,5	2288	194
2289	134,5	2289	194
2290	134,5	2290	194
2291	134,5	2291	195
2292	134,5	2292	195
2293	134,5	2293	194
2294	134,5	2294	194
2295	134,5	2295	195
2296	134,5	2296	195
2297	134,5	2297	195
2298	134,5	2298	195
2299	134,5	2299	195
2300	134,5	2300	195
2301	134,5	2301	195
2302	134,5	2302	196
2303	134,5	2303	195
2304	134,5	2304	194
2305	134,5	2305	194
2306	134,6	2306	193
2307	134,6	2307	193
2308	134,6	2308	194
2309	134,6	2309	195
2310	134,6	2310	194
2311	134,6	2311	194
2312	134,6	2312	194
2313	134,6	2313	194
2314	134,6	2314	194
2315	134,5	2315	193
2316	134,5	2316	193
2317	134,5	2317	193
2318	134,5	2318	193
2319	134,5	2319	193
2320	134,5	2320	194
2321	134,5	2321	195
2322	134,5	2322	195
2323	134,5	2323	195
2324	134,5	2324	194
2325	134,5	2325	194
2326	134,5	2326	194
2327	134,5	2327	194
2328	134,5	2328	193
2329	134,5	2329	193
2330	134,5	2330	194
2331	134,5	2331	195
2332	134,5	2332	195
2333	134,5	2333	195
2334	134,5	2334	194
2335	134,5	2335	194
2336	134,5	2336	194
2337	134,5	2337	193
2338	134,5	2338	193
2339	134,5	2339	193
2340	134,5	2340	194
2341	134,5	2341	195
2342	134,5	2342	195
2343	134,5	2343	195
2344	134,5	2344	195
2345	134,5	2345	194
2346	134,5	2346	193
2347	134,5	2347	193
2348	134,5	2348	193
2349	134,5	2349	194
2350	134,5	2350	194
2351	134,5	2351	194
2352	134,5	2352	194
2353	134,5	2353	194
2354	134,5	2354	195
2355	134,5	2355	194
2356	134,5	2356	194
2357	134,5	2357	194
2358	134,5	2358	193
2359	134,5	2359	193
2360	134,5	2360	193
2361	134,5	2361	194
2362	134,5	2362	195
2363	134,5	2363	194
2364	134,6	2364	194
2365	134,6	2365	194
2366	134,6	2366	193
2367	134,6	2367	193
2368	134,6	2368	193
2369	134,6	2369	194
2370	134,6	2370	195
2371	134,6	2371	194
2372	134,6	2372	194
2373	134,6	2373	194
2374	134,6	2374	194
2375	134,6	2375	194
2376	134,6	2376	194
2377	134,6	2377	193
2378	134,6	2378	193
2379	134,6	2379	193
2380	134,6	2380	193
2381	134,6	2381	193
2382	134,5	2382	194
2383	134,5	2383	194
2384	134,5	2384	193
2385	134,5	2385	193
2386	134,5	2386	193
2387	134,5	2387	192
2388	134,5	2388	192
2389	134,5	2389	192
2390	134,5	2390	193
2391	134,3	2391	192
2392	134,3	2392	191
2393	134,3	2393	192
2394	134,3	2394	192
2395	134,3	2395	192
2396	134,3	2396	191
2397	134,3	2397	191
2398	134,3	2398	190
2399	134,3	2399	191
2400	134,3	2400	190
2401	134,3	2401	191
2402	134,3	2402	190
2403	134,3	2403	190
2404	134,3	2404	190
2405	134,3	2405	190
2406	134,3	2406	190
2407	134,3	2407	189
2408	134,3	2408	188
2409	134,1	2409	189
2410	134,1	2410	188
2411	134,1	2411	188
2412	134,1	2412	187
2413	134,1	2413	188
2414	134,1	2414	188
2415	134,1	2415	189
2416	134,1	2416	188
2417	134,1	2417	187
2418	134,1	2418	188
2419	134,1	2419	187
2420	134	2420	187
2421	134	2421	186
2422	134	2422	186
2423	134	2423	186
2424	134	2424	187
2425	133,8	2425	186
2426	133,8	2426	186
2427	133,8	2427	186
2428	133,8	2428	186
2429	133,8	2429	186
2430	133,8	2430	186
2431	133,8	2431	185
2432	133,6	2432	184
2433	133,6	2433	184
2434	133,6	2434	184
2435	133,6	2435	183
2436	133,6	2436	183
2437	133,6	2437	184
2438	133,6	2438	184
2439	133,6	2439	184
2440	133,6	2440	183
2441	133,5	2441	183
2442	133,5	2442	182
2443	133,5	2443	182
2444	133,5	2444	181
2445	133,3	2445	182
2446	133,3	2446	181
2447	133,3	2447	181
2448	133,3	2448	181
2449	133,3	2449	182
2450	133,3	2450	182
2451	133,3	2451	181
2452	133,3	2452	181
2453	133,3	2453	181
2454	133,1	2454	181
2455	133,1	2455	181
2456	133,1	2456	180
2457	133,1	2457	180
2458	133,1	2458	179
2459	133,1	2459	180
2460	133,1	2460	180
2461	133,1	2461	180
2462	133	2462	180
2463	133	2463	179
2464	133	2464	179
2465	133	2465	179
2466	132,8	2466	179
2467	132,8	2467	178
2468	132,8	2468	178
2469	132,8	2469	178
2470	132,8	2470	178
2471	132,8	2471	177
2472	132,8	2472	177
2473	132,8	2473	177
2474	132,8	2474	177
2475	132,8	2475	176
2476	132,6	2476	177
2477	132,6	2477	176
2478	132,6	2478	176
2479	132,6	2479	176
2480	132,6	2480	176
2481	132,6	2481	176
2482	132,6	2482	175
2483	132,6	2483	174
2484	132,6	2484	175
2485	132,6	2485	175
2486	132,5	2486	175
2487	132,5	2487	175
2488	132,5	2488	174
2489	132,5	2489	174
2490	132,5	2490	175
2491	132,3	2491	175
2492	132,3	2492	174
2493	132,3	2493	173
2494	132,3	2494	174
2495	132,3	2495	174
2496	132,3	2496	174
2497	132,3	2497	174
2498	132,3	2498	173
2499	132,3	2499	172
2500	132,1	2500	172
2501	132,1	2501	172
2502	132,1	2502	172
2503	132,1	2503	171
2504	132,1	2504	170
2505	132,1	2505	169
2506	132,1	2506	169
2507	132	2507	169
2508	132	2508	168
2509	132	2509	167
2510	131,8	2510	167
2511	131,8	2511	167
2512	131,8	2512	166
2513	131,8	2513	164
2514	131,8	2514	165
2515	131,6	2515	164
2516	131,6	2516	163
2517	131,6	2517	163
2518	131,6	2518	163
2519	131,6	2519	162
2520	131,5	2520	161
2521	131,3	2521	162
2522	131,3	2522	161
2523	131,3	2523	159
2524	131,1	2524	158
2525	131,1	2525	159
2526	131,1	2526	158
2527	131,1	2527	156
2528	131	2528	156
2529	130,8	2529	156
2530	130,8	2530	155
2531	130,8	2531	154
2532	130,6	2532	155
2533	130,6	2533	153
2534	130,6	2534	152
2535	130,5	2535	152
2536	130,3	2536	152
2537	130,3	2537	151
2538	130,3	2538	150
2539	130,1	2539	150
2540	130,1	2540	150
2541	130,1	2541	148
2542	130	2542	147
2543	130	2543	147
2544	129,8	2544	146
2545	129,8	2545	145
2546	129,6	2546	145
2547	129,6	2547	144
2548	129,6	2548	143
2549	129,5	2549	142
2550	129,3	2550	142
2551	129,3	2551	142
2552	129,3	2552	141
2553	129,1	2553	141
2554	129,1	2554	141
2555	129,1	2555	139
2556	129	2556	138
2557	128,8	2557	138
2558	128,8	2558	138
2559	128,6	2559	136
2560	128,6	2560	134
2561	128,5	2561	136
2562	128,5	2562	135
2563	128,3	2563	134
2564	128,3	2564	134
2565	128,1	2565	134
2566	128,1	2566	133
2567	128	2567	131
2568	128	2568	131
2569	127,9	2569	131
2570	127,8	2570	129
2571	127,6	2571	128
2572	127,5	2572	129
2573	127,5	2573	128
2574	127,5	2574	127
2575	127,4	2575	127
2576	127,3	2576	127
2577	127,1	2577	125
2578	127	2578	124
2579	127	2579	124
2580	126,9	2580	123
2581	126,8	2581	122
2582	126,6	2582	122
2583	126,5	2583	122
2584	126,5	2584	121
2585	126,4	2585	119
2586	126,3	2586	120
2587	126,1	2587	120
2588	126	2588	118
2589	126	2589	118
2590	125,9	2590	119
2591	125,8	2591	118
2592	125,6	2592	117
2593	125,5	2593	116
2594	125,5	2594	116
2595	125,4	2595	115
2596	125,3	2596	113
2597	125,1	2597	113
2598	125,1	2598	113
2599	125	2599	112
2600	125	2600	113
2601	124,8	2601	113
2602	124,6	2602	110
2603	124,5	2603	109
2604	124,5	2604	109
2605	124,4	2605	110
2606	124,3	2606	109
2607	124,1	2607	108
2608	124	2608	109
2609	124	2609	108
2610	123,9	2610	106
2611	123,8	2611	106
2612	123,8	2612	107
2613	123,5	2613	104
2614	123,5	2614	103
2615	123,5	2615	102
2616	123,4	2616	103
2617	123,3	2617	103
2618	123	2618	103
2619	123	2619	103
2620	123	2620	102
2621	122,9	2621	100
2622	122,8	2622	99
2623	122,6	2623	100
2624	122,5	2624	98
2625	122,5	2625	97
2626	122,4	2626	98
2627	122,3	2627	97
2628	122,1	2628	96
2629	122	2629	95
2630	122	2630	96
2631	121,9	2631	96
2632	121,8	2632	94
2633	121,6	2633	94
2634	121,5	2634	93
2635	121,5	2635	92
2636	121,5	2636	91
2637	121,4	2637	91
2638	121,3	2638	91
2639	121,1	2639	90
2640	121	2640	90
2641	121	2641	90
2642	120,9	2642	88
2643	120,8	2643	88
2644	120,6	2644	88
2645	120,5	2645	88
2646	120,5	2646	86
2647	120,4	2647	85
2648	120,3	2648	86
2649	120,1	2649	86
2650	120	2650	84
2651	120	2651	83
2652	120	2652	83
2653	119,8	2653	83
2654	119,6	2654	82
2655	119,5	2655	83
2656	119,5	2656	81
2657	119,4	2657	80
2658	119,3	2658	80
2659	119,1	2659	80
2660	119	2660	79
2661	119	2661	77
2662	119	2662	78
2663	118,9	2663	78
2664	118,8	2664	77
2665	118,6	2665	76
2666	118,5	2666	76
2667	118,4	2667	75
2668	118,3	2668	75
2669	118,1	2669	75
2670	118	2670	75
2671	118	2671	74
2672	117,9	2672	73
2673	117,8	2673	73
2674	117,8	2674	73
2675	117,5	2675	71
2676	117,5	2676	71
2677	117,4	2677	72
2678	117,3	2678	71
2679	117,1	2679	70
2680	117	2680	69
2681	117	2681	69
2682	116,9	2682	68
2683	116,8	2683	68
2684	116,6	2684	67
2685	116,5	2685	67
2686	116,5	2686	67
2687	116,5	2687	66
2688	116,4	2688	66
2689	116,3	2689	66
2690	116,1	2690	65
2691	116	2691	64
2692	116	2692	64
2693	115,9	2693	64
2694	115,8	2694	64
2695	115,6	2695	63
2696	115,5	2696	62
2697	115,5	2697	61
2698	115,4	2698	61
2699	115,3	2699	61
2700	115,1	2700	60
2701	115	2701	60
2702	115	2702	60
2703	114,9	2703	60
2704	114,8	2704	59
2705	114,6	2705	58
2706	114,5	2706	58
2707	114,5	2707	57
2708	114,4	2708	57
2709	114,3	2709	57
2710	114,1	2710	56
2711	114	2711	55
2712	114	2712	54
2713	113,9	2713	55
2714	113,6	2714	54
2715	113,5	2715	54
2716	113,5	2716	54
2717	113,4	2717	54
2718	113,3	2718	54
2719	113,1	2719	53
2720	113	2720	53
2721	113	2721	51
2722	112,9	2722	51
2723	112,8	2723	51
2724	112,6	2724	51
2725	112,5	2725	50
2726	112,5	2726	49
2727	112,4	2727	49
2728	112,3	2728	49
2729	112,1	2729	48
2730	112	2730	48
2731	112	2731	48
2732	111,9	2732	48
2733	111,8	2733	47
2734	111,6	2734	46
2735	111,5	2735	47
2736	111,5	2736	47
2737	111,4	2737	46
2738	111,3	2738	45
2739	111,1	2739	45
2740	111	2740	44
2741	111	2741	44
2742	110,9	2742	44
2743	110,8	2743	44
2744	110,6	2744	43
2745	110,5	2745	42
2746	110,5	2746	42
2747	110,4	2747	43
2748	110,3	2748	42
2749	110,3	2749	42
2750	110,1	2750	41
2751	110	2751	40
2752	110	2752	39
2753	109,9	2753	40
2754	109,8	2754	40
2755	109,6	2755	40
2756	109,5	2756	39
2757	109,5	2757	39
2758	109,4	2758	38
2759	109,3	2759	38
2760	109,1	2760	38
2761	109	2761	38
2762	109	2762	37
2763	108,9	2763	37
2764	108,9	2764	37
2765	108,6	2765	37
2766	108,6	2766	36
2767	108,5	2767	36
2768	108,5	2768	36
2769	108,4	2769	37
2770	108,3	2770	36
2771	108,1	2771	35
2772	108	2772	35
2773	108	2773	34
2774	107,9	2774	34
2775	107,9	2775	34
2776	107,8	2776	34
2777	107,6	2777	34
2778	107,5	2778	34
2779	107,5	2779	34
2780	107,5	2780	33
2781	107,4	2781	32
2782	107,3	2782	32
2783	107,1	2783	33
2784	107	2784	32
2785	107	2785	31
2786	107	2786	32
2787	106,9	2787	31
2788	106,8	2788	31
2789	106,6	2789	31
2790	106,5	2790	31
2791	106,5	2791	32
2792	106,5	2792	31
2793	106,4	2793	31
2794	106,4	2794	31
2795	106,3	2795	30
2796	106,1	2796	29
2797	106	2797	29
2798	106	2798	30
2799	106	2799	29
2800	105,9	2800	28
2801	105,9	2801	28
2802	105,8	2802	28
2803	105,8	2803	28
2804	105,6	2804	28
2805	105,5	2805	28
2806	105,5	2806	27
2807	105,4	2807	27
2808	105,4	2808	27
2809	105,3	2809	27
2810	105,3	2810	27
2811	105,1	2811	27
2812	105	2812	26
2813	105	2813	25
2814	105	2814	26
2815	104,9	2815	26
2816	104,8	2816	25
2817	104,8	2817	25
2818	104,6	2818	25
2819	104,5	2819	25
2820	104,5	2820	24
2821	104,5	2821	25
2822	104,4	2822	25
2823	104,4	2823	25
2824	104,3	2824	24
2825	104,1	2825	24
2826	104,1	2826	24
2827	104	2827	24
2828	104	2828	24
2829	104	2829	23
2830	103,9	2830	24
2831	103,8	2831	23
2832	103,8	2832	23
2833	103,6	2833	23
2834	103,6	2834	23
2835	103,5	2835	23
2836	103,5	2836	23
2837	103,5	2837	24
2838	103,5	2838	22
2839	103,4	2839	22
2840	103,4	2840	22
2841	103,3	2841	22
2842	103,3	2842	22
2843	103,1	2843	22
2844	103,1	2844	22
2845	103	2845	22
2846	103	2846	21
2847	103	2847	22
2848	103	2848	21
2849	102,9	2849	22
2850	102,8	2850	21
2851	102,8	2851	20
2852	102,6	2852	19
2853	102,5	2853	17
2854	102,5	2854	17
2855	102,5	2855	17
2856	102,5	2856	17
2857	102,4	2857	17
2858	102,4	2858	17
2859	102,3	2859	16
2860	102,1	2860	16
2861	102,1	2861	16
2862	102	2862	15
2863	102	2863	15
2864	102	2864	15
2865	101,9	2865	14
2866	101,8	2866	14
2867	101,6	2867	14
2868	101,5	2868	13
2869	101,5	2869	13
2870	101,4	2870	13
2871	101,3	2871	12
2872	101,1	2872	12
2873	101	2873	11
2874	101	2874	11
2875	100,9	2875	11
2876	100,8	2876	10
2877	100,6	2877	10
2878	100,5	2878	10
2879	100,5	2879	10
2880	100,4	2880	10
2881	100,3	2881	10
2882	100,1	2882	10
2883	100	2883	9
2884	100	2884	8
2885	99,9	2885	8
2886	99,8	2886	8
2887	99,6	2887	7
2888	99,5	2888	7
2889	99,5	2889	7
2890	99,4	2890	7
2891	99,4	2891	7
2892	99,3	2892	7
2893	99,1	2893	7
2894	99	2894	7
2895	99	2895	6
2896	98,9	2896	6
2897	98,8	2897	6
2898	98,6	2898	6
2899	98,5	2899	6
2900	98,5	2900	6
2901	98,5	2901	6
2902	98,4	2902	5
2903	98,3	2903	5
2904	98,1	2904	5
2905	98	2905	5
2906	98	2906	5
2907	98	2907	5
2908	97,9	2908	5
2909	97,9	2909	5
2910	97,8	2910	5
2911	97,6	2911	5
2912	97,6	2912	4
2913	97,5	2913	4
2914	97,5	2914	4
2915	97,5	2915	4
2916	97,4	2916	4
2917	97,3	2917	4
2918	97,1	2918	3
2919	97,1	2919	3
2920	97	2920	3
2921	97	2921	2
2922	97	2922	2
2923	96,9	2923	3
2924	96,9	2924	3
2925	96,8	2925	3
2926	96,8	2926	2
2927	96,6	2927	2
2928	96,5	2928	2
2929	96,5	2929	1
2930	96,5	2930	2
2931	96,5	2931	2
2932	96,4	2932	1
2933	96,4	2933	1
2934	96,3	2934	2
2935	96,3	2935	2
2936	96,1	2936	1
2937	96,1	2937	1
2938	96	2938	1
2939	96	2939	1
2940	96	2940	1
2941	96	2941	1
2942	95,9	2942	1
2943	95,9	2943	1
2944	95,8	2944	1
2945	95,8	2945	1
2946	95,6	2946	1
2947	95,6	2947	1
2948	95,5	2948	1
2949	95,5	2949	1
2950	95,5	2950	0
2951	95,5	2951	0
2952	95,5	2952	1
2953	95,4	2953	1
2954	95,4	2954	1
2955	95,3	2955	0
2956	95,3	2956	0
2957	95,1	2957	1
2958	95,1	2958	1
2959	95	2959	0
2960	95	2960	1
2961	95	2961	1
2962	95	2962	1
2963	95	2963	1
2964	95	2964	1
2965	95	2965	1
2966	95	2966	0
2967	95	2967	1
2968	94,9	2968	1
2969	94,9	2969	1
2970	94,9	2970	2
2971	94,9	2971	2
2972	94,9	2972	1
2973	94,9	2973	1
2974	94,9	2974	2
2975	94,9	2975	1
2976	94,9	2976	1
2977	94,9	2977	1
2978	94,9	2978	1
2979	94,9	2979	2
2980	94,9	2980	2
2981	94,9	2981	1
2982	94,9	2982	2
2983	94,9	2983	1
2984	94,9	2984	1
2985	94,9	2985	2
2986	94,9	2986	1
2987	94,9	2987	1
2988	94,9	2988	1
2989	94,9	2989	2
2990	94,9	2990	2
2991	94,9	2991	1
2992	94,9	2992	1
2993	94,9	2993	1
2994	94,9	2994	2
2995	94,9	2995	2
2996	94,9	2996	1
2997	94,9	2997	1
2998	94,9	2998	1
2999	94,9	2999	1
3000	94,9	3000	1
3001	94,9	3001	1
3002	94,9	3002	1
3003	94,9	3003	1
3004	94,9	3004	1
3005	94,9	3005	1
3006	95	3006	1
3007	95	3007	1
3008	94,9	3008	2
3009	94,9	3009	2
3010	95	3010	2
3011	95	3011	2
3012	95	3012	1
3013	95	3013	2
3014	95	3014	2
3015	95	3015	2
3016	95	3016	1
3017	95	3017	2
3018	95	3018	1
3019	95	3019	1
3020	95	3020	2
3021	95	3021	2
3022	95	3022	1
3023	95	3023	1
3024	95	3024	1
3025	95	3025	1
3026	95	3026	1
3027	95	3027	1
3028	95	3028	1
3029	95	3029	2
3030	95	3030	2
3031	95	3031	1
3032	95	3032	1
3033	95	3033	0
3034	95	3034	1
3035	95	3035	1
3036	95	3036	1
3037	94,9	3037	1
3038	94,9	3038	1
3039	94,9	3039	1
3040	94,9	3040	2
3041	94,9	3041	1
3042	94,9	3042	1
3043	94,9	3043	2
3044	94,9	3044	0
3045	94,9	3045	1
3046	94,9	3046	2
3047	94,9	3047	2
3048	94,9	3048	2
3049	94,9	3049	2
3050	94,9	3050	1
3051	94,9	3051	1
3052	94,9	3052	2
3053	94,9	3053	1
3054	94,9	3054	1
3055	94,9	3055	1
3056	94,9	3056	2
3057	94,9	3057	1
3058	94,9	3058	1
3059	94,9	3059	1
3060	94,9	3060	1
3061	94,9	3061	1
3062	94,9	3062	1
3063	94,9	3063	1
3064	94,9	3064	1
3065	94,9	3065	1
3066	94,9	3066	1
3067	94,9	3067	1
3068	94,9	3068	1
3069	94,9	3069	1
3070	94,9	3070	1
3071	94,9	3071	2
3072	94,9	3072	1
3073	94,9	3073	1
3074	94,9	3074	1
3075	94,8	3075	1
3076	94,8	3076	1
3077	94,8	3077	1
3078	94,8	3078	1
3079	94,8	3079	1
3080	94,8	3080	1
3081	94,8	3081	0
3082	94,8	3082	0
3083	94,8	3083	1
3084	94,8	3084	1
3085	94,8	3085	1
3086	94,8	3086	1
3087	94,8	3087	1
3088	94,8	3088	1
3089	94,8	3089	1
3090	94,6	3090	2
3091	94,6	3091	1
3092	94,6	3092	1
3093	94,6	3093	1
3094	94,6	3094	0
3095	94,6	3095	1
3096	94,6	3096	2
3097	94,6	3097	1
3098	94,6	3098	1
3099	94,6	3099	1
3100	94,6	3100	1
3101	94,6	3101	0
3102	94,6	3102	1
3103	94,6	3103	0
3104	94,6	3104	0
3105	94,6	3105	1
3106	94,6	3106	2
3107	94,6	3107	1
3108	94,6	3108	1
3109	94,6	3109	1
3110	94,6	3110	1
3111	94,6	3111	1
3112	94,6	3112	1
3113	94,6	3113	1
3114	94,6	3114	1
3115	94,6	3115	1
3116	94,6	3116	1
3117	94,6	3117	1
3118	94,6	3118	1
3119	94,5	3119	1
3120	94,5	3120	1
3121	94,5	3121	1
3122	94,5	3122	0
3123	94,5	3123	1
3124	94,5	3124	1
3125	94,5	3125	1
3126	94,5	3126	0
3127	94,5	3127	0
3128	94,5	3128	1
3129	94,5	3129	1
3130	94,5	3130	1
3131	94,5	3131	1
3132	94,5	3132	1
3133	94,5	3133	1
3134	94,5	3134	1
3135	94,5	3135	1
3136	94,5	3136	1
3137	94,5	3137	1
3138	94,5	3138	1
3139	94,5	3139	0
3140	94,5	3140	0
3141	94,5	3141	1
3142	94,5	3142	1
3143	94,5	3143	1
3144	94,5	3144	1
3145	94,5	3145	0
3146	94,5	3146	0
3147	94,5	3147	1
3148	94,5	3148	1
3149	94,5	3149	1
3150	94,5	3150	0
3151	94,5	3151	1
3152	94,5	3152	1
3153	94,5	3153	1
3154	94,5	3154	0
3155	94,5	3155	1
3156	94,5	3156	1
3157	94,5	3157	1
3158	94,5	3158	1
3159	94,5	3159	1
3160	94,4	3160	0
3161	94,4	3161	1
3162	94,4	3162	1
3163	94,4	3163	0
3164	94,4	3164	0
3165	94,4	3165	1
3166	94,4	3166	1
3167	94,4	3167	1
3168	94,4	3168	1
3169	94,4	3169	1
3170	94,4	3170	1
3171	94,4	3171	1
3172	94,4	3172	0
3173	94,4	3173	1
3174	94,3	3174	1
3175	94,4	3175	1
3176	94,3	3176	0
3177	94,3	3177	0
3178	94,3	3178	0
3179	94,3	3179	0
3180	94,3	3180	0
3181	94,3	3181	0
3182	94,3	3182	1
3183	94,3	3183	1
3184	94,3	3184	0
3185	94,3	3185	1
3186	94,3	3186	1
3187	94,3	3187	1
3188	94,1	3188	1
3189	94,1	3189	1
3190	94,1	3190	1
3191	94,1	3191	0
3192	94,1	3192	0
3193	94,1	3193	0
3194	94,1	3194	0
3195	94,1	3195	0
3196	94,1	3196	0
3197	94,1	3197	0
3198	94,1	3198	0
3199	94,1	3199	1
3200	94,1	3200	1
3201	94,1	3201	0
3202	94,1	3202	0
3203	94,1	3203	1
3204	94,1	3204	1
3205	94,1	3205	0
3206	94	3206	0
3207	94	3207	0
3208	94	3208	0
3209	94	3209	0
3210	94	3210	0
3211	94	3211	0
3212	94	3212	1
3213	94	3213	0
3214	94	3214	1
3215	94	3215	0
3216	94	3216	0
3217	94	3217	1
3218	94	3218	0
3219	94	3219	1
3220	94	3220	1
3221	94	3221	1
3222	94	3222	1
3223	94	3223	0
3224	94	3224	0
3225	94	3225	0
3226	94	3226	0
3227	94	3227	0
3228	94	3228	0
3229	94	3229	0
3230	94	3230	0
3231	94	3231	0
3232	94	3232	0
3233	94	3233	0
3234	94	3234	0
3235	94	3235	0
3236	93,9	3236	0
3237	93,9	3237	0
3238	93,9	3238	0
3239	93,9	3239	0
3240	93,9	3240	0
3241	93,9	3241	0
3242	93,9	3242	0
3243	93,9	3243	0
3244	93,9	3244	1
3245	93,9	3245	1
3246	93,9	3246	0
3247	93,9	3247	0
3248	93,9	3248	0
3249	93,9	3249	0
3250	93,9	3250	0
3251	93,9	3251	0
3252	93,9	3252	0
3253	93,9	3253	0
3254	93,9	3254	0
3255	93,9	3255	0
3256	93,9	3256	0
3257	93,8	3257	0
3258	93,8	3258	0
3259	93,8	3259	0
3260	93,8	3260	0
3261	93,8	3261	0
3262	93,8	3262	1
3263	93,8	3263	0
3264	93,8	3264	0
3265	93,8	3265	0
3266	93,8	3266	0
3267	93,8	3267	0
3268	93,8	3268	0
3269	93,8	3269	0
3270	93,6	3270	0
3271	93,6	3271	0
3272	93,6	3272	0
3273	93,6	3273	0
3274	93,6	3274	0
3275	93,6	3275	0
3276	93,6	3276	0
3277	93,6	3277	0
3278	93,6	3278	0
3279	93,6	3279	0
3280	93,6	3280	0
3281	93,6	3281	0
3282	93,6	3282	0
3283	93,6	3283	0
3284	93,6	3284	0
3285	93,6	3285	0
3286	93,6	3286	0
3287	93,6	3287	0
3288	93,6	3288	0
3289	93,6	3289	0
3290	93,6	3290	0
3291	93,6	3291	0
3292	93,5	3292	0
3293	93,5	3293	0
3294	93,5	3294	0
3295	93,5	3295	0
3296	93,5	3296	0
3297	93,5	3297	0
3298	93,5	3298	0
3299	93,5	3299	0
3300	93,5	3300	0
3301	93,5	3301	0
3302	93,5	3302	0
3303	93,5	3303	0
3304	93,5	3304	0
3305	93,5	3305	0
3306	93,5	3306	0
3307	93,5	3307	0
3308	93,5	3308	0
3309	93,5	3309	0
3310	93,5	3310	0
3311	93,5	3311	0
3312	93,5	3312	0
3313	93,5	3313	0
3314	93,5	3314	0
3315	93,5	3315	0
3316	93,4	3316	0
3317	93,4	3317	0
3318	93,4	3318	0
3319	93,4	3319	0
3320	93,4	3320	0
3321	93,4	3321	0
3322	93,4	3322	0
3323	93,4	3323	0
3324	93,4	3324	0
3325	93,4	3325	0
3326	93,4	3326	0
3327	93,4	3327	0
3328	93,4	3328	0
3329	93,4	3329	0
3330	93,4	3330	0
3331	93,4	3331	0
3332	93,4	3332	0
3333	93,3	3333	0
3334	93,3	3334	0
3335	93,3	3335	0
3336	93,3	3336	0
3337	93,3	3337	0
3338	93,3	3338	0
3339	93,3	3339	0
3340	93,3	3340	0
3341	93,3	3341	0
3342	93,3	3342	0
3343	93,3	3343	0
3344	93,3	3344	0
3345	93,3	3345	0
3346	93,3	3346	0
3347	93,3	3347	0
3348	93,3	3348	0
3349	93,3	3349	0
3350	93,3	3350	0
3351	93,1	3351	0
3352	93,1	3352	0
3353	93,1	3353	0
3354	93,1	3354	0
3355	93,1	3355	0
3356	93,1	3356	0
3357	93,1	3357	0
3358	93,1	3358	0
3359	93,1	3359	0
3360	93,1	3360	0
3361	93	3361	0
3362	93	3362	0
3363	93	3363	0
3364	93	3364	0
3365	93	3365	0
3366	93	3366	0
3367	93	3367	0
3368	93	3368	0
3369	93	3369	0
3370	93	3370	0
3371	93	3371	0
3372	93	3372	0
3373	93	3373	0
3374	93	3374	0
3375	93	3375	0
3376	93	3376	0
3377	93	3377	0
3378	93	3378	0
3379	93	3379	0
3380	93	3380	0
3381	93	3381	0
3382	93	3382	0
3383	93	3383	0
3384	93	3384	0
3385	93	3385	0
3386	93	3386	0
3387	93	3387	0
3388	93	3388	0
3389	93	3389	0
3390	93	3390	0
3391	93	3391	0
3392	93	3392	0
3393	93	3393	0
3394	92,9	3394	0
3395	92,9	3395	0
3396	92,9	3396	0
3397	92,9	3397	0
3398	92,9	3398	0
3399	92,9	3399	0
3400	92,9	3400	0
3401	92,9	3401	0
3402	92,9	3402	0
3403	92,8	3403	0
3404	92,8	3404	0
3405	92,8	3405	0
3406	92,8	3406	0
3407	92,8	3407	0
3408	92,8	3408	0
3409	92,8	3409	0
3410	92,8	3410	0
3411	92,8	3411	0
3412	92,8	3412	0
3413	92,8	3413	0
3414	92,8	3414	0
3415	92,8	3415	0
3416	92,8	3416	0
3417	92,8	3417	0
3418	92,8	3418	0
3419	92,8	3419	0
3420	92,8	3420	0
3421	92,8	3421	0
3422	92,6	3422	0
3423	92,6	3423	0
3424	92,8	3424	0
3425	92,6	3425	0
3426	92,6	3426	0
3427	92,6	3427	0
3428	92,6	3428	0
3429	92,6	3429	0
3430	92,6	3430	0
3431	92,6	3431	0
3432	92,6	3432	0
3433	92,6	3433	0
3434	92,6	3434	0
3435	92,6	3435	0
3436	92,6	3436	0
3437	92,6	3437	0
3438	92,6	3438	0
3439	92,6	3439	0
3440	92,6	3440	0
3441	92,5	3441	0
3442	92,6	3442	0
3443	92,5	3443	0
3444	92,5	3444	0
3445	92,5	3445	0
3446	92,5	3446	0
3447	92,5	3447	0
3448	92,5	3448	0
3449	92,5	3449	0
3450	92,5	3450	0
3451	92,5	3451	0
3452	92,5	3452	0
3453	92,5	3453	0
3454	92,5	3454	0
3455	92,5	3455	0
3456	92,5	3456	0
3457	92,5	3457	0
3458	92,5	3458	0
3459	92,5	3459	0
3460	92,5	3460	0
3461	92,5	3461	0
3462	92,5	3462	0
3463	92,5	3463	0
3464	92,5	3464	0
3465	92,5	3465	0
3466	92,5	3466	0
3467	92,5	3467	0
3468	92,5	3468	0
3469	92,5	3469	0
3470	92,4	3470	0
3471	92,4	3471	0
3472	92,4	3472	0
3473	92,4	3473	0
3474	92,4	3474	0
3475	92,4	3475	0
3476	92,4	3476	0
3477	92,4	3477	0
3478	92,4	3478	0
3479	92,4	3479	0
3480	92,4	3480	0
3481	92,4	3481	0
3482	92,4	3482	0
3483	92,4	3483	0
3484	92,4	3484	0
3485	92,4	3485	0
3486	92,4	3486	0
3487	92,4	3487	0
3488	92,4	3488	0
3489	92,4	3489	0
3490	92,4	3490	0
3491	92,4	3491	0
3492	92,4	3492	0
3493	92,4	3493	0
3494	92,4	3494	0
3495	92,3	3495	0
3496	92,3	3496	0
3497	92,3	3497	0
3498	92,3	3498	0
3499	92,3	3499	0
3500	92,3	3500	0
3501	92,3	3501	0
3502	92,3	3502	0
3503	92,3	3503	0
3504	92,3	3504	0
3505	92,3	3505	0
3506	92,3	3506	0
3507	92,1	3507	0
3508	92,1	3508	0
3509	92,1	3509	0
3510	92,1	3510	0
3511	92,1	3511	0
3512	92,1	3512	0
3513	92,1	3513	0
3514	92,1	3514	0
3515	92,1	3515	0
3516	92,1	3516	0
3517	92,1	3517	0
3518	92,1	3518	0
3519	92,1	3519	0
3520	92,1	3520	0
3521	92,1	3521	0
3522	92,1	3522	0
3523	92,1	3523	0
3524	92	3524	0
3525	92	3525	0
3526	92	3526	0
3527	92	3527	0
3528	92	3528	0
3529	92	3529	0
3530	92	3530	0
3531	92	3531	0
3532	92	3532	0
3533	92	3533	0
3534	92	3534	0
3535	92	3535	0
3536	92	3536	0
3537	92	3537	0
3538	92	3538	0
3539	92	3539	0
3540	92	3540	0
3541	92	3541	0
3542	92	3542	0
3543	92	3543	0
3544	92	3544	0
3545	92	3545	0
3546	92	3546	0
3547	92	3547	0
3548	92	3548	0
3549	92	3549	0
3550	92	3550	0
3551	92	3551	0
3552	92	3552	0
3553	92	3553	0
3554	92	3554	0
3555	92	3555	0
3556	92	3556	0
3557	92	3557	0
3558	91,9	3558	0
3559	91,9	3559	0
3560	91,9	3560	0
3561	91,9	3561	0
3562	91,9	3562	0
3563	91,9	3563	0
3564	91,9	3564	0
3565	91,9	3565	0
3566	91,9	3566	0
3567	91,9	3567	0
3568	91,9	3568	0
3569	91,9	3569	0
3570	91,9	3570	0
3571	91,9	3571	0
3572	91,9	3572	0
3573	91,9	3573	0
3574	91,9	3574	0
3575	91,8	3575	0
3576	91,8	3576	0
3577	91,8	3577	0
3578	91,8	3578	0
3579	91,8	3579	0
3580	91,8	3580	0
3581	91,8	3581	0
3582	91,8	3582	0
3583	91,8	3583	0
3584	91,8	3584	0
3585	91,8	3585	0
3586	91,8	3586	0
3587	91,8	3587	0
3588	91,8	3588	0
3589	91,8	3589	0
3590	91,8	3590	0
3591	91,8	3591	0
3592	91,8	3592	0
3593	91,8	3593	0
3594	91,8	3594	0
3595	91,6	3595	0
3596	91,6	3596	0
3597	91,6	3597	0
3598	91,6	3598	0
3599	91,6	3599	0
3600	91,6	3600	0
3601	91,6	3601	0
3602	91,6	3602	0
3603	91,6	3603	0
3604	91,6	3604	0
3605	91,6	3605	0
3606	91,6	3606	0
3607	91,6	3607	0
3608	91,6	3608	0
3609	91,6	3609	0
3610	91,6	3610	0
3611	91,6	3611	0
3612	91,6	3612	0
3613	91,5	3613	0
3614	91,5	3614	0
3615	91,5	3615	0
3616	91,5	3616	0
3617	91,5	3617	0
3618	91,5	3618	0
3619	91,5	3619	0
3620	91,5	3620	0
3621	91,5	3621	0
3622	91,5	3622	0
3623	91,5	3623	0
3624	91,5	3624	0
3625	91,5	3625	0
3626	91,5	3626	0
3627	91,5	3627	0
3628	91,5	3628	0
3629	91,5	3629	0
3630	91,5	3630	0
3631	91,5	3631	0
3632	91,5	3632	0
3633	91,5	3633	0
3634	91,5	3634	0
3635	91,5	3635	0
3636	91,5	3636	0
3637	91,5	3637	0
3638	91,5	3638	0
3639	91,5	3639	0
3640	91,5	3640	0
3641	91,5	3641	0
3642	91,5	3642	0
3643	91,5	3643	0
3644	91,5	3644	0
3645	91,5	3645	0
3646	91,5	3646	0
3647	91,5	3647	0
3648	91,5	3648	0
3649	91,5	3649	0
3650	91,5	3650	0
3651	91,5	3651	0
3652	91,5	3652	0
3653	91,5	3653	0
3654	91,5	3654	0
3655	91,5	3655	0
3656	91,5	3656	0
3657	91,5	3657	0
3658	91,5	3658	0
3659	91,5	3659	0
3660	91,5	3660	0
3661	91,5	3661	0
3662	91,5	3662	0
3663	91,5	3663	0
3664	91,5	3664	0
3665	91,5	3665	0
3666	91,5	3666	0
3667	91,5	3667	0
3668	91,5	3668	0
3669	91,5	3669	0
3670	91,5	3670	0
3671	91,5	3671	0
3672	91,5	3672	0
3673	91,5	3673	0
3674	91,5	3674	0
3675	91,5	3675	0
3676	91,5	3676	0
3677	91,5	3677	0
3678	91,5	3678	0
3679	91,5	3679	0
3680	91,5	3680	0
3681	91,6	3681	0
3682	91,6	3682	0
3683	91,6	3683	0
3684	91,6	3684	0
3685	91,6	3685	0
3686	91,6	3686	0
3687	91,8	3687	0
3688	91,8	3688	0
3689	91,8	3689	0
3690	91,8	3690	0
3691	91,8	3691	0
3692	91,8	3692	0
3693	91,8	3693	0
3694	91,8	3694	0
3695	91,8	3695	0
3696	91,8	3696	0
3697	91,8	3697	0
3698	91,8	3698	0
3699	91,8	3699	0
3700	91,8	3700	0
3701	91,8	3701	0
3702	91,8	3702	0
3703	91,8	3703	0
3704	91,8	3704	0
3705	91,8	3705	0
3706	91,8	3706	0
3707	91,8	3707	0
3708	91,8	3708	0
3709	91,8	3709	0
3710	91,8	3710	0
3711	91,8	3711	0
3712	91,8	3712	0
3713	91,8	3713	0
3714	91,8	3714	0
3715	91,6	3715	0
3716	91,6	3716	0
3717	91,6	3717	0
3718	91,6	3718	0
3719	91,6	3719	0
3720	91,6	3720	0
3721	91,6	3721	0
3722	91,6	3722	0
3723	91,6	3723	0
3724	91,6	3724	0
3725	91,6	3725	0
3726	91,5	3726	0
3727	91,5	3727	0
3728	91,5	3728	0
3729	91,5	3729	0
3730	91,5	3730	0
3731	91,5	3731	0
3732	91,5	3732	0
3733	91,5	3733	0
3734	91,5	3734	0
3735	91,5	3735	0
3736	91,5	3736	0
3737	91,5	3737	0
3738	91,5	3738	0
3739	91,5	3739	0
3740	91,5	3740	0
3741	91,5	3741	0
3742	91,5	3742	0
3743	91,5	3743	0
3744	91,5	3744	0
3745	91,5	3745	0
3746	91,5	3746	0
3747	91,5	3747	0
3748	91,5	3748	0
3749	91,5	3749	0
3750	91,5	3750	0
3751	91,5	3751	0
3752	91,4	3752	0
3753	91,4	3753	0
3754	91,4	3754	0
3755	91,4	3755	0
3756	91,4	3756	0
3757	91,4	3757	0
3758	91,4	3758	0
3759	91,4	3759	0
3760	91,4	3760	0
3761	91,4	3761	0
3762	91,4	3762	0
3763	91,4	3763	0
3764	91,4	3764	0
3765	91,4	3765	0
3766	91,4	3766	0
3767	91,4	3767	0
3768	91,4	3768	0
3769	91,4	3769	0
3770	91,4	3770	0
3771	91,4	3771	0
3772	91,4	3772	0
3773	91,4	3773	0
3774	91,4	3774	0
3775	91,4	3775	0
3776	91,4	3776	0
3777	91,4	3777	0
3778	91,3	3778	0
3779	91,3	3779	0
3780	91,3	3780	0
3781	91,3	3781	0
3782	91,3	3782	0
3783	91,3	3783	0
3784	91,3	3784	0
3785	91,3	3785	0
3786	91,3	3786	0
3787	91,1	3787	0
3788	91,1	3788	0
3789	91,1	3789	0
3790	91,1	3790	0
3791	91,1	3791	0
3792	91,1	3792	0
3793	91,1	3793	0
3794	91,1	3794	0
3795	91,1	3795	0
3796	91,1	3796	0
3797	91,1	3797	0
3798	91,1	3798	0
3799	91,1	3799	0
3800	91,1	3800	0
3801	91,1	3801	0
3802	91,1	3802	0
3803	91,1	3803	0
3804	91,1	3804	0
3805	91,1	3805	0
3806	91,1	3806	0
3807	91,1	3807	0
3808	91,1	3808	0
3809	91,1	3809	0
3810	91,1	3810	0
3811	91,1	3811	0
3812	91,1	3812	0
3813	91,1	3813	0
3814	91	3814	0
3815	91	3815	0
3816	91	3816	0
3817	91	3817	0
3818	91	3818	0
3819	91	3819	0
3820	91	3820	0
3821	91	3821	0
3822	91	3822	0
3823	91	3823	0
3824	91	3824	0
3825	91	3825	0
3826	91	3826	0
3827	91	3827	0
3828	91	3828	0
3829	91	3829	0
3830	91	3830	0
3831	91	3831	0
3832	91	3832	0
3833	91	3833	0
3834	91	3834	0
3835	91	3835	0
3836	91	3836	0
3837	91	3837	0
3838	91	3838	0
3839	91	3839	0
3840	91	3840	0
3841	90,9	3841	0
3842	90,9	3842	0
3843	90,9	3843	0
3844	90,9	3844	0
3845	90,9	3845	0
3846	90,9	3846	0
3847	90,9	3847	0
3848	90,9	3848	0
3849	90,9	3849	0
3850	90,9	3850	0
3851	90,9	3851	0
3852	90,8	3852	0
3853	90,8	3853	0
3854	90,8	3854	0
3855	90,8	3855	0
3856	90,8	3856	0
3857	90,8	3857	0
3858	90,8	3858	0
3859	90,8	3859	0
3860	90,8	3860	0
3861	90,8	3861	0
3862	90,8	3862	0
3863	90,8	3863	0
3864	90,8	3864	0
3865	90,8	3865	0
3866	90,6	3866	0
3867	90,8	3867	0
3868	90,6	3868	0
3869	90,6	3869	0
3870	90,6	3870	0
3871	90,6	3871	0
3872	90,6	3872	0
3873	90,6	3873	0
3874	90,6	3874	0
3875	90,5	3875	0
3876	90,5	3876	0
3877	90,5	3877	0
3878	90,5	3878	0
3879	90,5	3879	0
3880	90,5	3880	0
3881	90,5	3881	0
3882	90,5	3882	0
3883	90,5	3883	0
3884	90,5	3884	0
3885	90,5	3885	0
3886	90,5	3886	0
3887	90,5	3887	0
3888	90,5	3888	0
3889	90,5	3889	0
3890	90,5	3890	0
3891	90,5	3891	0
3892	90,5	3892	0
3893	90,5	3893	0
3894	90,5	3894	0
3895	90,5	3895	0
3896	90,5	3896	0
3897	90,5	3897	0
3898	90,5	3898	0
3899	90,5	3899	0
3900	90,5	3900	0
3901	90,5	3901	0
3902	90,5	3902	0
3903	90,5	3903	0
3904	90,5	3904	0
3905	90,5	3905	0
3906	90,5	3906	0
3907	90,5	3907	0
3908	90,5	3908	0
3909	90,4	3909	0
3910	90,4	3910	0
3911	90,4	3911	0
3912	90,4	3912	0
3913	90,4	3913	0
3914	90,4	3914	0
3915	90,4	3915	0
3916	90,3	3916	0
3917	90,3	3917	0
3918	90,3	3918	0
3919	90,3	3919	0
3920	90,3	3920	0
3921	90,3	3921	0
3922	90,3	3922	0
3923	90,1	3923	0
3924	90,1	3924	0
3925	90,1	3925	0
3926	90,1	3926	0
3927	90,1	3927	0
3928	90,1	3928	0
3929	90,1	3929	0
3930	90,1	3930	0
3931	90,1	3931	0
3932	90,1	3932	0
3933	90,1	3933	0
3934	90	3934	0
3935	90	3935	0
3936	90	3936	0
3937	90	3937	0
3938	90	3938	0
3939	90	3939	0
3940	90	3940	0
3941	90	3941	0
3942	90	3942	0
3943	90	3943	0
3944	90	3944	0
3945	90	3945	0
3946	90	3946	0
3947	90	3947	0
3948	90	3948	0
3949	90	3949	0
3950	90	3950	0
3951	90	3951	0
3952	90	3952	0
3953	90	3953	0
3954	90	3954	0
3955	90	3955	0
3956	90	3956	0
3957	90	3957	0
3958	90	3958	0
3959	90	3959	0
3960	90	3960	0
3961	90	3961	0
3962	89,9	3962	0
3963	89,9	3963	0
3964	89,9	3964	0
3965	89,9	3965	0
3966	89,9	3966	0
3967	89,9	3967	0
3968	89,9	3968	0
3969	89,9	3969	0
3970	89,9	3970	0
3971	89,9	3971	0
3972	89,8	3972	0
3973	89,8	3973	0
3974	89,8	3974	0
3975	89,8	3975	0
3976	89,8	3976	0
3977	89,8	3977	0
3978	89,8	3978	0
3979	89,8	3979	0
3980	89,8	3980	0
3981	89,8	3981	0
3982	89,8	3982	0
3983	89,8	3983	0
3984	89,8	3984	0
3985	89,8	3985	0
3986	89,8	3986	0
3987	89,6	3987	0
3988	89,8	3988	0
3989	89,8	3989	0
3990	89,6	3990	0
3991	89,6	3991	0
3992	89,6	3992	0
3993	89,6	3993	0
3994	89,6	3994	0
3995	89,6	3995	0
3996	89,6	3996	0
3997	89,6	3997	0
3998	89,6	3998	0
3999	89,6	3999	0
4000	89,5	4000	0
4001	89,5	4001	0
4002	89,5	4002	0
4003	89,3	4003	0
4004	89	4004	0
4005	88,9	4005	0
4006	88,5	4006	0
4007	88,3	4007	0
4008	87,9	4008	0
4009	87,4	4009	0
4010	87	4010	0
4011	86,5	4011	0
4012	85,9	4012	0
4013	85,4	4013	0
4014	84,6	4014	0
4015	84,1	4015	0
4016	83,5	4016	0
4017	82,6	4017	0
4018	82	4018	0
4019	81,4	4019	0
4020	80,9	4020	0
4021	80,1	4021	0
4022	79,5	4022	0
4023	79	4023	0
4024	78,5	4024	0
4025	78	4025	0
4026	77,5	4026	0
4027	77	4027	0
4028	76,6	4028	0
4029	76,4	4029	0
4030	76	4030	0
4031	75,6	4031	0
4032	75,4	4032	0
4033	75	4033	0
4034	74,8	4034	0
4035	74,5	4035	0
4036	74,3	4036	0
4037	74,3	4037	0
4038	74,3	4038	0
4039	71,8	4039	0
4040	71,8	4040	0
4041	71,8	4041	0
4042	71,8	4042	0
4043	71,8	4043	0
4044	71,8	4044	1
4045	71,8	4045	1
4046	71,8	4046	1
4047	71,6	4047	0
4048	71,5	4048	0
4049	71,5	4049	0
4050	71,5	4050	0
4051	71,4	4051	0
4052	71,3	4052	0
4053	71,1	4053	0
4054	71	4054	0
4055	71	4055	0
4056	70,9	4056	0
4057	70,8	4057	0
4058	70,6	4058	0
4059	70,5	4059	0
4060	70,4	4060	0
4061	70,3	4061	0
4062	70,1	4062	0
4063	70	4063	0
4064	70	4064	0
4065	69,9	4065	0
4066	69,8	4066	0
4067	69,6	4067	0
4068	69,5	4068	0
4069	69,5	4069	0
4070	69,4	4070	0
4071	69,4	4071	0
4072	69,3	4072	0
4073	69,1	4073	0
4074	69	4074	0
4075	69	4075	0
4076	69	4076	0
4077	68,9	4077	0
4078	68,9	4078	0
4079	68,8	4079	0
4080	68,8	4080	0
4081	68,8	4081	0
4082	68,6	4082	0
4083	68,6	4083	0
4084	68,6	4084	0
4085	68,5	4085	0
4086	68,5	4086	0
4087	68,5	4087	0
4088	68,5	4088	0
4089	68,5	4089	0
4090	68,5	4090	0
4091	68,5	4091	0
4092	68,5	4092	0
4093	68,5	4093	0
4094	68,5	4094	0
4095	68,5	4095	0
4096	68,5	4096	0
4097	68,5	4097	0
4098	68,5	4098	0
4099	68,5	4099	0
4100	68,5	4100	0
4101	68,5	4101	0
4102	68,5	4102	0
4103	68,5	4103	0
4104	68,5	4104	0
4105	68,5	4105	0
4106	68,5	4106	0
4107	68,5	4107	0
4108	68,5	4108	0
4109	68,5	4109	0
4110	68,5	4110	0
4111	68,5	4111	0
4112	68,5	4112	0
4113	68,5	4113	0
4114	68,5	4114	0
4115	68,5	4115	0
4116	68,5	4116	0
