Time - Temeperatura (°C)	Temperatura (°C) & Presión (kPa) - Temeperatura (°C)	Time - Presión (kPa)	Temperatura (°C) & Presión (kPa) - Presión (kPa)
0	43,7	0	0
1	41,7	1	0
2	41,7	2	0
3	41,7	3	0
4	41,7	4	0
5	41,7	5	0
6	41,7	6	0
7	41,7	7	0
8	41,7	8	0
9	41,7	9	0
10	41,7	10	0
11	41,7	11	0
12	41,7	12	0
13	41,7	13	0
14	41,7	14	0
15	41,7	15	0
16	41,7	16	0
17	41,7	17	0
18	41,7	18	0
19	41,7	19	0
20	41,7	20	0
21	41,7	21	0
22	41,7	22	0
23	41,7	23	0
24	41,7	24	0
25	41,7	25	0
26	41,7	26	0
27	41,7	27	0
28	41,5	28	0
29	41,5	29	0
30	41,5	30	0
31	41,5	31	0
32	41,5	32	0
33	41,5	33	0
34	41,5	34	0
35	41,5	35	0
36	41,5	36	0
37	41,5	37	0
38	41,5	38	0
39	41,5	39	0
40	41,5	40	0
41	41,5	41	0
42	41,5	42	0
43	41,5	43	0
44	41,5	44	0
45	41,5	45	0
46	41,5	46	0
47	41,5	47	0
48	41,5	48	0
49	41,5	49	0
50	41,5	50	0
51	41,5	51	0
52	41,5	52	0
53	41,5	53	0
54	41,5	54	0
55	41,5	55	0
56	41,5	56	0
57	41,5	57	0
58	41,5	58	0
59	41,5	59	0
60	41,5	60	0
61	41,5	61	0
62	41,5	62	0
63	41,5	63	0
64	41,5	64	0
65	41,5	65	0
66	41,5	66	0
67	41,5	67	0
68	41,5	68	0
69	41,5	69	0
70	41,5	70	0
71	41,5	71	0
72	41,5	72	0
73	41,5	73	0
74	41,5	74	0
75	41,5	75	0
76	41,5	76	0
77	41,5	77	0
78	41,5	78	0
79	41,5	79	0
80	41,5	80	0
81	41,5	81	0
82	41,5	82	0
83	41,5	83	0
84	41,4	84	0
85	41,4	85	0
86	41,4	86	0
87	41,4	87	0
88	41,4	88	0
89	41,4	89	0
90	41,4	90	0
91	41,4	91	0
92	41,4	92	0
93	41,4	93	0
94	41,4	94	0
95	41,4	95	0
96	41,4	96	0
97	41,4	97	0
98	41,4	98	0
99	41,4	99	0
100	41,4	100	0
101	41,4	101	0
102	41,4	102	0
103	41,4	103	0
104	41,4	104	0
105	41,4	105	0
106	41,4	106	0
107	41,4	107	0
108	41,4	108	0
109	41,4	109	0
110	41,4	110	0
111	41,4	111	0
112	41,4	112	0
113	41,4	113	0
114	41,4	114	0
115	41,4	115	0
116	41,4	116	0
117	41,4	117	0
118	41,4	118	0
119	41,4	119	0
120	41,4	120	0
121	41,4	121	0
122	41,4	122	0
123	41,4	123	0
124	41,4	124	0
125	41,2	125	0
126	41,4	126	0
127	41,4	127	0
128	41,4	128	0
129	41,4	129	0
130	41,4	130	0
131	41,4	131	0
132	41,4	132	0
133	41,4	133	0
134	41,4	134	0
135	41,4	135	0
136	41,4	136	0
137	41,2	137	0
138	41,2	138	0
139	41,2	139	0
140	41,2	140	0
141	41,2	141	0
142	41,2	142	0
143	41,2	143	0
144	41,2	144	0
145	41,2	145	0
146	41,2	146	0
147	41,2	147	0
148	41,2	148	0
149	41,2	149	0
150	41,2	150	0
151	41,2	151	0
152	41,2	152	0
153	41,2	153	0
154	41,2	154	0
155	41,2	155	0
156	41,2	156	0
157	41,2	157	0
158	41,2	158	0
159	41,2	159	0
160	41,2	160	0
161	41,2	161	0
162	41,2	162	0
163	41,2	163	0
164	41,2	164	0
165	41,2	165	0
166	41,2	166	0
167	41,2	167	0
168	41,2	168	0
169	41,2	169	0
170	41,2	170	0
171	41,2	171	0
172	41,2	172	0
173	41,2	173	0
174	41,2	174	0
175	41,2	175	0
176	41,2	176	0
177	41,2	177	0
178	41,2	178	0
179	41,2	179	0
180	41,2	180	0
181	41,2	181	0
182	41,2	182	0
183	41,2	183	0
184	41,2	184	0
185	41,2	185	0
186	41,2	186	0
187	41,2	187	0
188	41,2	188	0
189	41,2	189	0
190	41,2	190	0
191	41,2	191	0
192	41,2	192	0
193	41,2	193	0
194	41,2	194	0
195	41,2	195	0
196	41,2	196	0
197	41,2	197	0
198	41,2	198	0
199	41,2	199	0
200	41,2	200	0
201	41,2	201	0
202	41,2	202	0
203	41,2	203	0
204	41,2	204	0
205	41,2	205	0
206	41,2	206	0
207	41,2	207	0
208	41,2	208	0
209	41,2	209	0
210	41,2	210	0
211	41,2	211	0
212	41,2	212	0
213	41,2	213	0
214	41,2	214	0
215	41,2	215	0
216	41,2	216	0
217	41,2	217	0
218	41,2	218	0
219	41,2	219	0
220	41,2	220	0
221	41,2	221	0
222	41,2	222	0
223	41,2	223	0
224	41,2	224	0
225	41,2	225	0
226	41,2	226	0
227	41,2	227	0
228	41,2	228	0
229	41,2	229	0
230	41,2	230	0
231	41,2	231	0
232	41,2	232	0
233	41,2	233	0
234	41,2	234	0
235	41,2	235	0
236	41,2	236	0
237	41,2	237	0
238	41,2	238	0
239	41,2	239	0
240	41,2	240	0
241	41,2	241	0
242	41,2	242	0
243	41,2	243	0
244	41,2	244	0
245	41,2	245	0
246	41,2	246	0
247	41,2	247	0
248	41,2	248	0
249	41,2	249	0
250	41,2	250	0
251	41,2	251	0
252	41,2	252	0
253	41,2	253	0
254	41,2	254	0
255	41,2	255	0
256	41,2	256	0
257	41,2	257	0
258	41,2	258	0
259	41,2	259	0
260	41,2	260	0
261	41,2	261	0
262	41,2	262	0
263	41,2	263	0
264	41,2	264	0
265	41,4	265	0
266	41,4	266	0
267	41,4	267	0
268	41,4	268	0
269	41,4	269	0
270	41,4	270	0
271	41,4	271	0
272	41,5	272	0
273	41,5	273	0
274	41,5	274	0
275	41,5	275	0
276	41,5	276	0
277	41,5	277	0
278	41,5	278	0
279	41,5	279	0
280	41,5	280	0
281	41,5	281	0
282	41,7	282	0
283	41,7	283	0
284	41,7	284	0
285	41,7	285	0
286	41,7	286	0
287	41,7	287	0
288	41,9	288	0
289	41,9	289	0
290	41,9	290	0
291	42	291	0
292	42	292	0
293	42	293	0
294	42	294	0
295	42	295	0
296	42,2	296	0
297	42,2	297	0
298	42,2	298	0
299	42,2	299	0
300	42,2	300	0
301	42,4	301	0
302	42,4	302	0
303	42,5	303	0
304	42,5	304	0
305	42,5	305	0
306	42,5	306	0
307	42,5	307	0
308	42,5	308	0
309	42,7	309	0
310	42,7	310	0
311	42,7	311	0
312	42,7	312	0
313	42,7	313	0
314	42,9	314	0
315	42,9	315	0
316	42,9	316	0
317	43	317	0
318	43	318	0
319	43	319	0
320	43	320	0
321	43	321	0
322	43,2	322	0
323	43,2	323	0
324	43,2	324	0
325	43,2	325	0
326	43,2	326	0
327	43,4	327	0
328	43,4	328	0
329	43,4	329	0
330	43,5	330	0
331	43,5	331	0
332	43,5	332	0
333	43,5	333	0
334	43,5	334	0
335	43,7	335	0
336	43,7	336	0
337	43,7	337	0
338	43,7	338	0
339	43,7	339	0
340	43,7	340	0
341	43,9	341	0
342	43,9	342	0
343	43,9	343	0
344	44	344	0
345	44	345	0
346	44	346	0
347	44	347	0
348	44	348	0
349	44	349	0
350	44	350	0
351	44,2	351	0
352	44,2	352	0
353	44,2	353	0
354	44,2	354	0
355	44,2	355	0
356	44,2	356	0
357	44,2	357	0
358	44,4	358	0
359	44,4	359	0
360	44,4	360	0
361	44,4	361	0
362	44,5	362	0
363	44,5	363	0
364	44,5	364	0
365	44,5	365	0
366	44,5	366	0
367	44,5	367	0
368	44,7	368	0
369	44,7	369	0
370	44,7	370	0
371	44,7	371	0
372	44,7	372	0
373	44,7	373	0
374	44,7	374	0
375	44,9	375	0
376	44,9	376	0
377	44,9	377	0
378	45	378	0
379	45	379	0
380	45	380	0
381	45	381	0
382	45	382	0
383	45,2	383	0
384	45,2	384	0
385	45,2	385	0
386	45,2	386	0
387	45,2	387	0
388	45,4	388	0
389	45,4	389	0
390	45,5	390	0
391	45,5	391	0
392	45,5	392	0
393	45,5	393	0
394	45,5	394	0
395	45,7	395	0
396	45,7	396	0
397	45,7	397	0
398	45,7	398	0
399	45,9	399	0
400	45,9	400	0
401	46	401	0
402	46	402	0
403	46	403	0
404	46	404	0
405	46,2	405	0
406	46,2	406	0
407	46,2	407	0
408	46,2	408	0
409	46,2	409	0
410	46,4	410	0
411	46,4	411	0
412	46,4	412	0
413	46,5	413	0
414	46,5	414	0
415	46,5	415	0
416	46,5	416	0
417	46,7	417	0
418	46,7	418	0
419	46,7	419	0
420	46,7	420	0
421	46,9	421	0
422	46,9	422	0
423	47	423	0
424	47	424	0
425	47	425	0
426	47	426	0
427	47	427	0
428	47,2	428	0
429	47,2	429	0
430	47,2	430	0
431	47,2	431	0
432	47,2	432	0
433	47,2	433	0
434	47,4	434	0
435	47,4	435	0
436	47,5	436	0
437	47,5	437	0
438	47,5	438	0
439	47,5	439	0
440	47,5	440	0
441	47,5	441	0
442	47,7	442	0
443	47,7	443	0
444	47,7	444	0
445	47,7	445	0
446	47,9	446	0
447	47,9	447	0
448	48	448	0
449	48	449	0
450	48	450	0
451	48	451	0
452	48,2	452	0
453	48,2	453	0
454	48,2	454	0
455	48,2	455	0
456	48,4	456	0
457	48,5	457	0
458	48,5	458	0
459	48,5	459	0
460	48,7	460	0
461	48,7	461	0
462	48,7	462	0
463	48,9	463	0
464	48,9	464	0
465	49	465	0
466	49	466	0
467	49,2	467	0
468	49,2	468	0
469	49,2	469	0
470	49,4	470	0
471	49,5	471	0
472	49,5	472	0
473	49,5	473	0
474	49,5	474	0
475	49,7	475	0
476	49,7	476	0
477	49,7	477	0
478	49,9	478	0
479	49,9	479	0
480	50	480	0
481	50	481	0
482	50	482	0
483	50,2	483	0
484	50,2	484	0
485	50,2	485	0
486	50,2	486	0
487	50,4	487	0
488	50,4	488	0
489	50,5	489	0
490	50,5	490	0
491	50,5	491	0
492	50,7	492	0
493	50,7	493	0
494	50,7	494	0
495	50,7	495	0
496	50,7	496	0
497	50,9	497	0
498	50,9	498	0
499	51	499	0
500	51	500	0
501	51	501	0
502	51	502	0
503	51	503	0
504	51,2	504	0
505	51,2	505	0
506	51,2	506	0
507	51,2	507	0
508	51,2	508	0
509	51,4	509	0
510	51,4	510	0
511	51,5	511	0
512	51,5	512	0
513	51,5	513	0
514	51,5	514	0
515	51,7	515	0
516	51,7	516	0
517	51,7	517	0
518	51,9	518	0
519	51,9	519	0
520	52	520	0
521	52	521	0
522	52,2	522	0
523	52,2	523	0
524	52,2	524	0
525	52,4	525	0
526	52,4	526	0
527	52,5	527	0
528	52,5	528	0
529	52,7	529	0
530	52,7	530	0
531	52,7	531	0
532	52,7	532	0
533	52,9	533	0
534	53	534	0
535	53	535	0
536	53,2	536	0
537	53,2	537	0
538	53,2	538	0
539	53,4	539	0
540	53,5	540	0
541	53,5	541	0
542	53,5	542	0
543	53,7	543	0
544	53,7	544	0
545	53,7	545	0
546	53,9	546	0
547	54	547	0
548	54	548	0
549	54	549	0
550	54,2	550	0
551	54,2	551	0
552	54,2	552	0
553	54,4	553	0
554	54,4	554	0
555	54,5	555	0
556	54,5	556	0
557	54,7	557	0
558	54,7	558	0
559	54,7	559	0
560	54,9	560	0
561	55	561	0
562	55	562	0
563	55	563	0
564	55,2	564	0
565	55,2	565	0
566	55,2	566	0
567	55,4	567	0
568	55,5	568	0
569	55,5	569	0
570	55,5	570	0
571	55,7	571	0
572	55,7	572	0
573	55,9	573	0
574	56	574	0
575	56	575	0
576	56,2	576	0
577	56,2	577	0
578	56,2	578	0
579	56,4	579	0
580	56,5	580	0
581	56,5	581	0
582	56,5	582	0
583	56,7	583	0
584	56,7	584	0
585	56,9	585	0
586	57	586	0
587	57	587	0
588	57	588	0
589	57,2	589	0
590	57,2	590	0
591	57,2	591	0
592	57,4	592	0
593	57,5	593	0
594	57,5	594	0
595	57,5	595	0
596	57,7	596	0
597	57,7	597	0
598	57,9	598	0
599	58	599	0
600	58	600	0
601	58,2	601	0
602	58,2	602	0
603	58,2	603	0
604	58,4	604	0
605	58,5	605	0
606	58,5	606	0
607	58,7	607	0
608	58,7	608	0
609	58,9	609	0
610	58,9	610	0
611	59	611	0
612	59	612	0
613	59,2	613	0
614	59,2	614	0
615	59,4	615	0
616	59,5	616	0
617	59,5	617	0
618	59,5	618	0
619	59,7	619	0
620	59,7	620	0
621	59,9	621	0
622	60	622	0
623	60	623	0
624	60,2	624	0
625	60,2	625	0
626	60,4	626	0
627	60,5	627	0
628	60,5	628	0
629	60,7	629	0
630	60,7	630	0
631	60,9	631	0
632	61	632	0
633	61	633	0
634	61,2	634	0
635	61,2	635	0
636	61,4	636	0
637	61,5	637	0
638	61,7	638	0
639	61,7	639	0
640	61,9	640	0
641	62	641	0
642	62	642	0
643	62,2	643	0
644	62,4	644	0
645	62,5	645	0
646	62,7	646	0
647	62,9	647	0
648	63	648	0
649	63	649	0
650	63,2	650	0
651	63,4	651	0
652	63,5	652	0
653	63,5	653	0
654	63,7	654	0
655	63,9	655	0
656	64	656	0
657	64	657	0
658	64,1	658	0
659	64,3	659	0
660	64,4	660	0
661	64,4	661	0
662	64,5	662	0
663	64,5	663	0
664	64,6	664	0
665	64,8	665	0
666	64,8	666	0
667	64,9	667	0
668	65	668	0
669	65	669	0
670	65,1	670	0
671	65,3	671	0
672	65,4	672	0
673	65,5	673	0
674	65,5	674	0
675	65,6	675	0
676	65,8	676	0
677	66	677	0
678	66	678	0
679	66,1	679	0
680	66,3	680	0
681	66,4	681	0
682	66,5	682	0
683	66,5	683	0
684	66,6	684	0
685	66,8	685	0
686	66,9	686	0
687	67	687	0
688	67	688	0
689	67,1	689	0
690	67,3	690	0
691	67,4	691	0
692	67,5	692	0
693	67,5	693	0
694	67,6	694	0
695	67,8	695	0
696	67,9	696	0
697	67,9	697	0
698	68	698	0
699	68,1	699	0
700	68,3	700	0
701	68,4	701	0
702	68,5	702	0
703	68,5	703	0
704	68,5	704	0
705	68,6	705	0
706	68,8	706	0
707	68,9	707	0
708	69	708	0
709	69	709	0
710	69,1	710	0
711	69,3	711	0
712	69,4	712	0
713	69,5	713	0
714	69,5	714	0
715	69,6	715	0
716	69,8	716	0
717	69,9	717	0
718	70	718	0
719	70	719	0
720	70,1	720	0
721	70,3	721	0
722	70,5	722	0
723	70,5	723	0
724	70,6	724	0
725	70,8	725	0
726	71	726	0
727	71	727	0
728	71,1	728	0
729	71,3	729	0
730	71,4	730	0
731	71,5	731	0
732	71,5	732	0
733	71,6	733	0
734	71,8	734	0
735	71,9	735	0
736	72	736	0
737	72	737	0
738	72,1	738	0
739	72,1	739	0
740	72,3	740	0
741	72,4	741	0
742	72,5	742	0
743	72,5	743	0
744	72,5	744	0
745	72,6	745	0
746	72,8	746	0
747	72,9	747	0
748	73	748	0
749	73	749	0
750	73,1	750	0
751	73,3	751	0
752	73,3	752	0
753	73,4	753	0
754	73,5	754	0
755	73,5	755	0
756	73,6	756	0
757	73,6	757	0
758	73,8	758	0
759	73,9	759	0
760	74	760	0
761	74	761	0
762	74	762	0
763	74,1	763	0
764	74,3	764	0
765	74,4	765	0
766	74,4	766	0
767	74,5	767	0
768	74,5	768	0
769	74,6	769	0
770	74,8	770	0
771	74,9	771	0
772	75	772	0
773	75	773	0
774	75,1	774	0
775	75,3	775	0
776	75,4	776	0
777	75,5	777	0
778	75,5	778	0
779	75,6	779	0
780	75,8	780	0
781	75,9	781	0
782	76	782	0
783	76	783	0
784	76	784	0
785	76,1	785	0
786	76,1	786	0
787	76,3	787	0
788	76,4	788	0
789	76,5	789	0
790	76,5	790	0
791	76,5	791	0
792	76,6	792	0
793	76,6	793	0
794	76,8	794	0
795	76,9	795	0
796	76,9	796	0
797	77	797	0
798	77	798	0
799	77	799	0
800	77,1	800	0
801	77,3	801	0
802	77,3	802	0
803	77,4	803	0
804	77,5	804	1
805	77,5	805	0
806	77,5	806	0
807	77,6	807	0
808	77,6	808	0
809	77,8	809	0
810	77,9	810	0
811	77,9	811	0
812	78	812	0
813	78	813	1
814	78	814	1
815	78,1	815	0
816	78,3	816	1
817	78,4	817	1
818	78,5	818	0
819	78,5	819	0
820	78,5	820	1
821	78,6	821	1
822	78,8	822	1
823	78,9	823	1
824	79	824	1
825	79	825	1
826	79,1	826	1
827	79,3	827	1
828	79,3	828	1
829	79,4	829	1
830	79,5	830	1
831	79,5	831	1
832	79,6	832	1
833	79,8	833	1
834	79,9	834	1
835	80	835	2
836	80	836	2
837	80,1	837	2
838	80,1	838	2
839	80,3	839	2
840	80,4	840	2
841	80,5	841	2
842	80,5	842	3
843	80,6	843	3
844	80,8	844	3
845	80,9	845	2
846	81	846	2
847	81	847	3
848	81	848	4
849	81,1	849	3
850	81,3	850	3
851	81,4	851	3
852	81,5	852	4
853	81,5	853	4
854	81,5	854	4
855	81,6	855	3
856	81,8	856	3
857	81,8	857	3
858	81,9	858	3
859	82	859	3
860	82	860	4
861	82	861	4
862	82,1	862	5
863	82,3	863	5
864	82,4	864	5
865	82,4	865	5
866	82,5	866	5
867	82,5	867	5
868	82,6	868	5
869	82,8	869	5
870	82,9	870	5
871	83	871	5
872	83	872	5
873	83	873	5
874	83,1	874	6
875	83,3	875	6
876	83,3	876	6
877	83,4	877	6
878	83,5	878	6
879	83,5	879	5
880	83,5	880	5
881	83,6	881	6
882	83,6	882	6
883	83,8	883	6
884	83,8	884	7
885	83,9	885	7
886	84	886	7
887	84	887	7
888	84	888	6
889	84,1	889	6
890	84,3	890	7
891	84,4	891	7
892	84,5	892	7
893	84,5	893	7
894	84,6	894	8
895	84,6	895	8
896	84,8	896	8
897	84,9	897	8
898	85	898	8
899	85	899	8
900	85,1	900	9
901	85,3	901	9
902	85,4	902	9
903	85,5	903	9
904	85,5	904	10
905	85,6	905	10
906	85,6	906	10
907	85,8	907	9
908	85,9	908	8
909	86	909	9
910	86	910	9
911	86	911	10
912	86,1	912	10
913	86,3	913	10
914	86,3	914	10
915	86,4	915	10
916	86,4	916	10
917	86,5	917	11
918	86,5	918	11
919	86,5	919	11
920	86,5	920	11
921	86,6	921	11
922	86,8	922	11
923	86,8	923	12
924	86,9	924	11
925	87	925	11
926	87	926	11
927	87,1	927	12
928	87,1	928	12
929	87,4	929	12
930	87,4	930	13
931	87,5	931	12
932	87,5	932	12
933	87,6	933	12
934	87,8	934	12
935	87,9	935	13
936	88	936	13
937	88	937	13
938	88,1	938	14
939	88,3	939	13
940	88,3	940	13
941	88,4	941	13
942	88,4	942	13
943	88,5	943	14
944	88,5	944	15
945	88,5	945	15
946	88,6	946	15
947	88,6	947	15
948	88,8	948	15
949	88,8	949	14
950	88,9	950	15
951	89	951	15
952	89	952	15
953	89	953	15
954	89,1	954	15
955	89,3	955	16
956	89,3	956	15
957	89,4	957	16
958	89,5	958	17
959	89,5	959	17
960	89,5	960	17
961	89,6	961	17
962	89,8	962	17
963	89,9	963	17
964	90	964	18
965	90	965	17
966	90	966	17
967	90,1	967	17
968	90,1	968	18
969	90,3	969	18
970	90,4	970	19
971	90,4	971	18
972	90,5	972	18
973	90,5	973	18
974	90,6	974	18
975	90,6	975	18
976	90,8	976	18
977	90,8	977	18
978	90,9	978	19
979	90,9	979	19
980	91	980	19
981	91	981	19
982	91,1	982	20
983	91,1	983	20
984	91,3	984	20
985	91,4	985	20
986	91,4	986	19
987	91,5	987	19
988	91,5	988	20
989	91,5	989	21
990	91,6	990	21
991	91,6	991	20
992	91,8	992	20
993	91,9	993	21
994	91,9	994	21
995	92	995	22
996	92	996	21
997	92	997	21
998	92,1	998	22
999	92,3	999	22
1000	92,3	1000	23
1001	92,4	1001	22
1002	92,5	1002	22
1003	92,5	1003	22
1004	92,6	1004	23
1005	92,6	1005	23
1006	92,8	1006	22
1007	92,9	1007	23
1008	93	1008	23
1009	93	1009	23
1010	93	1010	23
1011	93,1	1011	23
1012	93,1	1012	23
1013	93,3	1013	24
1014	93,4	1014	24
1015	93,5	1015	25
1016	93,5	1016	25
1017	93,5	1017	25
1018	93,6	1018	25
1019	93,8	1019	24
1020	93,9	1020	25
1021	94	1021	25
1022	94	1022	25
1023	94	1023	26
1024	94,1	1024	26
1025	94,1	1025	26
1026	94,3	1026	25
1027	94,4	1027	26
1028	94,4	1028	26
1029	94,5	1029	26
1030	94,5	1030	27
1031	94,5	1031	27
1032	94,6	1032	27
1033	94,8	1033	28
1034	94,8	1034	28
1035	94,9	1035	28
1036	94,9	1036	29
1037	95	1037	28
1038	95	1038	28
1039	95	1039	28
1040	95,1	1040	28
1041	95,1	1041	28
1042	95,3	1042	29
1043	95,4	1043	29
1044	95,5	1044	29
1045	95,5	1045	29
1046	95,5	1046	29
1047	95,6	1047	29
1048	95,8	1048	29
1049	95,8	1049	30
1050	95,9	1050	30
1051	96	1051	29
1052	96	1052	29
1053	96	1053	31
1054	96,1	1054	31
1055	96,3	1055	31
1056	96,3	1056	31
1057	96,4	1057	31
1058	96,5	1058	30
1059	96,5	1059	31
1060	96,5	1060	32
1061	96,5	1061	32
1062	96,6	1062	32
1063	96,8	1063	32
1064	96,8	1064	32
1065	96,9	1065	33
1066	96,9	1066	33
1067	97	1067	33
1068	97	1068	33
1069	97	1069	33
1070	97,1	1070	33
1071	97,1	1071	33
1072	97,3	1072	33
1073	97,3	1073	34
1074	97,4	1074	34
1075	97,5	1075	35
1076	97,5	1076	34
1077	97,5	1077	35
1078	97,6	1078	35
1079	97,8	1079	35
1080	97,8	1080	35
1081	97,9	1081	35
1082	98	1082	35
1083	98	1083	36
1084	98	1084	36
1085	98,1	1085	35
1086	98,3	1086	35
1087	98,3	1087	36
1088	98,4	1088	36
1089	98,5	1089	36
1090	98,5	1090	36
1091	98,6	1091	38
1092	98,6	1092	38
1093	98,8	1093	38
1094	98,9	1094	38
1095	98,9	1095	38
1096	99	1096	37
1097	99	1097	38
1098	99	1098	38
1099	99,1	1099	38
1100	99,1	1100	39
1101	99,3	1101	40
1102	99,4	1102	39
1103	99,5	1103	39
1104	99,5	1104	39
1105	99,5	1105	39
1106	99,6	1106	40
1107	99,6	1107	40
1108	99,8	1108	40
1109	99,8	1109	40
1110	99,9	1110	41
1111	100	1111	40
1112	100	1112	40
1113	100	1113	41
1114	100,1	1114	41
1115	100,1	1115	42
1116	100,3	1116	42
1117	100,4	1117	42
1118	100,5	1118	42
1119	100,5	1119	42
1120	100,5	1120	42
1121	100,5	1121	42
1122	100,8	1122	42
1123	100,8	1123	43
1124	100,9	1124	44
1125	101	1125	43
1126	101	1126	44
1127	101	1127	44
1128	101,1	1128	44
1129	101,3	1129	44
1130	101,4	1130	44
1131	101,5	1131	45
1132	101,5	1132	45
1133	101,5	1133	45
1134	101,5	1134	45
1135	101,6	1135	45
1136	101,8	1136	46
1137	101,8	1137	46
1138	101,9	1138	46
1139	101,9	1139	46
1140	102	1140	47
1141	102	1141	47
1142	102	1142	47
1143	102	1143	47
1144	102,1	1144	47
1145	102,1	1145	47
1146	102,3	1146	48
1147	102,3	1147	48
1148	102,4	1148	48
1149	102,4	1149	49
1150	102,5	1150	48
1151	102,5	1151	49
1152	102,5	1152	49
1153	102,6	1153	48
1154	102,8	1154	48
1155	102,8	1155	49
1156	102,9	1156	49
1157	103	1157	50
1158	103	1158	50
1159	103	1159	51
1160	103,1	1160	52
1161	103,1	1161	51
1162	103,3	1162	51
1163	103,3	1163	52
1164	103,4	1164	52
1165	103,5	1165	52
1166	103,5	1166	52
1167	103,5	1167	51
1168	103,5	1168	52
1169	103,6	1169	52
1170	103,8	1170	53
1171	103,8	1171	52
1172	103,9	1172	52
1173	103,9	1173	52
1174	104	1174	52
1175	104	1175	53
1176	104	1176	54
1177	104	1177	54
1178	104,1	1178	54
1179	104,3	1179	54
1180	104,3	1180	54
1181	104,4	1181	55
1182	104,4	1182	55
1183	104,5	1183	55
1184	104,5	1184	55
1185	104,5	1185	55
1186	104,6	1186	56
1187	104,8	1187	56
1188	104,8	1188	56
1189	104,9	1189	57
1190	105	1190	56
1191	105	1191	57
1192	105	1192	57
1193	105,1	1193	57
1194	105,3	1194	57
1195	105,4	1195	57
1196	105,5	1196	58
1197	105,5	1197	58
1198	105,5	1198	58
1199	105,6	1199	58
1200	105,6	1200	58
1201	105,8	1201	58
1202	105,8	1202	59
1203	105,9	1203	59
1204	105,9	1204	60
1205	106	1205	59
1206	106	1206	59
1207	106	1207	59
1208	106	1208	60
1209	106,1	1209	59
1210	106,1	1210	60
1211	106,3	1211	61
1212	106,3	1212	61
1213	106,4	1213	61
1214	106,4	1214	62
1215	106,5	1215	62
1216	106,5	1216	61
1217	106,5	1217	61
1218	106,6	1218	62
1219	106,6	1219	63
1220	106,8	1220	63
1221	106,9	1221	63
1222	106,9	1222	63
1223	107	1223	63
1224	107	1224	64
1225	107	1225	65
1226	107,1	1226	64
1227	107,1	1227	63
1228	107,3	1228	64
1229	107,3	1229	64
1230	107,4	1230	65
1231	107,5	1231	65
1232	107,5	1232	65
1233	107,5	1233	66
1234	107,5	1234	66
1235	107,6	1235	66
1236	107,8	1236	66
1237	107,8	1237	66
1238	107,9	1238	67
1239	108	1239	67
1240	108	1240	68
1241	108	1241	68
1242	108,1	1242	67
1243	108,3	1243	68
1244	108,4	1244	68
1245	108,5	1245	69
1246	108,5	1246	68
1247	108,5	1247	68
1248	108,5	1248	68
1249	108,6	1249	69
1250	108,8	1250	69
1251	108,8	1251	69
1252	108,9	1252	69
1253	109	1253	69
1254	109	1254	69
1255	109	1255	70
1256	109	1256	70
1257	109,1	1257	71
1258	109,3	1258	71
1259	109,3	1259	71
1260	109,4	1260	71
1261	109,4	1261	71
1262	109,5	1262	72
1263	109,5	1263	72
1264	109,5	1264	72
1265	109,6	1265	72
1266	109,6	1266	72
1267	109,8	1267	73
1268	109,8	1268	73
1269	109,9	1269	74
1270	110	1270	74
1271	110	1271	73
1272	110	1272	74
1273	110,1	1273	74
1274	110,1	1274	74
1275	110,3	1275	75
1276	110,3	1276	75
1277	110,4	1277	76
1278	110,4	1278	76
1279	110,5	1279	76
1280	110,5	1280	76
1281	110,5	1281	76
1282	110,6	1282	77
1283	110,8	1283	77
1284	110,8	1284	77
1285	110,9	1285	78
1286	111	1286	78
1287	111	1287	77
1288	111	1288	77
1289	111,1	1289	78
1290	111,3	1290	78
1291	111,3	1291	78
1292	111,4	1292	78
1293	111,5	1293	79
1294	111,5	1294	79
1295	111,5	1295	80
1296	111,6	1296	80
1297	111,8	1297	80
1298	111,8	1298	81
1299	111,9	1299	81
1300	112	1300	82
1301	112	1301	81
1302	112	1302	82
1303	112	1303	82
1304	112,1	1304	81
1305	112,3	1305	81
1306	112,4	1306	82
1307	112,4	1307	82
1308	112,5	1308	83
1309	112,5	1309	84
1310	112,5	1310	85
1311	112,6	1311	84
1312	112,8	1312	84
1313	112,8	1313	84
1314	112,9	1314	83
1315	113	1315	84
1316	113	1316	85
1317	113	1317	85
1318	113	1318	85
1319	113,1	1319	85
1320	113,1	1320	86
1321	113,3	1321	86
1322	113,3	1322	86
1323	113,4	1323	87
1324	113,4	1324	87
1325	113,4	1325	87
1326	113,4	1326	88
1327	113,5	1327	88
1328	113,5	1328	88
1329	113,5	1329	88
1330	113,5	1330	89
1331	113,6	1331	88
1332	113,8	1332	88
1333	113,8	1333	89
1334	113,9	1334	90
1335	114	1335	90
1336	114	1336	90
1337	114	1337	91
1338	114,1	1338	91
1339	114,1	1339	91
1340	114,3	1340	91
1341	114,3	1341	91
1342	114,4	1342	92
1343	114,5	1343	92
1344	114,5	1344	92
1345	114,5	1345	92
1346	114,6	1346	92
1347	114,6	1347	92
1348	114,8	1348	92
1349	114,9	1349	93
1350	114,9	1350	94
1351	115	1351	94
1352	115	1352	95
1353	115	1353	95
1354	115,1	1354	95
1355	115,1	1355	95
1356	115,3	1356	95
1357	115,4	1357	96
1358	115,4	1358	97
1359	115,5	1359	97
1360	115,5	1360	97
1361	115,5	1361	97
1362	115,6	1362	97
1363	115,8	1363	97
1364	115,8	1364	98
1365	115,9	1365	98
1366	116	1366	98
1367	116	1367	98
1368	116	1368	98
1369	116,1	1369	99
1370	116,1	1370	99
1371	116,3	1371	99
1372	116,4	1372	99
1373	116,4	1373	100
1374	116,5	1374	101
1375	116,5	1375	102
1376	116,5	1376	101
1377	116,6	1377	100
1378	116,6	1378	101
1379	116,8	1379	101
1380	116,9	1380	102
1381	116,9	1381	103
1382	117	1382	103
1383	117	1383	103
1384	117	1384	103
1385	117,1	1385	103
1386	117,1	1386	103
1387	117,3	1387	104
1388	117,3	1388	104
1389	117,4	1389	104
1390	117,4	1390	105
1391	117,5	1391	105
1392	117,5	1392	105
1393	117,6	1393	106
1394	117,8	1394	106
1395	117,8	1395	106
1396	117,9	1396	106
1397	117,9	1397	107
1398	118	1398	108
1399	118	1399	108
1400	118	1400	108
1401	118	1401	108
1402	118,1	1402	108
1403	118,1	1403	108
1404	118,3	1404	109
1405	118,4	1405	109
1406	118,4	1406	110
1407	118,4	1407	110
1408	118,5	1408	109
1409	118,5	1409	110
1410	118,5	1410	110
1411	118,5	1411	111
1412	118,6	1412	111
1413	118,6	1413	112
1414	118,8	1414	112
1415	118,8	1415	112
1416	118,9	1416	112
1417	118,9	1417	113
1418	119	1418	113
1419	119	1419	113
1420	119	1420	113
1421	119	1421	113
1422	119,1	1422	113
1423	119,1	1423	115
1424	119,3	1424	115
1425	119,4	1425	115
1426	119,4	1426	116
1427	119,5	1427	115
1428	119,5	1428	115
1429	119,5	1429	116
1430	119,5	1430	117
1431	119,6	1431	117
1432	119,6	1432	117
1433	119,8	1433	116
1434	119,9	1434	116
1435	119,9	1435	118
1436	120	1436	119
1437	120	1437	118
1438	120	1438	118
1439	120,1	1439	119
1440	120,3	1440	120
1441	120,4	1441	120
1442	120,5	1442	119
1443	120,5	1443	120
1444	120,5	1444	120
1445	120,6	1445	120
1446	120,6	1446	121
1447	120,8	1447	121
1448	120,9	1448	121
1449	121	1449	122
1450	121	1450	122
1451	121	1451	122
1452	121,1	1452	122
1453	121,1	1453	123
1454	121,3	1454	123
1455	121,4	1455	123
1456	121,4	1456	124
1457	121,5	1457	124
1458	121,5	1458	124
1459	121,5	1459	124
1460	121,5	1460	125
1461	121,6	1461	126
1462	121,6	1462	126
1463	121,8	1463	126
1464	121,8	1464	126
1465	121,9	1465	127
1466	121,9	1466	127
1467	122	1467	128
1468	122	1468	128
1469	122	1469	128
1470	122,1	1470	128
1471	122,1	1471	128
1472	122,3	1472	128
1473	122,3	1473	128
1474	122,4	1474	129
1475	122,4	1475	130
1476	122,5	1476	130
1477	122,5	1477	131
1478	122,5	1478	131
1479	122,6	1479	131
1480	122,6	1480	131
1481	122,8	1481	131
1482	122,8	1482	132
1483	122,9	1483	132
1484	122,9	1484	132
1485	123	1485	133
1486	123	1486	134
1487	123	1487	134
1488	123	1488	134
1489	123	1489	133
1490	123	1490	134
1491	123,1	1491	134
1492	123,1	1492	134
1493	123,3	1493	134
1494	123,3	1494	135
1495	123,4	1495	136
1496	123,4	1496	135
1497	123,5	1497	136
1498	123,5	1498	136
1499	123,5	1499	137
1500	123,6	1500	137
1501	123,8	1501	138
1502	123,8	1502	137
1503	123,9	1503	138
1504	123,9	1504	138
1505	124	1505	139
1506	124	1506	139
1507	124	1507	139
1508	124,1	1508	139
1509	124,3	1509	140
1510	124,4	1510	140
1511	124,4	1511	141
1512	124,5	1512	142
1513	124,5	1513	142
1514	124,5	1514	141
1515	124,6	1515	142
1516	124,6	1516	142
1517	124,8	1517	142
1518	124,9	1518	142
1519	124,9	1519	143
1520	125	1520	143
1521	125	1521	144
1522	125	1522	144
1523	125,1	1523	144
1524	125,1	1524	144
1525	125,3	1525	144
1526	125,3	1526	144
1527	125,4	1527	144
1528	125,4	1528	144
1529	125,5	1529	145
1530	125,5	1530	146
1531	125,5	1531	146
1532	125,5	1532	146
1533	125,6	1533	146
1534	125,6	1534	147
1535	125,6	1535	148
1536	125,8	1536	148
1537	125,8	1537	147
1538	125,9	1538	147
1539	126	1539	148
1540	126	1540	148
1541	126	1541	148
1542	126	1542	148
1543	126,1	1543	148
1544	126,1	1544	149
1545	126,3	1545	149
1546	126,3	1546	149
1547	126,4	1547	150
1548	126,4	1548	150
1549	126,5	1549	151
1550	126,5	1550	151
1551	126,5	1551	151
1552	126,5	1552	150
1553	126,5	1553	151
1554	126,6	1554	151
1555	126,6	1555	151
1556	126,6	1556	152
1557	126,8	1557	152
1558	126,8	1558	153
1559	126,8	1559	154
1560	126,9	1560	154
1561	126,9	1561	153
1562	127	1562	153
1563	127	1563	153
1564	127	1564	154
1565	127	1565	154
1566	127	1566	154
1567	127,1	1567	154
1568	127,1	1568	155
1569	127,3	1569	155
1570	127,3	1570	155
1571	127,3	1571	155
1572	127,4	1572	155
1573	127,4	1573	155
1574	127,4	1574	155
1575	127,5	1575	156
1576	127,5	1576	155
1577	127,5	1577	156
1578	127,5	1578	157
1579	127,5	1579	158
1580	127,5	1580	157
1581	127,5	1581	157
1582	127,5	1582	157
1583	127,5	1583	156
1584	127,6	1584	157
1585	127,6	1585	157
1586	127,6	1586	157
1587	127,8	1587	158
1588	127,8	1588	158
1589	127,8	1589	159
1590	127,8	1590	158
1591	127,9	1591	158
1592	127,9	1592	159
1593	127,9	1593	158
1594	128	1594	157
1595	128	1595	157
1596	128	1596	158
1597	128,1	1597	159
1598	128,1	1598	160
1599	128,1	1599	161
1600	128,1	1600	160
1601	128,1	1601	159
1602	128,3	1602	159
1603	128,3	1603	160
1604	128,3	1604	160
1605	128,3	1605	160
1606	128,3	1606	160
1607	128,3	1607	161
1608	128,3	1608	162
1609	128,3	1609	161
1610	128,5	1610	160
1611	128,5	1611	160
1612	128,5	1612	161
1613	128,5	1613	161
1614	128,5	1614	162
1615	128,6	1615	161
1616	128,6	1616	162
1617	128,6	1617	162
1618	128,6	1618	163
1619	128,6	1619	163
1620	128,6	1620	163
1621	128,6	1621	163
1622	128,8	1622	162
1623	128,8	1623	162
1624	128,8	1624	162
1625	128,8	1625	163
1626	128,8	1626	163
1627	128,8	1627	163
1628	128,8	1628	164
1629	128,8	1629	164
1630	129	1630	164
1631	129	1631	163
1632	129	1632	163
1633	129,1	1633	163
1634	129,1	1634	163
1635	129,1	1635	164
1636	129,1	1636	165
1637	129,1	1637	165
1638	129,1	1638	165
1639	129,1	1639	165
1640	129,1	1640	165
1641	129,1	1641	166
1642	129,1	1642	166
1643	129,3	1643	165
1644	129,3	1644	165
1645	129,3	1645	165
1646	129,3	1646	166
1647	129,3	1647	166
1648	129,3	1648	166
1649	129,3	1649	167
1650	129,3	1650	167
1651	129,5	1651	166
1652	129,5	1652	165
1653	129,5	1653	166
1654	129,5	1654	166
1655	129,6	1655	167
1656	129,6	1656	168
1657	129,6	1657	168
1658	129,6	1658	168
1659	129,6	1659	168
1660	129,6	1660	167
1661	129,6	1661	167
1662	129,6	1662	167
1663	129,6	1663	167
1664	129,6	1664	167
1665	129,8	1665	168
1666	129,8	1666	168
1667	129,8	1667	169
1668	129,8	1668	169
1669	129,8	1669	170
1670	129,8	1670	170
1671	129,8	1671	169
1672	129,8	1672	169
1673	129,8	1673	169
1674	130	1674	169
1675	130	1675	169
1676	130	1676	170
1677	130	1677	170
1678	130	1678	170
1679	130,1	1679	170
1680	130,1	1680	170
1681	130,1	1681	170
1682	130,1	1682	169
1683	130,1	1683	170
1684	130,1	1684	170
1685	130,1	1685	170
1686	130,1	1686	170
1687	130,1	1687	171
1688	130,1	1688	171
1689	130,3	1689	172
1690	130,3	1690	172
1691	130,3	1691	171
1692	130,3	1692	170
1693	130,3	1693	171
1694	130,3	1694	171
1695	130,3	1695	171
1696	130,3	1696	172
1697	130,5	1697	172
1698	130,5	1698	173
1699	130,5	1699	172
1700	130,6	1700	172
1701	130,6	1701	172
1702	130,6	1702	172
1703	130,6	1703	172
1704	130,6	1704	172
1705	130,6	1705	172
1706	130,6	1706	173
1707	130,6	1707	174
1708	130,6	1708	175
1709	130,6	1709	174
1710	130,8	1710	173
1711	130,8	1711	173
1712	130,8	1712	173
1713	130,8	1713	173
1714	130,8	1714	174
1715	130,8	1715	174
1716	130,8	1716	175
1717	130,8	1717	175
1718	130,8	1718	175
1719	130,8	1719	175
1720	130,8	1720	175
1721	130,8	1721	174
1722	130,8	1722	174
1723	131	1723	174
1724	131	1724	174
1725	131	1725	175
1726	131	1726	175
1727	131	1727	176
1728	131	1728	176
1729	131,1	1729	176
1730	131,1	1730	176
1731	131,1	1731	175
1732	131,1	1732	175
1733	131,1	1733	175
1734	131,1	1734	175
1735	131,1	1735	175
1736	131,1	1736	176
1737	131,1	1737	176
1738	131,1	1738	177
1739	131,1	1739	176
1740	131,1	1740	176
1741	131,1	1741	176
1742	131,1	1742	175
1743	131,3	1743	176
1744	131,3	1744	175
1745	131,3	1745	176
1746	131,3	1746	176
1747	131,3	1747	177
1748	131,3	1748	177
1749	131,3	1749	177
1750	131,3	1750	177
1751	131,3	1751	177
1752	131,3	1752	176
1753	131,3	1753	176
1754	131,3	1754	176
1755	131,3	1755	176
1756	131,3	1756	177
1757	131,5	1757	178
1758	131,5	1758	177
1759	131,5	1759	178
1760	131,5	1760	178
1761	131,5	1761	178
1762	131,5	1762	177
1763	131,5	1763	178
1764	131,5	1764	177
1765	131,6	1765	178
1766	131,6	1766	179
1767	131,6	1767	179
1768	131,6	1768	178
1769	131,6	1769	178
1770	131,6	1770	179
1771	131,6	1771	178
1772	131,6	1772	178
1773	131,6	1773	178
1774	131,6	1774	178
1775	131,6	1775	178
1776	131,6	1776	179
1777	131,6	1777	180
1778	131,6	1778	180
1779	131,6	1779	179
1780	131,6	1780	180
1781	131,6	1781	179
1782	131,6	1782	178
1783	131,8	1783	178
1784	131,8	1784	178
1785	131,8	1785	180
1786	131,8	1786	180
1787	131,8	1787	181
1788	131,8	1788	181
1789	131,8	1789	181
1790	131,8	1790	180
1791	131,8	1791	180
1792	131,8	1792	179
1793	131,8	1793	179
1794	131,8	1794	180
1795	131,8	1795	181
1796	131,8	1796	181
1797	131,8	1797	180
1798	132	1798	181
1799	132	1799	181
1800	132	1800	180
1801	132	1801	181
1802	132	1802	180
1803	132	1803	180
1804	132,1	1804	180
1805	132,1	1805	180
1806	132,1	1806	181
1807	132,1	1807	182
1808	132,1	1808	182
1809	132,1	1809	182
1810	132,1	1810	182
1811	132,1	1811	182
1812	132,1	1812	181
1813	132,3	1813	181
1814	132,3	1814	182
1815	132,3	1815	182
1816	132,3	1816	183
1817	132,3	1817	183
1818	132,3	1818	182
1819	132,3	1819	182
1820	132,3	1820	182
1821	132,3	1821	181
1822	132,3	1822	182
1823	132,3	1823	181
1824	132,3	1824	181
1825	132,3	1825	181
1826	132,3	1826	182
1827	132,3	1827	183
1828	132,3	1828	184
1829	132,3	1829	183
1830	132,5	1830	183
1831	132,3	1831	183
1832	132,5	1832	183
1833	132,5	1833	182
1834	132,5	1834	182
1835	132,5	1835	183
1836	132,5	1836	183
1837	132,5	1837	182
1838	132,5	1838	183
1839	132,5	1839	183
1840	132,5	1840	183
1841	132,5	1841	183
1842	132,6	1842	183
1843	132,6	1843	182
1844	132,6	1844	183
1845	132,6	1845	183
1846	132,6	1846	184
1847	132,6	1847	183
1848	132,6	1848	183
1849	132,6	1849	184
1850	132,6	1850	184
1851	132,6	1851	183
1852	132,6	1852	182
1853	132,6	1853	183
1854	132,6	1854	184
1855	132,6	1855	184
1856	132,6	1856	184
1857	132,6	1857	185
1858	132,6	1858	185
1859	132,6	1859	184
1860	132,6	1860	184
1861	132,6	1861	184
1862	132,6	1862	184
1863	132,6	1863	184
1864	132,6	1864	184
1865	132,6	1865	184
1866	132,6	1866	184
1867	132,6	1867	183
1868	132,6	1868	184
1869	132,6	1869	185
1870	132,6	1870	185
1871	132,8	1871	184
1872	132,8	1872	184
1873	132,8	1873	184
1874	132,8	1874	184
1875	132,8	1875	185
1876	132,8	1876	185
1877	132,8	1877	186
1878	132,8	1878	186
1879	132,8	1879	186
1880	132,8	1880	185
1881	132,8	1881	185
1882	132,8	1882	185
1883	132,8	1883	184
1884	132,8	1884	184
1885	132,8	1885	185
1886	132,8	1886	186
1887	132,8	1887	186
1888	132,8	1888	186
1889	133	1889	187
1890	133	1890	186
1891	133	1891	185
1892	133	1892	185
1893	133	1893	185
1894	133	1894	185
1895	133	1895	186
1896	133	1896	186
1897	133	1897	187
1898	133	1898	187
1899	133	1899	186
1900	133	1900	187
1901	133	1901	187
1902	133,1	1902	186
1903	133,1	1903	186
1904	133,1	1904	186
1905	133,1	1905	187
1906	133,1	1906	187
1907	133,1	1907	187
1908	133,1	1908	187
1909	133,1	1909	187
1910	133,1	1910	187
1911	133,1	1911	186
1912	133,1	1912	185
1913	133,1	1913	185
1914	133,1	1914	186
1915	133,1	1915	186
1916	133,1	1916	188
1917	133,1	1917	188
1918	133,1	1918	187
1919	133,1	1919	187
1920	133,1	1920	186
1921	133,1	1921	187
1922	133,1	1922	187
1923	133,1	1923	186
1924	133,1	1924	186
1925	133,1	1925	187
1926	133,1	1926	187
1927	133,1	1927	187
1928	133,1	1928	187
1929	133,1	1929	187
1930	133,1	1930	187
1931	133,1	1931	187
1932	133,3	1932	186
1933	133,3	1933	186
1934	133,3	1934	186
1935	133,1	1935	187
1936	133,3	1936	187
1937	133,1	1937	187
1938	133,1	1938	187
1939	133,1	1939	186
1940	133,1	1940	187
1941	133,1	1941	186
1942	133,1	1942	186
1943	133,1	1943	186
1944	133,1	1944	186
1945	133,1	1945	186
1946	133,1	1946	186
1947	133,1	1947	187
1948	133,1	1948	187
1949	133,1	1949	187
1950	133,1	1950	187
1951	133,1	1951	186
1952	133,1	1952	187
1953	133,1	1953	185
1954	133,1	1954	185
1955	133,1	1955	187
1956	133,1	1956	187
1957	133,1	1957	188
1958	133,1	1958	188
1959	133,1	1959	188
1960	133,1	1960	187
1961	133,1	1961	187
1962	133,1	1962	187
1963	133,1	1963	187
1964	133,1	1964	187
1965	133,1	1965	187
1966	133,1	1966	187
1967	133,1	1967	188
1968	133,1	1968	187
1969	133,1	1969	188
1970	133,1	1970	187
1971	133,1	1971	187
1972	133,1	1972	187
1973	133,3	1973	187
1974	133,3	1974	187
1975	133,3	1975	188
1976	133,3	1976	188
1977	133,3	1977	188
1978	133,3	1978	187
1979	133,3	1979	188
1980	133,3	1980	188
1981	133,3	1981	188
1982	133,3	1982	187
1983	133,3	1983	187
1984	133,3	1984	188
1985	133,3	1985	188
1986	133,3	1986	188
1987	133,3	1987	188
1988	133,3	1988	188
1989	133,3	1989	188
1990	133,3	1990	188
1991	133,3	1991	188
1992	133,3	1992	188
1993	133,3	1993	188
1994	133,3	1994	187
1995	133,3	1995	187
1996	133,3	1996	188
1997	133,3	1997	188
1998	133,3	1998	189
1999	133,3	1999	189
2000	133,3	2000	189
2001	133,3	2001	188
2002	133,3	2002	188
2003	133,3	2003	188
2004	133,3	2004	188
2005	133,3	2005	187
2006	133,3	2006	188
2007	133,3	2007	189
2008	133,3	2008	189
2009	133,3	2009	189
2010	133,3	2010	189
2011	133,3	2011	189
2012	133,3	2012	188
2013	133,3	2013	188
2014	133,3	2014	189
2015	133,3	2015	189
2016	133,3	2016	190
2017	133,3	2017	190
2018	133,3	2018	190
2019	133,5	2019	189
2020	133,5	2020	189
2021	133,5	2021	189
2022	133,5	2022	189
2023	133,5	2023	188
2024	133,5	2024	189
2025	133,5	2025	188
2026	133,5	2026	188
2027	133,5	2027	189
2028	133,5	2028	190
2029	133,6	2029	189
2030	133,6	2030	188
2031	133,6	2031	189
2032	133,6	2032	189
2033	133,6	2033	188
2034	133,6	2034	188
2035	133,6	2035	189
2036	133,6	2036	190
2037	133,6	2037	189
2038	133,6	2038	189
2039	133,6	2039	189
2040	133,6	2040	190
2041	133,6	2041	190
2042	133,6	2042	189
2043	133,6	2043	188
2044	133,5	2044	188
2045	133,5	2045	189
2046	133,5	2046	189
2047	133,5	2047	189
2048	133,6	2048	189
2049	133,6	2049	189
2050	133,6	2050	190
2051	133,6	2051	190
2052	133,6	2052	189
2053	133,6	2053	189
2054	133,6	2054	188
2055	133,6	2055	190
2056	133,6	2056	190
2057	133,6	2057	190
2058	133,6	2058	190
2059	133,6	2059	190
2060	133,6	2060	190
2061	133,6	2061	191
2062	133,6	2062	190
2063	133,6	2063	189
2064	133,6	2064	188
2065	133,6	2065	188
2066	133,6	2066	189
2067	133,6	2067	190
2068	133,6	2068	190
2069	133,6	2069	189
2070	133,6	2070	189
2071	133,6	2071	189
2072	133,6	2072	190
2073	133,6	2073	189
2074	133,6	2074	188
2075	133,6	2075	188
2076	133,6	2076	189
2077	133,6	2077	190
2078	133,6	2078	190
2079	133,6	2079	191
2080	133,6	2080	191
2081	133,6	2081	190
2082	133,6	2082	190
2083	133,6	2083	189
2084	133,6	2084	189
2085	133,6	2085	189
2086	133,6	2086	190
2087	133,6	2087	190
2088	133,6	2088	191
2089	133,6	2089	190
2090	133,6	2090	190
2091	133,6	2091	190
2092	133,6	2092	191
2093	133,6	2093	190
2094	133,6	2094	189
2095	133,6	2095	189
2096	133,6	2096	190
2097	133,6	2097	191
2098	133,6	2098	191
2099	133,6	2099	190
2100	133,6	2100	190
2101	133,6	2101	190
2102	133,8	2102	190
2103	133,8	2103	189
2104	133,8	2104	190
2105	133,8	2105	191
2106	133,8	2106	191
2107	133,8	2107	192
2108	133,8	2108	192
2109	133,8	2109	191
2110	133,8	2110	191
2111	133,8	2111	191
2112	133,8	2112	191
2113	133,8	2113	191
2114	133,8	2114	190
2115	133,8	2115	190
2116	133,8	2116	191
2117	133,8	2117	190
2118	133,8	2118	190
2119	133,8	2119	191
2120	133,8	2120	190
2121	133,8	2121	190
2122	133,8	2122	190
2123	133,8	2123	189
2124	133,8	2124	190
2125	133,8	2125	191
2126	133,8	2126	192
2127	133,8	2127	191
2128	133,8	2128	190
2129	133,8	2129	190
2130	133,8	2130	191
2131	133,8	2131	192
2132	133,8	2132	192
2133	133,8	2133	192
2134	133,8	2134	191
2135	133,8	2135	190
2136	133,8	2136	191
2137	133,8	2137	192
2138	133,8	2138	192
2139	133,8	2139	192
2140	133,8	2140	191
2141	133,8	2141	191
2142	134	2142	191
2143	134	2143	190
2144	134	2144	189
2145	134	2145	190
2146	134	2146	191
2147	133,8	2147	192
2148	133,8	2148	192
2149	133,8	2149	192
2150	133,8	2150	191
2151	133,8	2151	191
2152	133,8	2152	190
2153	133,8	2153	189
2154	133,8	2154	190
2155	133,8	2155	190
2156	133,8	2156	190
2157	133,8	2157	189
2158	133,8	2158	190
2159	133,8	2159	191
2160	133,8	2160	190
2161	133,8	2161	190
2162	133,8	2162	190
2163	133,8	2163	189
2164	133,8	2164	189
2165	133,8	2165	189
2166	133,8	2166	190
2167	133,8	2167	190
2168	133,8	2168	191
2169	133,8	2169	191
2170	133,8	2170	191
2171	133,8	2171	191
2172	133,8	2172	190
2173	133,8	2173	190
2174	133,8	2174	190
2175	133,8	2175	190
2176	133,8	2176	190
2177	133,8	2177	191
2178	133,8	2178	191
2179	133,8	2179	191
2180	133,8	2180	191
2181	133,8	2181	190
2182	133,8	2182	190
2183	133,8	2183	190
2184	133,8	2184	190
2185	133,8	2185	190
2186	133,8	2186	191
2187	133,8	2187	191
2188	133,8	2188	190
2189	133,8	2189	190
2190	133,8	2190	192
2191	133,8	2191	192
2192	133,8	2192	191
2193	133,8	2193	190
2194	133,8	2194	190
2195	133,8	2195	189
2196	133,8	2196	190
2197	133,8	2197	191
2198	133,8	2198	191
2199	133,8	2199	191
2200	133,8	2200	192
2201	133,8	2201	192
2202	133,8	2202	192
2203	133,8	2203	190
2204	133,8	2204	189
2205	133,8	2205	189
2206	133,8	2206	190
2207	134	2207	191
2208	134	2208	192
2209	134	2209	192
2210	134	2210	192
2211	134	2211	192
2212	134	2212	192
2213	134	2213	191
2214	134	2214	190
2215	134	2215	191
2216	134	2216	192
2217	134	2217	193
2218	134	2218	192
2219	134	2219	192
2220	134	2220	192
2221	134	2221	192
2222	134	2222	192
2223	134	2223	192
2224	134	2224	191
2225	134	2225	190
2226	134	2226	192
2227	134	2227	193
2228	134	2228	193
2229	134	2229	192
2230	134	2230	192
2231	134	2231	192
2232	134	2232	191
2233	134	2233	191
2234	134	2234	191
2235	134	2235	191
2236	134,1	2236	191
2237	134,1	2237	192
2238	134,1	2238	192
2239	134,1	2239	193
2240	134,1	2240	193
2241	134,1	2241	192
2242	134,1	2242	191
2243	134,1	2243	190
2244	134,1	2244	191
2245	134,1	2245	192
2246	134,1	2246	192
2247	134,1	2247	192
2248	134,1	2248	192
2249	134,1	2249	192
2250	134,1	2250	193
2251	134,1	2251	192
2252	134,1	2252	191
2253	134,1	2253	191
2254	134	2254	191
2255	134,1	2255	190
2256	134,1	2256	191
2257	134,1	2257	192
2258	134,1	2258	192
2259	134	2259	193
2260	134	2260	193
2261	134,1	2261	192
2262	134,1	2262	192
2263	134,1	2263	192
2264	134,1	2264	191
2265	134,1	2265	191
2266	134,1	2266	192
2267	134,1	2267	192
2268	134,1	2268	192
2269	134,1	2269	192
2270	134,1	2270	192
2271	134,1	2271	192
2272	134,1	2272	193
2273	134,1	2273	192
2274	134,1	2274	191
2275	134,1	2275	191
2276	134,1	2276	192
2277	134,1	2277	193
2278	134,1	2278	193
2279	134,1	2279	192
2280	134,1	2280	191
2281	134,1	2281	192
2282	134,1	2282	193
2283	134,1	2283	192
2284	134,3	2284	192
2285	134,3	2285	192
2286	134,3	2286	192
2287	134,3	2287	193
2288	134,3	2288	194
2289	134,3	2289	193
2290	134,3	2290	192
2291	134,3	2291	192
2292	134,3	2292	191
2293	134,3	2293	192
2294	134,3	2294	192
2295	134,3	2295	191
2296	134,3	2296	192
2297	134,3	2297	192
2298	134,3	2298	192
2299	134,3	2299	192
2300	134,3	2300	192
2301	134,3	2301	192
2302	134,3	2302	191
2303	134,3	2303	191
2304	134,3	2304	191
2305	134,3	2305	192
2306	134,3	2306	192
2307	134,3	2307	192
2308	134,3	2308	193
2309	134,3	2309	193
2310	134,3	2310	192
2311	134,3	2311	191
2312	134,3	2312	191
2313	134,3	2313	191
2314	134,3	2314	191
2315	134,3	2315	191
2316	134,3	2316	191
2317	134,3	2317	192
2318	134,3	2318	191
2319	134,3	2319	192
2320	134,3	2320	192
2321	134,3	2321	192
2322	134,3	2322	190
2323	134,3	2323	190
2324	134,1	2324	190
2325	134,1	2325	191
2326	134,1	2326	191
2327	134,1	2327	191
2328	134,1	2328	191
2329	134,1	2329	192
2330	134,1	2330	191
2331	134,1	2331	191
2332	134,1	2332	191
2333	134,1	2333	191
2334	134,1	2334	190
2335	134,1	2335	190
2336	134,1	2336	192
2337	134,1	2337	192
2338	134,1	2338	192
2339	134,1	2339	192
2340	134,1	2340	192
2341	134,1	2341	192
2342	134,1	2342	192
2343	134,1	2343	191
2344	134,1	2344	191
2345	134,1	2345	190
2346	134,1	2346	191
2347	134,1	2347	192
2348	134,1	2348	192
2349	134,1	2349	192
2350	134,1	2350	192
2351	134,1	2351	192
2352	134,1	2352	192
2353	134,1	2353	192
2354	134,1	2354	192
2355	134,1	2355	191
2356	134,1	2356	191
2357	134,1	2357	192
2358	134,1	2358	192
2359	134,1	2359	192
2360	134,1	2360	192
2361	134,1	2361	192
2362	134,1	2362	191
2363	134,1	2363	190
2364	134,1	2364	190
2365	134,1	2365	191
2366	134,3	2366	191
2367	134,3	2367	193
2368	134,1	2368	193
2369	134,1	2369	192
2370	134,1	2370	192
2371	134,1	2371	192
2372	134,3	2372	192
2373	134,1	2373	192
2374	134,1	2374	191
2375	134,3	2375	191
2376	134,3	2376	191
2377	134,3	2377	192
2378	134,3	2378	191
2379	134,3	2379	192
2380	134,3	2380	191
2381	134,3	2381	191
2382	134,3	2382	191
2383	134,3	2383	190
2384	134,3	2384	191
2385	134,3	2385	191
2386	134,3	2386	192
2387	134,3	2387	192
2388	134,3	2388	192
2389	134,3	2389	192
2390	134,3	2390	192
2391	134,3	2391	191
2392	134,3	2392	192
2393	134,3	2393	191
2394	134,3	2394	191
2395	134,3	2395	192
2396	134,3	2396	192
2397	134,3	2397	192
2398	134,3	2398	191
2399	134,3	2399	190
2400	134,3	2400	190
2401	134,3	2401	191
2402	134,3	2402	191
2403	134,3	2403	192
2404	134,3	2404	191
2405	134,3	2405	190
2406	134,3	2406	190
2407	134,3	2407	191
2408	134,3	2408	192
2409	134,3	2409	192
2410	134,3	2410	191
2411	134,3	2411	191
2412	134,3	2412	191
2413	134,3	2413	191
2414	134,3	2414	191
2415	134,3	2415	191
2416	134,3	2416	192
2417	134,3	2417	192
2418	134,3	2418	192
2419	134,3	2419	192
2420	134,3	2420	191
2421	134,3	2421	191
2422	134,3	2422	191
2423	134,3	2423	191
2424	134,3	2424	190
2425	134,3	2425	191
2426	134,3	2426	191
2427	134,3	2427	191
2428	134,3	2428	192
2429	134,3	2429	192
2430	134,3	2430	191
2431	134,3	2431	191
2432	134,3	2432	191
2433	134,3	2433	191
2434	134,3	2434	191
2435	134,3	2435	191
2436	134,3	2436	192
2437	134,3	2437	192
2438	134,3	2438	191
2439	134,3	2439	191
2440	134,3	2440	192
2441	134,3	2441	192
2442	134,3	2442	191
2443	134,3	2443	191
2444	134,3	2444	191
2445	134,3	2445	191
2446	134,3	2446	191
2447	134,3	2447	191
2448	134,3	2448	191
2449	134,3	2449	191
2450	134,3	2450	191
2451	134,3	2451	192
2452	134,3	2452	192
2453	134,3	2453	191
2454	134,3	2454	191
2455	134,3	2455	191
2456	134,3	2456	191
2457	134,3	2457	192
2458	134,3	2458	191
2459	134,3	2459	192
2460	134,3	2460	192
2461	134,3	2461	192
2462	134,3	2462	191
2463	134,3	2463	190
2464	134,3	2464	189
2465	134,3	2465	190
2466	134,3	2466	191
2467	134,3	2467	191
2468	134,1	2468	191
2469	134,1	2469	191
2470	134,1	2470	190
2471	134,1	2471	190
2472	134,1	2472	190
2473	134,1	2473	190
2474	134,1	2474	190
2475	134,1	2475	189
2476	134,1	2476	190
2477	134,1	2477	190
2478	134,1	2478	189
2479	134,1	2479	190
2480	134,1	2480	190
2481	134,1	2481	190
2482	134,1	2482	189
2483	134,1	2483	190
2484	134,1	2484	190
2485	134,1	2485	190
2486	134,1	2486	190
2487	134,1	2487	190
2488	134	2488	191
2489	134	2489	191
2490	134	2490	190
2491	134	2491	189
2492	134	2492	189
2493	134	2493	190
2494	134	2494	190
2495	134	2495	189
2496	134	2496	190
2497	134	2497	190
2498	134	2498	191
2499	134	2499	191
2500	134	2500	191
2501	134	2501	191
2502	134	2502	191
2503	134	2503	191
2504	134	2504	190
2505	134	2505	190
2506	134,1	2506	191
2507	134,1	2507	191
2508	134,1	2508	192
2509	134,1	2509	191
2510	134,1	2510	191
2511	134,1	2511	191
2512	134,1	2512	190
2513	134,1	2513	190
2514	134,1	2514	190
2515	134,1	2515	190
2516	134,1	2516	190
2517	134,1	2517	191
2518	134,1	2518	191
2519	134,1	2519	191
2520	134,1	2520	191
2521	134,1	2521	191
2522	134,1	2522	191
2523	134,1	2523	191
2524	134,1	2524	191
2525	134,1	2525	190
2526	134,1	2526	191
2527	134,1	2527	191
2528	134,1	2528	190
2529	134,1	2529	191
2530	134,1	2530	192
2531	134,3	2531	192
2532	134,3	2532	191
2533	134,3	2533	192
2534	134,3	2534	191
2535	134,3	2535	190
2536	134,3	2536	191
2537	134,3	2537	192
2538	134,3	2538	192
2539	134,3	2539	191
2540	134,3	2540	190
2541	134,3	2541	191
2542	134,3	2542	191
2543	134,3	2543	191
2544	134,3	2544	191
2545	134,3	2545	191
2546	134,3	2546	191
2547	134,3	2547	191
2548	134,3	2548	191
2549	134,3	2549	191
2550	134,1	2550	191
2551	134,1	2551	191
2552	134,1	2552	191
2553	134,1	2553	191
2554	134,1	2554	191
2555	134,1	2555	190
2556	134,1	2556	189
2557	134,3	2557	191
2558	134,3	2558	192
2559	134,3	2559	192
2560	134,3	2560	191
2561	134,3	2561	192
2562	134,3	2562	192
2563	134,3	2563	191
2564	134,1	2564	191
2565	134,1	2565	191
2566	134,1	2566	191
2567	134,1	2567	191
2568	134,1	2568	191
2569	134,1	2569	191
2570	134,1	2570	192
2571	134,1	2571	191
2572	134,1	2572	191
2573	134,1	2573	190
2574	134,1	2574	190
2575	134,1	2575	190
2576	134,1	2576	190
2577	134,3	2577	191
2578	134,3	2578	191
2579	134,3	2579	191
2580	134,1	2580	191
2581	134,1	2581	192
2582	134,3	2582	191
2583	134,3	2583	191
2584	134,3	2584	191
2585	134,3	2585	191
2586	134,3	2586	191
2587	134,3	2587	191
2588	134,3	2588	191
2589	134,3	2589	191
2590	134,3	2590	192
2591	134,3	2591	191
2592	134,3	2592	191
2593	134,3	2593	191
2594	134,3	2594	190
2595	134,3	2595	190
2596	134,3	2596	191
2597	134,3	2597	191
2598	134,3	2598	191
2599	134,3	2599	192
2600	134,3	2600	192
2601	134,3	2601	191
2602	134,3	2602	191
2603	134,3	2603	191
2604	134,3	2604	191
2605	134,3	2605	190
2606	134,3	2606	191
2607	134,3	2607	192
2608	134,3	2608	192
2609	134,3	2609	192
2610	134,3	2610	191
2611	134,3	2611	191
2612	134,3	2612	191
2613	134,3	2613	192
2614	134,3	2614	191
2615	134,3	2615	190
2616	134,3	2616	190
2617	134,3	2617	191
2618	134,3	2618	192
2619	134,3	2619	191
2620	134,3	2620	191
2621	134,3	2621	191
2622	134,3	2622	191
2623	134,3	2623	191
2624	134,3	2624	191
2625	134,3	2625	190
2626	134,3	2626	191
2627	134,3	2627	192
2628	134,3	2628	191
2629	134,3	2629	191
2630	134,3	2630	191
2631	134,3	2631	192
2632	134,3	2632	191
2633	134,3	2633	191
2634	134,3	2634	191
2635	134,3	2635	190
2636	134,3	2636	190
2637	134,3	2637	190
2638	134,3	2638	191
2639	134,3	2639	191
2640	134,3	2640	191
2641	134,3	2641	191
2642	134,3	2642	191
2643	134,3	2643	190
2644	134,3	2644	190
2645	134,3	2645	190
2646	134,3	2646	191
2647	134,3	2647	191
2648	134,3	2648	191
2649	134,3	2649	191
2650	134,3	2650	191
2651	134,1	2651	191
2652	134,1	2652	190
2653	134,1	2653	191
2654	134,1	2654	191
2655	134,1	2655	190
2656	134,1	2656	189
2657	134,1	2657	190
2658	134,1	2658	191
2659	134,1	2659	191
2660	134,1	2660	191
2661	134,1	2661	192
2662	134,1	2662	193
2663	134,1	2663	192
2664	134,1	2664	191
2665	134,1	2665	190
2666	134,1	2666	190
2667	134,1	2667	190
2668	134,1	2668	191
2669	134,1	2669	192
2670	134,1	2670	192
2671	134,1	2671	192
2672	134,1	2672	191
2673	134,1	2673	191
2674	134,1	2674	191
2675	134,1	2675	190
2676	134,1	2676	190
2677	134,1	2677	191
2678	134,1	2678	191
2679	134,1	2679	191
2680	134,1	2680	192
2681	134,1	2681	192
2682	134,1	2682	192
2683	134,1	2683	191
2684	134,3	2684	190
2685	134,3	2685	190
2686	134,3	2686	190
2687	134,3	2687	191
2688	134,3	2688	192
2689	134,3	2689	192
2690	134,3	2690	191
2691	134,3	2691	191
2692	134,3	2692	191
2693	134,3	2693	191
2694	134,3	2694	190
2695	134,3	2695	190
2696	134,3	2696	191
2697	134,3	2697	191
2698	134,3	2698	191
2699	134,3	2699	193
2700	134,3	2700	193
2701	134,3	2701	193
2702	134,3	2702	192
2703	134,3	2703	191
2704	134,3	2704	190
2705	134,3	2705	190
2706	134,3	2706	191
2707	134,3	2707	191
2708	134,3	2708	191
2709	134,3	2709	192
2710	134,3	2710	192
2711	134,3	2711	191
2712	134,3	2712	191
2713	134,3	2713	191
2714	134,3	2714	190
2715	134,3	2715	190
2716	134,3	2716	191
2717	134,3	2717	191
2718	134,3	2718	192
2719	134,3	2719	192
2720	134,3	2720	192
2721	134,3	2721	192
2722	134,3	2722	192
2723	134,3	2723	192
2724	134,3	2724	192
2725	134,3	2725	191
2726	134,3	2726	191
2727	134,3	2727	192
2728	134,3	2728	192
2729	134,3	2729	192
2730	134,3	2730	192
2731	134,3	2731	193
2732	134,3	2732	192
2733	134,3	2733	192
2734	134,3	2734	192
2735	134,3	2735	191
2736	134,3	2736	191
2737	134,5	2737	192
2738	134,3	2738	192
2739	134,5	2739	192
2740	134,3	2740	192
2741	134,5	2741	192
2742	134,5	2742	192
2743	134,5	2743	192
2744	134,5	2744	192
2745	134,5	2745	192
2746	134,5	2746	192
2747	134,5	2747	191
2748	134,5	2748	191
2749	134,5	2749	190
2750	134,5	2750	190
2751	134,3	2751	190
2752	134,3	2752	189
2753	134,3	2753	189
2754	134,3	2754	189
2755	134,3	2755	188
2756	134,3	2756	189
2757	134,3	2757	188
2758	134,3	2758	187
2759	134,3	2759	187
2760	134,3	2760	187
2761	134,1	2761	187
2762	134,1	2762	187
2763	134,1	2763	187
2764	134,1	2764	187
2765	134,1	2765	187
2766	134,1	2766	186
2767	134,1	2767	186
2768	134,1	2768	186
2769	134,1	2769	186
2770	134	2770	186
2771	134	2771	185
2772	134	2772	185
2773	134	2773	185
2774	134	2774	185
2775	133,8	2775	185
2776	133,8	2776	185
2777	133,8	2777	184
2778	133,8	2778	184
2779	133,8	2779	184
2780	133,8	2780	184
2781	133,8	2781	184
2782	133,8	2782	183
2783	133,8	2783	183
2784	133,8	2784	183
2785	133,6	2785	183
2786	133,6	2786	183
2787	133,6	2787	183
2788	133,6	2788	183
2789	133,6	2789	183
2790	133,6	2790	183
2791	133,6	2791	182
2792	133,6	2792	181
2793	133,6	2793	181
2794	133,6	2794	182
2795	133,6	2795	182
2796	133,6	2796	182
2797	133,6	2797	182
2798	133,5	2798	181
2799	133,5	2799	180
2800	133,5	2800	180
2801	133,3	2801	180
2802	133,3	2802	180
2803	133,3	2803	180
2804	133,3	2804	179
2805	133,3	2805	180
2806	133,3	2806	180
2807	133,1	2807	179
2808	133,1	2808	178
2809	133,1	2809	179
2810	133,1	2810	180
2811	133,1	2811	179
2812	133,1	2812	178
2813	133,1	2813	178
2814	133,1	2814	177
2815	133	2815	178
2816	133	2816	178
2817	133	2817	177
2818	133	2818	178
2819	133	2819	177
2820	133	2820	177
2821	133	2821	177
2822	132,8	2822	177
2823	132,8	2823	177
2824	132,8	2824	177
2825	132,8	2825	176
2826	132,8	2826	177
2827	132,8	2827	177
2828	132,8	2828	176
2829	132,8	2829	176
2830	132,6	2830	175
2831	132,6	2831	175
2832	132,6	2832	175
2833	132,6	2833	175
2834	132,6	2834	175
2835	132,6	2835	174
2836	132,6	2836	174
2837	132,6	2837	174
2838	132,6	2838	175
2839	132,6	2839	174
2840	132,5	2840	174
2841	132,5	2841	174
2842	132,5	2842	174
2843	132,3	2843	173
2844	132,3	2844	174
2845	132,3	2845	174
2846	132,3	2846	174
2847	132,3	2847	173
2848	132,3	2848	173
2849	132,3	2849	173
2850	132,3	2850	172
2851	132,3	2851	172
2852	132,3	2852	171
2853	132,1	2853	170
2854	132,1	2854	171
2855	132,1	2855	171
2856	132,1	2856	170
2857	132,1	2857	169
2858	132,1	2858	169
2859	132,1	2859	169
2860	132,1	2860	169
2861	132,1	2861	168
2862	132	2862	167
2863	132	2863	166
2864	131,8	2864	165
2865	131,8	2865	165
2866	131,8	2866	165
2867	131,8	2867	163
2868	131,8	2868	163
2869	131,6	2869	163
2870	131,6	2870	162
2871	131,6	2871	161
2872	131,6	2872	160
2873	131,5	2873	160
2874	131,5	2874	159
2875	131,3	2875	159
2876	131,3	2876	157
2877	131,3	2877	157
2878	131,1	2878	156
2879	131,1	2879	155
2880	131,1	2880	156
2881	131,1	2881	155
2882	131	2882	154
2883	130,8	2883	154
2884	130,8	2884	153
2885	130,8	2885	151
2886	130,6	2886	151
2887	130,6	2887	152
2888	130,6	2888	151
2889	130,5	2889	150
2890	130,3	2890	149
2891	130,3	2891	149
2892	130,3	2892	149
2893	130,1	2893	148
2894	130,1	2894	147
2895	130,1	2895	147
2896	130	2896	145
2897	129,8	2897	145
2898	129,8	2898	146
2899	129,8	2899	144
2900	129,6	2900	143
2901	129,6	2901	143
2902	129,5	2902	142
2903	129,5	2903	141
2904	129,3	2904	140
2905	129,3	2905	140
2906	129,1	2906	140
2907	129,1	2907	139
2908	129	2908	139
2909	128,8	2909	139
2910	128,8	2910	138
2911	128,8	2911	137
2912	128,6	2912	137
2913	128,6	2913	136
2914	128,5	2914	135
2915	128,3	2915	134
2916	128,3	2916	134
2917	128,1	2917	134
2918	128,1	2918	132
2919	128,1	2919	131
2920	128	2920	132
2921	127,9	2921	131
2922	127,8	2922	130
2923	127,6	2923	130
2924	127,5	2924	129
2925	127,5	2925	128
2926	127,4	2926	127
2927	127,3	2927	128
2928	127,3	2928	127
2929	127,1	2929	125
2930	127	2930	124
2931	127	2931	125
2932	126,9	2932	124
2933	126,8	2933	123
2934	126,6	2934	123
2935	126,5	2935	122
2936	126,5	2936	120
2937	126,5	2937	120
2938	126,4	2938	121
2939	126,3	2939	120
2940	126,1	2940	118
2941	126	2941	118
2942	126	2942	118
2943	125,9	2943	118
2944	125,8	2944	117
2945	125,8	2945	117
2946	125,6	2946	116
2947	125,5	2947	114
2948	125,5	2948	114
2949	125,4	2949	115
2950	125,3	2950	114
2951	125,1	2951	112
2952	125	2952	112
2953	125	2953	112
2954	124,9	2954	112
2955	124,8	2955	110
2956	124,6	2956	111
2957	124,6	2957	110
2958	124,5	2958	108
2959	124,5	2959	108
2960	124,4	2960	108
2961	124,3	2961	106
2962	124,1	2962	105
2963	124	2963	106
2964	124	2964	105
2965	123,9	2965	104
2966	123,8	2966	103
2967	123,6	2967	104
2968	123,5	2968	103
2969	123,5	2969	102
2970	123,4	2970	103
2971	123,3	2971	102
2972	123,3	2972	100
2973	123,1	2973	100
2974	123	2974	100
2975	123	2975	100
2976	122,9	2976	100
2977	122,8	2977	99
2978	122,6	2978	98
2979	122,5	2979	96
2980	122,5	2980	95
2981	122,5	2981	96
2982	122,3	2982	96
2983	122,3	2983	95
2984	122,1	2984	94
2985	122	2985	95
2986	122	2986	94
2987	121,9	2987	94
2988	121,8	2988	93
2989	121,6	2989	93
2990	121,5	2990	93
2991	121,5	2991	91
2992	121,4	2992	91
2993	121,3	2993	90
2994	121,1	2994	89
2995	121	2995	89
2996	121	2996	89
2997	120,9	2997	88
2998	120,8	2998	88
2999	120,6	2999	88
3000	120,5	3000	87
3001	120,5	3001	86
3002	120,4	3002	85
3003	120,4	3003	85
3004	120,1	3004	85
3005	120	3005	84
3006	120	3006	84
3007	120	3007	84
3008	119,9	3008	84
3009	119,8	3009	82
3010	119,6	3010	82
3011	119,5	3011	81
3012	119,5	3012	81
3013	119,4	3013	80
3014	119,3	3014	80
3015	119,1	3015	78
3016	119	3016	78
3017	119	3017	78
3018	118,9	3018	78
3019	118,8	3019	78
3020	118,6	3020	77
3021	118,5	3021	77
3022	118,5	3022	76
3023	118,4	3023	76
3024	118,3	3024	76
3025	118,1	3025	76
3026	118,1	3026	75
3027	118	3027	74
3028	118	3028	73
3029	117,9	3029	73
3030	117,8	3030	72
3031	117,6	3031	72
3032	117,5	3032	72
3033	117,5	3033	71
3034	117,4	3034	71
3035	117,3	3035	70
3036	117,1	3036	70
3037	117	3037	69
3038	117	3038	68
3039	116,9	3039	68
3040	116,8	3040	69
3041	116,6	3041	67
3042	116,5	3042	67
3043	116,5	3043	68
3044	116,5	3044	66
3045	116,4	3045	65
3046	116,1	3046	65
3047	116,1	3047	65
3048	116	3048	64
3049	116	3049	64
3050	115,9	3050	64
3051	115,8	3051	63
3052	115,6	3052	62
3053	115,5	3053	62
3054	115,5	3054	62
3055	115,4	3055	61
3056	115,3	3056	61
3057	115,3	3057	61
3058	115,1	3058	61
3059	115	3059	60
3060	115	3060	59
3061	114,9	3061	60
3062	114,8	3062	59
3063	114,6	3063	58
3064	114,5	3064	58
3065	114,5	3065	58
3066	114,4	3066	57
3067	114,3	3067	57
3068	114,1	3068	57
3069	114	3069	56
3070	114	3070	55
3071	113,9	3071	55
3072	113,8	3072	55
3073	113,6	3073	54
3074	113,5	3074	53
3075	113,5	3075	53
3076	113,4	3076	54
3077	113,3	3077	52
3078	113,1	3078	51
3079	113	3079	52
3080	113	3080	51
3081	112,9	3081	51
3082	112,8	3082	52
3083	112,6	3083	51
3084	112,5	3084	50
3085	112,5	3085	50
3086	112,4	3086	50
3087	112,3	3087	50
3088	112,3	3088	48
3089	112	3089	48
3090	112	3090	48
3091	111,9	3091	47
3092	111,8	3092	46
3093	111,6	3093	47
3094	111,5	3094	47
3095	111,5	3095	46
3096	111,5	3096	46
3097	111,4	3097	46
3098	111,3	3098	46
3099	111,1	3099	45
3100	111	3100	44
3101	111	3101	45
3102	110,9	3102	43
3103	110,8	3103	43
3104	110,6	3104	43
3105	110,5	3105	43
3106	110,5	3106	43
3107	110,5	3107	42
3108	110,4	3108	42
3109	110,3	3109	41
3110	110,1	3110	41
3111	110	3111	40
3112	110	3112	40
3113	109,9	3113	40
3114	109,9	3114	39
3115	109,8	3115	39
3116	109,6	3116	39
3117	109,5	3117	38
3118	109,5	3118	38
3119	109,4	3119	38
3120	109,3	3120	38
3121	109,3	3121	37
3122	109,1	3122	38
3123	109	3123	38
3124	109	3124	37
3125	108,8	3125	37
3126	108,6	3126	37
3127	108,6	3127	37
3128	108,5	3128	36
3129	108,5	3129	35
3130	108,4	3130	35
3131	108,3	3131	35
3132	108,1	3132	34
3133	108	3133	34
3134	108	3134	34
3135	107,9	3135	34
3136	107,8	3136	33
3137	107,8	3137	33
3138	107,6	3138	32
3139	107,5	3139	32
3140	107,5	3140	32
3141	107,4	3141	33
3142	107,3	3142	32
3143	107,3	3143	32
3144	107,1	3144	31
3145	107	3145	31
3146	107	3146	31
3147	106,9	3147	30
3148	106,8	3148	30
3149	106,8	3149	30
3150	106,5	3150	30
3151	106,5	3151	30
3152	106,5	3152	30
3153	106,4	3153	29
3154	106,3	3154	29
3155	106,3	3155	29
3156	106,1	3156	29
3157	106	3157	29
3158	106	3158	29
3159	106	3159	29
3160	105,9	3160	28
3161	105,8	3161	27
3162	105,6	3162	28
3163	105,6	3163	28
3164	105,5	3164	27
3165	105,5	3165	26
3166	105,5	3166	26
3167	105,4	3167	25
3168	105,3	3168	25
3169	105,3	3169	24
3170	105,1	3170	25
3171	105	3171	25
3172	105	3172	25
3173	104,9	3173	25
3174	104,9	3174	25
3175	104,8	3175	24
3176	104,6	3176	24
3177	104,6	3177	24
3178	104,5	3178	24
3179	104,5	3179	23
3180	104,5	3180	24
3181	104,4	3181	24
3182	104,3	3182	23
3183	104,3	3183	23
3184	104,1	3184	23
3185	104	3185	23
3186	104	3186	23
3187	104	3187	23
3188	103,9	3188	23
3189	103,9	3189	22
3190	103,8	3190	22
3191	103,8	3191	21
3192	103,6	3192	21
3193	103,6	3193	21
3194	103,5	3194	20
3195	103,5	3195	21
3196	103,5	3196	22
3197	103,4	3197	22
3198	103,4	3198	22
3199	103,3	3199	19
3200	103,1	3200	19
3201	103,1	3201	18
3202	103	3202	18
3203	103	3203	17
3204	103	3204	17
3205	102,9	3205	16
3206	102,8	3206	15
3207	102,8	3207	14
3208	102,6	3208	15
3209	102,5	3209	15
3210	102,5	3210	15
3211	102,4	3211	14
3212	102,3	3212	13
3213	102,1	3213	13
3214	102	3214	12
3215	102	3215	12
3216	101,9	3216	12
3217	101,8	3217	11
3218	101,6	3218	11
3219	101,5	3219	11
3220	101,5	3220	11
3221	101,4	3221	10
3222	101,3	3222	10
3223	101	3223	10
3224	101	3224	10
3225	100,9	3225	10
3226	100,8	3226	9
3227	100,6	3227	8
3228	100,5	3228	9
3229	100,5	3229	8
3230	100,4	3230	9
3231	100,3	3231	8
3232	100,1	3232	7
3233	100	3233	8
3234	100	3234	8
3235	99,9	3235	8
3236	99,8	3236	8
3237	99,8	3237	7
3238	99,6	3238	7
3239	99,5	3239	7
3240	99,5	3240	7
3241	99,4	3241	6
3242	99,3	3242	6
3243	99,1	3243	6
3244	99	3244	6
3245	99	3245	5
3246	99	3246	6
3247	98,9	3247	6
3248	98,8	3248	6
3249	98,6	3249	5
3250	98,5	3250	5
3251	98,5	3251	5
3252	98,5	3252	5
3253	98,4	3253	4
3254	98,3	3254	4
3255	98,1	3255	4
3256	98,1	3256	4
3257	98	3257	4
3258	98	3258	4
3259	98	3259	4
3260	97,9	3260	4
3261	97,8	3261	4
3262	97,6	3262	3
3263	97,6	3263	3
3264	97,5	3264	4
3265	97,5	3265	3
3266	97,5	3266	3
3267	97,4	3267	2
3268	97,3	3268	2
3269	97,1	3269	2
3270	97,1	3270	2
3271	97	3271	2
3272	97	3272	2
3273	97	3273	1
3274	96,9	3274	2
3275	96,9	3275	1
3276	96,8	3276	2
3277	96,8	3277	2
3278	96,6	3278	2
3279	96,6	3279	1
3280	96,5	3280	1
3281	96,5	3281	2
3282	96,5	3282	2
3283	96,5	3283	2
3284	96,4	3284	2
3285	96,3	3285	1
3286	96,3	3286	0
3287	96,3	3287	1
3288	96,1	3288	1
3289	96	3289	1
3290	96	3290	0
3291	96	3291	0
3292	96	3292	0
3293	96	3293	1
3294	95,9	3294	1
3295	95,9	3295	1
3296	95,8	3296	1
3297	95,8	3297	1
3298	95,6	3298	0
3299	95,6	3299	0
3300	95,6	3300	0
3301	95,5	3301	0
3302	95,5	3302	0
3303	95,5	3303	1
3304	95,5	3304	1
3305	95,5	3305	1
3306	95,4	3306	1
3307	95,4	3307	1
3308	95,4	3308	1
3309	95,3	3309	0
3310	95,3	3310	0
3311	95,3	3311	1
3312	95,1	3312	1
3313	95,1	3313	1
3314	95,1	3314	1
3315	95,1	3315	1
3316	95,1	3316	1
3317	95,1	3317	2
3318	95,1	3318	1
3319	95,1	3319	1
3320	95	3320	1
3321	95	3321	1
3322	95	3322	1
3323	95	3323	1
3324	95	3324	1
3325	95	3325	2
3326	95	3326	1
3327	95	3327	1
3328	95	3328	1
3329	95	3329	1
3330	95	3330	1
3331	95	3331	1
3332	95	3332	1
3333	95	3333	1
3334	95	3334	1
3335	95	3335	1
3336	95	3336	1
3337	95	3337	2
3338	95	3338	2
3339	95	3339	1
3340	95	3340	1
3341	95	3341	1
3342	95	3342	2
3343	95	3343	1
3344	95	3344	2
3345	95	3345	1
3346	95	3346	1
3347	95	3347	1
3348	95	3348	2
3349	95	3349	2
3350	95	3350	2
3351	95	3351	1
3352	95	3352	1
3353	95	3353	2
3354	95	3354	2
3355	95	3355	1
3356	95	3356	1
3357	95	3357	1
3358	95	3358	1
3359	95	3359	1
3360	95	3360	1
3361	95	3361	1
3362	95	3362	1
3363	95	3363	1
3364	95	3364	1
3365	95	3365	1
3366	95	3366	2
3367	95	3367	1
3368	95	3368	1
3369	95	3369	2
3370	95	3370	1
3371	95	3371	2
3372	95	3372	1
3373	95	3373	1
3374	95	3374	1
3375	95	3375	1
3376	95	3376	2
3377	95	3377	1
3378	95	3378	1
3379	95	3379	1
3380	95	3380	2
3381	95	3381	3
3382	95	3382	2
3383	95	3383	1
3384	95	3384	1
3385	95	3385	2
3386	95	3386	2
3387	95	3387	1
3388	95	3388	2
3389	95	3389	1
3390	95	3390	1
3391	95	3391	1
3392	95	3392	1
3393	95	3393	1
3394	95	3394	1
3395	95	3395	2
3396	95	3396	1
3397	95	3397	1
3398	95	3398	2
3399	95	3399	2
3400	95	3400	2
3401	95	3401	2
3402	95	3402	1
3403	94,9	3403	2
3404	95	3404	2
3405	95	3405	2
3406	95	3406	2
3407	95	3407	2
3408	95	3408	1
3409	95	3409	1
3410	95	3410	1
3411	95	3411	1
3412	94,9	3412	2
3413	94,9	3413	2
3414	94,9	3414	2
3415	94,9	3415	2
3416	94,9	3416	1
3417	94,9	3417	1
3418	94,9	3418	2
3419	94,9	3419	1
3420	94,9	3420	1
3421	94,9	3421	1
3422	94,9	3422	2
3423	94,9	3423	1
3424	94,9	3424	2
3425	94,9	3425	2
3426	94,9	3426	1
3427	94,9	3427	1
3428	94,9	3428	1
3429	94,9	3429	1
3430	94,9	3430	0
3431	94,8	3431	1
3432	94,8	3432	1
3433	94,9	3433	0
3434	94,9	3434	1
3435	94,8	3435	1
3436	94,8	3436	1
3437	94,8	3437	2
3438	94,8	3438	1
3439	94,8	3439	1
3440	94,8	3440	2
3441	94,8	3441	2
3442	94,8	3442	1
3443	94,8	3443	1
3444	94,8	3444	1
3445	94,6	3445	1
3446	94,6	3446	1
3447	94,6	3447	1
3448	94,6	3448	2
3449	94,6	3449	1
3450	94,6	3450	1
3451	94,6	3451	1
3452	94,6	3452	1
3453	94,6	3453	1
3454	94,6	3454	1
3455	94,6	3455	1
3456	94,6	3456	1
3457	94,6	3457	1
3458	94,6	3458	1
3459	94,6	3459	1
3460	94,6	3460	1
3461	94,6	3461	1
3462	94,6	3462	1
3463	94,6	3463	1
3464	94,6	3464	1
3465	94,6	3465	1
3466	94,6	3466	1
3467	94,6	3467	1
3468	94,5	3468	1
3469	94,5	3469	1
3470	94,5	3470	1
3471	94,5	3471	1
3472	94,5	3472	1
3473	94,5	3473	1
3474	94,5	3474	1
3475	94,5	3475	0
3476	94,5	3476	1
3477	94,5	3477	1
3478	94,5	3478	1
3479	94,5	3479	1
3480	94,5	3480	1
3481	94,5	3481	1
3482	94,5	3482	1
3483	94,5	3483	1
3484	94,5	3484	0
3485	94,5	3485	0
3486	94,5	3486	1
3487	94,5	3487	1
3488	94,5	3488	1
3489	94,5	3489	1
3490	94,5	3490	1
3491	94,5	3491	0
3492	94,5	3492	1
3493	94,5	3493	1
3494	94,5	3494	0
3495	94,5	3495	0
3496	94,5	3496	1
3497	94,5	3497	1
3498	94,5	3498	1
3499	94,5	3499	1
3500	94,5	3500	0
3501	94,5	3501	0
3502	94,5	3502	1
3503	94,5	3503	1
3504	94,5	3504	1
3505	94,5	3505	0
3506	94,5	3506	1
3507	94,4	3507	0
3508	94,4	3508	0
3509	94,4	3509	0
3510	94,4	3510	1
3511	94,4	3511	1
3512	94,4	3512	0
3513	94,4	3513	0
3514	94,4	3514	0
3515	94,4	3515	0
3516	94,4	3516	0
3517	94,4	3517	1
3518	94,4	3518	1
3519	94,4	3519	0
3520	94,4	3520	0
3521	94,4	3521	0
3522	94,4	3522	0
3523	94,4	3523	0
3524	94,4	3524	1
3525	94,3	3525	1
3526	94,3	3526	1
3527	94,3	3527	1
3528	94,3	3528	1
3529	94,3	3529	0
3530	94,3	3530	0
3531	94,3	3531	0
3532	94,1	3532	0
3533	94,1	3533	1
3534	94,1	3534	0
3535	94,3	3535	0
3536	94,1	3536	0
3537	94,1	3537	0
3538	94,1	3538	0
3539	94,1	3539	1
3540	94,1	3540	1
3541	94,1	3541	0
3542	94,1	3542	0
3543	94,1	3543	0
3544	94,1	3544	0
3545	94,1	3545	0
3546	94,1	3546	0
3547	94,1	3547	0
3548	94,1	3548	0
3549	94,1	3549	0
3550	94,1	3550	0
3551	94,1	3551	1
3552	94,1	3552	0
3553	94,1	3553	1
3554	94,1	3554	0
3555	94,1	3555	0
3556	94,1	3556	0
3557	94	3557	1
3558	94	3558	0
3559	94	3559	0
3560	94	3560	0
3561	94	3561	0
3562	94	3562	0
3563	94	3563	0
3564	94	3564	0
3565	94	3565	0
3566	94	3566	0
3567	94	3567	0
3568	94	3568	0
3569	94	3569	0
3570	94	3570	0
3571	94	3571	0
3572	94	3572	0
3573	94	3573	0
3574	94	3574	0
3575	94	3575	0
3576	94	3576	0
3577	94	3577	0
3578	94	3578	0
3579	94	3579	1
3580	94	3580	1
3581	94	3581	0
3582	94	3582	0
3583	94	3583	0
3584	94	3584	0
3585	93,9	3585	0
3586	93,9	3586	0
3587	93,9	3587	0
3588	93,9	3588	0
3589	93,9	3589	0
3590	93,9	3590	0
3591	93,9	3591	0
3592	93,9	3592	0
3593	93,9	3593	0
3594	93,9	3594	0
3595	93,9	3595	0
3596	93,9	3596	0
3597	93,8	3597	0
3598	93,8	3598	0
3599	93,8	3599	0
3600	93,8	3600	0
3601	93,8	3601	0
3602	93,8	3602	0
3603	93,8	3603	0
3604	93,8	3604	0
3605	93,8	3605	0
3606	93,8	3606	0
3607	93,8	3607	0
3608	93,8	3608	0
3609	93,8	3609	0
3610	93,8	3610	0
3611	93,8	3611	0
3612	93,8	3612	0
3613	93,8	3613	0
3614	93,8	3614	0
3615	93,6	3615	0
3616	93,8	3616	0
3617	93,6	3617	0
3618	93,6	3618	0
3619	93,6	3619	0
3620	93,6	3620	0
3621	93,6	3621	0
3622	93,6	3622	0
3623	93,6	3623	0
3624	93,6	3624	0
3625	93,6	3625	0
3626	93,6	3626	0
3627	93,6	3627	0
3628	93,6	3628	0
3629	93,6	3629	0
3630	93,6	3630	0
3631	93,6	3631	0
3632	93,6	3632	0
3633	93,6	3633	0
3634	93,5	3634	0
3635	93,5	3635	0
3636	93,5	3636	0
3637	93,5	3637	0
3638	93,5	3638	0
3639	93,5	3639	0
3640	93,5	3640	0
3641	93,5	3641	0
3642	93,5	3642	0
3643	93,5	3643	0
3644	93,5	3644	0
3645	93,5	3645	0
3646	93,5	3646	0
3647	93,5	3647	0
3648	93,5	3648	0
3649	93,5	3649	0
3650	93,5	3650	0
3651	93,4	3651	0
3652	93,4	3652	0
3653	93,4	3653	0
3654	93,4	3654	0
3655	93,4	3655	0
3656	93,4	3656	0
3657	93,4	3657	0
3658	93,4	3658	0
3659	93,4	3659	0
3660	93,4	3660	0
3661	93,4	3661	0
3662	93,4	3662	0
3663	93,4	3663	0
3664	93,4	3664	0
3665	93,4	3665	0
3666	93,4	3666	0
3667	93,4	3667	0
3668	93,4	3668	0
3669	93,3	3669	0
3670	93,3	3670	0
3671	93,3	3671	0
3672	93,3	3672	0
3673	93,3	3673	0
3674	93,3	3674	0
3675	93,3	3675	0
3676	93,3	3676	0
3677	93,3	3677	0
3678	93,3	3678	0
3679	93,3	3679	0
3680	93,3	3680	0
3681	93,3	3681	0
3682	93,3	3682	0
3683	93,3	3683	0
3684	93,3	3684	0
3685	93,3	3685	0
3686	93,1	3686	0
3687	93,1	3687	0
3688	93,1	3688	0
3689	93,1	3689	0
3690	93,1	3690	0
3691	93,1	3691	0
3692	93,1	3692	0
3693	93,1	3693	0
3694	93,1	3694	0
3695	93,1	3695	0
3696	93,1	3696	0
3697	93,1	3697	0
3698	93,1	3698	0
3699	93,1	3699	0
3700	93	3700	0
3701	93	3701	0
3702	93	3702	0
3703	93	3703	0
3704	93	3704	0
3705	93	3705	0
3706	93	3706	0
3707	93	3707	0
3708	93	3708	0
3709	93	3709	0
3710	93	3710	0
3711	93	3711	0
3712	93	3712	0
3713	93	3713	0
3714	93	3714	0
3715	93	3715	0
3716	93	3716	0
3717	93	3717	0
3718	93	3718	0
3719	93	3719	0
3720	93	3720	0
3721	93	3721	0
3722	93	3722	0
3723	93	3723	0
3724	93	3724	0
3725	93	3725	0
3726	93	3726	0
3727	93	3727	0
3728	93	3728	0
3729	93	3729	0
3730	93	3730	0
3731	93	3731	0
3732	93	3732	0
3733	93	3733	0
3734	93	3734	0
3735	92,9	3735	0
3736	92,9	3736	0
3737	92,9	3737	0
3738	92,9	3738	0
3739	92,9	3739	0
3740	92,9	3740	0
3741	92,9	3741	0
3742	92,9	3742	0
3743	92,9	3743	0
3744	92,9	3744	0
3745	92,8	3745	0
3746	92,8	3746	0
3747	92,8	3747	0
3748	92,8	3748	0
3749	92,8	3749	0
3750	92,8	3750	0
3751	92,8	3751	0
3752	92,8	3752	0
3753	92,8	3753	0
3754	92,8	3754	0
3755	92,6	3755	0
3756	92,6	3756	0
3757	92,6	3757	0
3758	92,6	3758	0
3759	92,6	3759	0
3760	92,6	3760	0
3761	92,6	3761	0
3762	92,6	3762	0
3763	92,6	3763	0
3764	92,6	3764	0
3765	92,6	3765	0
3766	92,6	3766	0
3767	92,6	3767	0
3768	92,6	3768	0
3769	92,6	3769	0
3770	92,6	3770	0
3771	92,6	3771	0
3772	92,6	3772	0
3773	92,6	3773	0
3774	92,6	3774	0
3775	92,6	3775	0
3776	92,5	3776	0
3777	92,5	3777	0
3778	92,5	3778	0
3779	92,5	3779	0
3780	92,5	3780	0
3781	92,5	3781	0
3782	92,5	3782	0
3783	92,5	3783	0
3784	92,5	3784	0
3785	92,5	3785	0
3786	92,5	3786	0
3787	92,5	3787	0
3788	92,5	3788	0
3789	92,5	3789	0
3790	92,5	3790	0
3791	92,5	3791	0
3792	92,5	3792	0
3793	92,5	3793	0
3794	92,5	3794	0
3795	92,5	3795	0
3796	92,5	3796	0
3797	92,5	3797	0
3798	92,5	3798	0
3799	92,5	3799	0
3800	92,5	3800	0
3801	92,5	3801	0
3802	92,5	3802	0
3803	92,5	3803	0
3804	92,5	3804	0
3805	92,5	3805	0
3806	92,5	3806	0
3807	92,5	3807	0
3808	92,5	3808	0
3809	92,5	3809	0
3810	92,5	3810	0
3811	92,4	3811	0
3812	92,5	3812	0
3813	92,4	3813	0
3814	92,4	3814	0
3815	92,4	3815	0
3816	92,4	3816	0
3817	92,4	3817	0
3818	92,4	3818	0
3819	92,4	3819	0
3820	92,4	3820	0
3821	92,4	3821	0
3822	92,4	3822	0
3823	92,4	3823	0
3824	92,4	3824	0
3825	92,4	3825	0
3826	92,4	3826	0
3827	92,4	3827	0
3828	92,4	3828	0
3829	92,4	3829	0
3830	92,3	3830	0
3831	92,3	3831	0
3832	92,3	3832	0
3833	92,3	3833	0
3834	92,3	3834	0
3835	92,3	3835	0
3836	92,3	3836	0
3837	92,3	3837	0
3838	92,3	3838	0
3839	92,3	3839	0
3840	92,3	3840	0
3841	92,3	3841	0
3842	92,3	3842	0
3843	92,3	3843	0
3844	92,3	3844	0
3845	92,3	3845	0
3846	92,3	3846	0
3847	92,3	3847	0
3848	92,1	3848	0
3849	92,1	3849	0
3850	92,1	3850	0
3851	92,1	3851	0
3852	92,1	3852	0
3853	92,1	3853	0
3854	92,1	3854	0
3855	92,1	3855	0
3856	92,1	3856	0
3857	92,1	3857	0
3858	92,1	3858	0
3859	92,1	3859	0
3860	92,1	3860	0
3861	92,1	3861	0
3862	92,1	3862	0
3863	92,1	3863	0
3864	92,1	3864	0
3865	92,1	3865	0
3866	92,1	3866	0
3867	92,1	3867	0
3868	92,1	3868	0
3869	92	3869	0
3870	92	3870	0
3871	92	3871	0
3872	92	3872	0
3873	92	3873	0
3874	92	3874	0
3875	92	3875	0
3876	92	3876	0
3877	92	3877	0
3878	92	3878	0
3879	92	3879	0
3880	92	3880	0
3881	92	3881	0
3882	92	3882	0
3883	92	3883	0
3884	92	3884	0
3885	92	3885	0
3886	92	3886	0
3887	92	3887	0
3888	92	3888	0
3889	92	3889	0
3890	92	3890	0
3891	92	3891	0
3892	92	3892	0
3893	92	3893	0
3894	92	3894	0
3895	92	3895	0
3896	92	3896	0
3897	92	3897	0
3898	92	3898	0
3899	92	3899	0
3900	92	3900	0
3901	92	3901	0
3902	92	3902	0
3903	92	3903	0
3904	92	3904	0
3905	92	3905	0
3906	92	3906	0
3907	92	3907	0
3908	92	3908	0
3909	92	3909	0
3910	92	3910	0
3911	92	3911	0
3912	91,9	3912	0
3913	91,9	3913	0
3914	91,9	3914	0
3915	91,9	3915	0
3916	92	3916	0
3917	91,9	3917	0
3918	91,9	3918	0
3919	91,9	3919	0
3920	91,9	3920	0
3921	91,9	3921	0
3922	91,9	3922	0
3923	91,9	3923	0
3924	91,9	3924	0
3925	91,9	3925	0
3926	91,9	3926	0
3927	91,9	3927	0
3928	91,9	3928	0
3929	91,9	3929	0
3930	91,8	3930	0
3931	91,8	3931	0
3932	91,8	3932	0
3933	91,8	3933	0
3934	91,8	3934	0
3935	91,9	3935	0
3936	91,8	3936	0
3937	91,9	3937	0
3938	91,8	3938	0
3939	91,8	3939	0
3940	91,9	3940	0
3941	91,8	3941	0
3942	91,8	3942	0
3943	91,8	3943	0
3944	91,8	3944	0
3945	91,8	3945	0
3946	91,8	3946	0
3947	91,8	3947	0
3948	91,8	3948	0
3949	91,8	3949	0
3950	91,8	3950	0
3951	91,8	3951	0
3952	91,8	3952	0
3953	91,8	3953	0
3954	91,8	3954	0
3955	91,8	3955	0
3956	91,8	3956	0
3957	91,8	3957	0
3958	91,8	3958	0
3959	91,8	3959	0
3960	91,8	3960	0
3961	91,8	3961	0
3962	91,8	3962	0
3963	91,8	3963	0
3964	91,8	3964	0
3965	91,8	3965	0
3966	91,8	3966	0
3967	91,8	3967	0
3968	91,8	3968	0
3969	91,8	3969	0
3970	91,8	3970	0
3971	91,8	3971	0
3972	91,8	3972	0
3973	91,8	3973	0
3974	91,8	3974	0
3975	91,8	3975	0
3976	91,8	3976	0
3977	91,8	3977	0
3978	91,8	3978	0
3979	91,8	3979	0
3980	91,8	3980	0
3981	91,8	3981	0
3982	91,8	3982	0
3983	91,8	3983	0
3984	91,8	3984	0
3985	91,8	3985	0
3986	91,8	3986	0
3987	91,8	3987	0
3988	91,8	3988	0
3989	91,6	3989	0
3990	91,6	3990	0
3991	91,6	3991	0
3992	91,8	3992	0
3993	91,8	3993	0
3994	91,8	3994	0
3995	91,8	3995	0
3996	91,8	3996	0
3997	91,8	3997	0
3998	91,8	3998	0
3999	91,8	3999	0
4000	91,8	4000	0
4001	91,8	4001	0
4002	91,8	4002	0
4003	91,8	4003	0
4004	91,8	4004	0
4005	91,8	4005	0
4006	91,8	4006	0
4007	91,8	4007	0
4008	91,9	4008	0
4009	91,9	4009	0
4010	91,9	4010	0
4011	91,9	4011	0
4012	91,9	4012	0
4013	91,9	4013	0
4014	91,9	4014	0
4015	91,9	4015	0
4016	91,9	4016	0
4017	91,9	4017	0
4018	91,9	4018	0
4019	91,9	4019	0
4020	91,9	4020	0
4021	91,9	4021	0
4022	91,9	4022	0
4023	91,9	4023	0
4024	91,9	4024	0
4025	91,9	4025	0
4026	91,9	4026	0
4027	91,9	4027	0
4028	91,9	4028	0
4029	91,9	4029	0
4030	91,9	4030	0
4031	91,9	4031	0
4032	91,9	4032	0
4033	91,9	4033	0
4034	91,9	4034	0
4035	91,9	4035	0
4036	91,9	4036	0
4037	91,9	4037	0
4038	91,9	4038	0
4039	91,9	4039	0
4040	91,9	4040	0
4041	91,9	4041	0
4042	91,9	4042	0
4043	91,9	4043	0
4044	91,9	4044	0
4045	91,9	4045	0
4046	91,9	4046	0
4047	91,9	4047	0
4048	91,9	4048	0
4049	91,9	4049	0
4050	91,9	4050	0
4051	91,9	4051	0
4052	91,8	4052	0
4053	91,8	4053	0
4054	91,8	4054	0
4055	91,8	4055	0
4056	91,8	4056	0
4057	91,8	4057	0
4058	91,8	4058	0
4059	91,8	4059	0
4060	91,6	4060	0
4061	91,6	4061	0
4062	91,6	4062	0
4063	91,6	4063	0
4064	91,6	4064	0
4065	91,6	4065	0
4066	91,5	4066	0
4067	91,5	4067	0
4068	91,5	4068	0
4069	91,5	4069	0
4070	91,5	4070	0
4071	91,5	4071	0
4072	91,5	4072	0
4073	91,5	4073	0
4074	91,5	4074	0
4075	91,5	4075	0
4076	91,5	4076	0
4077	91,5	4077	0
4078	91,5	4078	0
4079	91,5	4079	0
4080	91,5	4080	0
4081	91,5	4081	0
4082	91,5	4082	0
4083	91,5	4083	0
4084	91,5	4084	0
4085	91,5	4085	0
4086	91,5	4086	0
4087	91,5	4087	0
4088	91,5	4088	0
4089	91,5	4089	0
4090	91,5	4090	0
4091	91,5	4091	0
4092	91,5	4092	0
4093	91,5	4093	0
4094	91,5	4094	0
4095	91,5	4095	0
4096	91,5	4096	0
4097	91,5	4097	0
4098	91,5	4098	0
4099	91,5	4099	0
4100	91,5	4100	0
4101	91,5	4101	0
4102	91,5	4102	0
4103	91,5	4103	0
4104	91,5	4104	0
4105	91,5	4105	0
4106	91,5	4106	0
4107	91,5	4107	0
4108	91,5	4108	0
4109	91,5	4109	0
4110	91,5	4110	0
4111	91,5	4111	0
4112	91,5	4112	0
4113	91,4	4113	0
4114	91,4	4114	0
4115	91,4	4115	0
4116	91,4	4116	0
4117	91,4	4117	0
4118	91,4	4118	0
4119	91,4	4119	0
4120	91,4	4120	0
4121	91,4	4121	0
4122	91,4	4122	0
4123	91,4	4123	0
4124	91,4	4124	0
4125	91,4	4125	0
4126	91,4	4126	0
4127	91,4	4127	0
4128	91,4	4128	0
4129	91,4	4129	0
4130	91,4	4130	0
4131	91,3	4131	0
4132	91,3	4132	0
4133	91,3	4133	0
4134	91,3	4134	0
4135	91,3	4135	0
4136	91,3	4136	0
4137	91,3	4137	0
4138	91,3	4138	0
4139	91,3	4139	0
4140	91,3	4140	0
4141	91,3	4141	0
4142	91,3	4142	0
4143	91,1	4143	0
4144	91,1	4144	0
4145	91,1	4145	0
4146	91,1	4146	0
4147	91,1	4147	0
4148	91,1	4148	0
4149	91,1	4149	0
4150	91,1	4150	0
4151	91,1	4151	0
4152	91,1	4152	0
4153	91,1	4153	0
4154	91,1	4154	0
4155	91,1	4155	0
4156	91,1	4156	0
4157	91,1	4157	0
4158	91,1	4158	0
4159	91,1	4159	0
4160	91,1	4160	0
4161	91,1	4161	0
4162	91,1	4162	0
4163	91,1	4163	0
4164	91,1	4164	0
4165	91,1	4165	0
4166	91,1	4166	0
4167	91	4167	0
4168	91	4168	0
4169	91	4169	0
4170	91	4170	0
4171	91	4171	0
4172	91	4172	0
4173	91	4173	0
4174	91	4174	0
4175	91	4175	0
4176	91	4176	0
4177	91	4177	0
4178	91	4178	0
4179	91	4179	0
4180	91	4180	0
4181	91	4181	0
4182	91	4182	0
4183	91	4183	0
4184	91	4184	0
4185	91	4185	0
4186	91	4186	0
4187	91	4187	0
4188	91	4188	0
4189	90,9	4189	0
4190	90,9	4190	0
4191	90,9	4191	0
4192	90,9	4192	0
4193	90,9	4193	0
4194	90,9	4194	0
4195	90,9	4195	0
4196	90,9	4196	0
4197	90,9	4197	0
4198	90,9	4198	0
4199	90,9	4199	0
4200	90,9	4200	0
4201	90,9	4201	0
4202	90,9	4202	0
4203	90,9	4203	0
4204	90,9	4204	0
4205	90,9	4205	0
4206	90,9	4206	0
4207	90,9	4207	0
4208	90,9	4208	0
4209	90,9	4209	0
4210	90,9	4210	0
4211	90,9	4211	0
4212	90,9	4212	0
4213	90,9	4213	0
4214	90,8	4214	0
4215	90,8	4215	0
4216	90,8	4216	0
4217	90,8	4217	0
4218	90,8	4218	0
4219	90,8	4219	0
4220	90,6	4220	0
4221	90,6	4221	0
4222	90,6	4222	0
4223	90,6	4223	0
4224	90,6	4224	0
4225	90,6	4225	0
4226	90,6	4226	0
4227	90,6	4227	0
4228	90,6	4228	0
4229	90,6	4229	0
4230	90,6	4230	0
4231	90,6	4231	0
4232	90,5	4232	0
4233	90,5	4233	0
4234	90,5	4234	0
4235	90,5	4235	0
4236	90,5	4236	0
4237	90,5	4237	0
4238	90,5	4238	0
4239	90,5	4239	0
4240	90,5	4240	0
4241	90,5	4241	0
4242	90,5	4242	0
4243	90,5	4243	0
4244	90,5	4244	0
4245	90,5	4245	0
4246	90,5	4246	0
4247	90,5	4247	0
4248	90,5	4248	0
4249	90,5	4249	0
4250	90,5	4250	0
4251	90,5	4251	0
4252	90,5	4252	0
4253	90,5	4253	0
4254	90,5	4254	0
4255	90,5	4255	0
4256	90,5	4256	0
4257	90,5	4257	0
4258	90,5	4258	0
4259	90,5	4259	0
4260	90,5	4260	0
4261	90,5	4261	0
4262	90,5	4262	0
4263	90,5	4263	0
4264	90,4	4264	0
4265	90,4	4265	0
4266	90,4	4266	0
4267	90,4	4267	0
4268	90,4	4268	0
4269	90,4	4269	0
4270	90,4	4270	0
4271	90,4	4271	0
4272	90,4	4272	0
4273	90,3	4273	0
4274	90,3	4274	0
4275	90,3	4275	0
4276	90,3	4276	0
4277	90,3	4277	0
4278	90,3	4278	0
4279	90,3	4279	0
4280	90,3	4280	0
4281	90,3	4281	0
4282	90,3	4282	0
4283	90,3	4283	0
4284	90,3	4284	0
4285	90,3	4285	0
4286	90,1	4286	0
4287	90,1	4287	0
4288	90,1	4288	0
4289	90,1	4289	0
4290	90,1	4290	0
4291	90,1	4291	0
4292	90,1	4292	0
4293	90,1	4293	0
4294	90,1	4294	0
4295	90,1	4295	0
4296	90,1	4296	0
4297	90,1	4297	0
4298	90,1	4298	0
4299	90,1	4299	0
4300	90	4300	0
4301	90	4301	0
4302	90	4302	0
4303	90	4303	0
4304	90	4304	0
4305	90	4305	0
4306	90	4306	0
4307	90	4307	0
4308	90	4308	0
4309	90	4309	0
4310	90	4310	0
4311	90	4311	0
4312	90	4312	0
4313	90	4313	0
4314	90	4314	0
4315	90	4315	0
4316	90	4316	0
4317	90	4317	0
4318	90	4318	0
4319	90	4319	0
4320	90	4320	0
4321	90	4321	0
4322	90	4322	0
4323	89,9	4323	0
4324	89,9	4324	0
4325	89,9	4325	0
4326	89,9	4326	0
4327	89,9	4327	0
4328	89,9	4328	0
4329	89,9	4329	0
4330	89,9	4330	0
4331	89,9	4331	0
4332	89,9	4332	0
4333	89,9	4333	0
4334	89,9	4334	0
4335	89,9	4335	0
4336	89,9	4336	0
4337	89,8	4337	0
4338	89,8	4338	0
4339	89,8	4339	0
4340	89,8	4340	0
4341	89,8	4341	0
4342	89,8	4342	0
4343	89,8	4343	0
4344	89,8	4344	0
4345	89,8	4345	0
4346	89,8	4346	0
4347	89,8	4347	0
4348	89,8	4348	0
4349	89,6	4349	0
4350	89,6	4350	0
4351	89,6	4351	0
4352	89,6	4352	0
4353	89,6	4353	0
4354	89,6	4354	0
4355	89,6	4355	0
4356	89,6	4356	0
4357	89,6	4357	0
4358	89,6	4358	0
4359	89,6	4359	0
4360	89,6	4360	0
4361	89,6	4361	0
4362	89,6	4362	0
4363	89,6	4363	0
4364	89,6	4364	0
4365	89,5	4365	0
4366	89,5	4366	0
4367	89,5	4367	0
4368	89,5	4368	0
4369	89,5	4369	0
4370	89,5	4370	0
4371	89,5	4371	0
4372	89,5	4372	0
4373	89,5	4373	0
4374	89,5	4374	0
4375	89,5	4375	0
4376	89,5	4376	0
4377	89,5	4377	0
4378	89,5	4378	0
4379	89,5	4379	0
4380	89,5	4380	0
4381	89,5	4381	0
4382	89,5	4382	0
4383	89,5	4383	0
4384	89,5	4384	0
4385	89,5	4385	0
4386	89,5	4386	0
4387	89,5	4387	0
4388	89,4	4388	0
4389	89,4	4389	0
4390	89,4	4390	0
4391	89,4	4391	0
4392	89,4	4392	0
4393	89,4	4393	0
4394	89,4	4394	0
4395	89,4	4395	0
4396	89,4	4396	0
4397	89,4	4397	0
4398	89,4	4398	0
4399	89,4	4399	0
4400	89,4	4400	0
4401	89,3	4401	0
4402	89,3	4402	0
4403	89,3	4403	0
4404	89,3	4404	0
4405	89,3	4405	0
4406	89,3	4406	0
4407	89,3	4407	0
4408	89,3	4408	0
4409	89,3	4409	0
4410	89,3	4410	0
4411	89,3	4411	0
4412	89,3	4412	0
4413	89,3	4413	0
4414	89,3	4414	0
4415	89,3	4415	0
4416	89,1	4416	0
4417	89,1	4417	0
4418	89	4418	0
4419	89	4419	0
4420	88,8	4420	0
4421	88,5	4421	0
4422	88,4	4422	0
4423	88	4423	0
4424	87,8	4424	0
4425	87,4	4425	0
4426	87	4426	0
4427	86,5	4427	0
4428	86	4428	0
4429	85,6	4429	0
4430	85,1	4430	0
4431	84,5	4431	0
4432	84,1	4432	0
4433	83,5	4433	0
4434	83	4434	0
4435	82,5	4435	0
4436	82	4436	0
4437	81,5	4437	0
4438	81	4438	0
4439	80,6	4439	0
4440	80,4	4440	0
4441	80	4441	0
4442	79,6	4442	0
4443	79,3	4443	0
4444	79	4444	0
4445	78,8	4445	0
4446	78,5	4446	0
4447	78,1	4447	0
4448	78	4448	0
4449	77,8	4449	0
4450	77,5	4450	0
4451	77,4	4451	0
4452	77,1	4452	0
4453	77	4453	0
4454	76,8	4454	0
4455	76,6	4455	0
4456	76,5	4456	0
4457	76,4	4457	0
4458	76,1	4458	0
4459	76	4459	0
4460	76	4460	0
4461	75,8	4461	0
4462	75,6	4462	0
4463	75,5	4463	0
4464	75,5	4464	0
4465	75,4	4465	0
4466	75,3	4466	0
4467	75,1	4467	0
4468	75	4468	0
4469	75	4469	0
4470	74,9	4470	0
4471	74,8	4471	0
4472	74,6	4472	0
4473	74,5	4473	0
4474	74,5	4474	0
4475	74,5	4475	0
4476	74,5	4476	0
4477	74,5	4477	0
4478	74,5	4478	0
4479	74,5	4479	0
4480	74,5	4480	0
4481	74,5	4481	0
4482	74,5	4482	0
4483	74,5	4483	0
4484	74,5	4484	0
4485	74,5	4485	0
4486	74,5	4486	0
4487	74,5	4487	0
4488	74,5	4488	0
4489	74,5	4489	0
4490	74,5	4490	0
4491	74,5	4491	0
4492	74,5	4492	0
4493	74,5	4493	0
4494	74,5	4494	0
4495	74,5	4495	0
4496	74,5	4496	0
4497	74,5	4497	0
4498	74,5	4498	0
4499	74,5	4499	0
4500	74,5	4500	0
4501	74,5	4501	0
4502	74,5	4502	0
4503	74,5	4503	0
4504	74,5	4504	0
4505	74,5	4505	0
4506	74,5	4506	0
4507	74,5	4507	0
4508	74,5	4508	0
4509	74,5	4509	0
4510	74,5	4510	0
4511	74,5	4511	0
