Time - Temeperatura (°C)	Temperatura (°C) & Presión (kPa) - Temeperatura (°C)	Time - Presión (kPa)	Temperatura (°C) & Presión (kPa) - Presión (kPa)
0	0	0	0
1	0	1	0
2	0	2	0
3	0	3	0
4	0	4	0
5	0	5	0
6	0	6	0
7	0	7	0
8	0	8	0
9	0	9	0
10	0	10	0
11	0	11	0
12	67	12	0
13	67	13	0
14	67	14	0
15	67	15	0
16	67	16	0
17	67	17	0
18	67	18	0
19	66,9	19	0
20	66,9	20	0
21	66,9	21	0
22	66,9	22	0
23	66,9	23	0
24	66,9	24	0
25	66,9	25	0
26	66,9	26	0
27	66,9	27	0
28	66,9	28	0
29	67	29	0
30	67	30	0
31	67	31	0
32	67	32	0
33	67	33	0
34	67	34	0
35	67	35	0
36	67,1	36	0
37	67,1	37	0
38	67,3	38	0
39	67,3	39	0
40	67,4	40	0
41	67,4	41	0
42	67,5	42	0
43	67,5	43	0
44	67,5	44	0
45	67,5	45	0
46	67,6	46	0
47	67,6	47	0
48	67,8	48	0
49	67,9	49	0
50	67,9	50	0
51	68	51	0
52	68	52	0
53	68	53	0
54	68,1	54	0
55	68,3	55	0
56	68,3	56	0
57	68,4	57	0
58	68,5	58	0
59	68,5	59	0
60	68,5	60	0
61	68,6	61	0
62	68,8	62	0
63	68,9	63	0
64	69	64	0
65	69	65	0
66	69,1	66	0
67	69,3	67	0
68	69,4	68	0
69	69,5	69	0
70	69,6	70	0
71	69,8	71	0
72	69,9	72	0
73	70	73	0
74	70	74	0
75	70,3	75	0
76	70,4	76	0
77	70,5	77	0
78	70,5	78	0
79	70,6	79	0
80	70,8	80	0
81	70,9	81	0
82	71	82	0
83	71,1	83	0
84	71,3	84	0
85	71,4	85	0
86	71,4	86	0
87	71,5	87	0
88	71,5	88	0
89	71,6	89	0
90	71,8	90	0
91	71,8	91	0
92	71,9	92	0
93	72	93	0
94	72	94	0
95	72	95	0
96	72,1	96	0
97	72,1	97	0
98	72,3	98	0
99	72,4	99	0
100	72,4	100	0
101	72,5	101	0
102	72,5	102	0
103	72,5	103	0
104	72,5	104	0
105	72,6	105	0
106	72,6	106	0
107	72,8	107	0
108	72,8	108	0
109	72,9	109	0
110	72,9	110	0
111	73	111	0
112	73	112	0
113	73	113	0
114	73	114	0
115	73	115	0
116	73,1	116	0
117	73,1	117	0
118	73,1	118	0
119	73,3	119	0
120	73,3	120	0
121	73,3	121	0
122	73,3	122	0
123	73,4	123	0
124	73,4	124	0
125	73,4	125	0
126	73,5	126	0
127	73,5	127	0
128	73,5	128	0
129	73,5	129	0
130	73,5	130	0
131	73,5	131	0
132	73,5	132	0
133	73,5	133	0
134	73,5	134	0
135	73,5	135	0
136	73,6	136	0
137	73,6	137	0
138	73,6	138	0
139	73,6	139	0
140	73,6	140	0
141	73,6	141	0
142	73,6	142	0
143	73,8	143	0
144	73,8	144	0
145	73,8	145	0
146	73,8	146	0
147	73,8	147	0
148	73,8	148	0
149	73,8	149	0
150	73,9	150	0
151	73,9	151	0
152	73,9	152	0
153	73,9	153	0
154	73,9	154	0
155	73,9	155	0
156	73,9	156	0
157	73,9	157	0
158	73,9	158	0
159	73,9	159	0
160	73,9	160	0
161	73,9	161	0
162	73,9	162	0
163	73,9	163	0
164	73,9	164	0
165	73,9	165	0
166	73,9	166	0
167	73,9	167	0
168	73,9	168	0
169	73,9	169	0
170	73,9	170	0
171	74	171	0
172	74	172	0
173	74	173	0
174	74	174	0
175	74	175	0
176	74	176	0
177	74	177	0
178	74	178	0
179	74	179	0
180	74	180	0
181	74	181	0
182	74	182	0
183	74	183	0
184	74	184	0
185	74	185	0
186	74	186	0
187	74	187	0
188	74	188	0
189	74	189	0
190	74	190	0
191	74	191	0
192	74	192	0
193	74	193	0
194	74	194	0
195	74	195	0
196	74	196	0
197	74	197	0
198	74	198	0
199	74	199	0
200	73,9	200	0
201	73,9	201	0
202	73,9	202	0
203	73,9	203	0
204	73,9	204	0
205	73,9	205	0
206	73,9	206	0
207	73,9	207	0
208	73,9	208	0
209	73,9	209	0
210	73,9	210	0
211	73,9	211	0
212	73,9	212	0
213	73,9	213	0
214	73,9	214	0
215	73,9	215	0
216	73,9	216	0
217	73,9	217	0
218	73,9	218	0
219	73,9	219	0
220	73,9	220	0
221	73,9	221	0
222	73,9	222	0
223	73,9	223	0
224	73,8	224	0
225	73,8	225	0
226	73,8	226	0
227	73,8	227	0
228	73,8	228	0
229	73,8	229	0
230	73,8	230	0
231	73,8	231	0
232	73,8	232	0
233	73,8	233	0
234	73,8	234	0
235	73,8	235	0
236	73,8	236	0
237	73,8	237	0
238	73,8	238	0
239	73,8	239	0
240	73,8	240	0
241	73,8	241	0
242	73,8	242	0
243	73,8	243	0
244	73,8	244	0
245	73,8	245	0
246	73,8	246	0
247	73,8	247	0
248	73,8	248	0
249	73,8	249	0
250	73,8	250	0
251	73,8	251	0
252	73,8	252	0
253	73,8	253	0
254	73,8	254	0
255	73,8	255	0
256	73,8	256	0
257	73,8	257	0
258	73,8	258	0
259	73,8	259	0
260	73,8	260	0
261	73,8	261	0
262	73,8	262	0
263	73,8	263	0
264	73,8	264	0
265	73,8	265	0
266	73,8	266	0
267	73,8	267	0
268	73,8	268	0
269	73,8	269	0
270	73,8	270	0
271	73,8	271	0
272	73,8	272	0
273	73,8	273	0
274	73,8	274	0
275	73,8	275	0
276	73,8	276	0
277	73,8	277	0
278	73,8	278	0
279	73,8	279	0
280	73,6	280	0
281	73,6	281	0
282	73,6	282	0
283	73,6	283	0
284	73,6	284	0
285	73,6	285	0
286	73,6	286	0
287	73,6	287	0
288	73,6	288	0
289	73,6	289	0
290	73,6	290	0
291	73,6	291	0
292	73,6	292	0
293	73,6	293	0
294	73,6	294	0
295	73,6	295	0
296	73,6	296	0
297	73,6	297	0
298	73,6	298	0
299	73,6	299	0
300	73,5	300	0
301	73,5	301	0
302	73,5	302	0
303	73,5	303	0
304	73,5	304	0
305	73,5	305	0
306	73,5	306	0
307	73,5	307	0
308	73,5	308	0
309	73,5	309	0
310	73,5	310	0
311	73,5	311	0
312	73,5	312	0
313	73,5	313	0
314	73,5	314	0
315	73,5	315	0
316	73,5	316	0
317	73,5	317	0
318	73,5	318	0
319	73,5	319	0
320	73,5	320	0
321	73,5	321	0
322	73,5	322	0
323	73,5	323	0
324	73,5	324	0
325	73,5	325	0
326	73,5	326	0
327	73,5	327	0
328	73,4	328	0
329	73,4	329	0
330	73,4	330	0
331	73,4	331	0
332	73,4	332	0
333	73,4	333	0
334	73,4	334	0
335	73,4	335	0
336	73,4	336	0
337	73,4	337	0
338	73,4	338	0
339	73,4	339	0
340	73,4	340	0
341	73,4	341	0
342	73,4	342	0
343	73,4	343	0
344	73,3	344	0
345	73,3	345	0
346	73,3	346	0
347	73,3	347	0
348	73,3	348	0
349	73,3	349	0
350	73,3	350	0
351	73,3	351	0
352	73,3	352	0
353	73,3	353	0
354	73,3	354	0
355	73,1	355	0
356	73,1	356	0
357	73,1	357	0
358	73,1	358	0
359	73,1	359	0
360	73,1	360	0
361	73,1	361	0
362	73,1	362	0
363	73,1	363	0
364	73,1	364	0
365	73,1	365	0
366	73,1	366	0
367	73,1	367	0
368	73,1	368	0
369	73,1	369	0
370	73,1	370	0
371	73	371	0
372	73	372	0
373	73	373	0
374	73	374	0
375	73	375	0
376	73	376	0
377	73	377	0
378	73	378	0
379	73	379	0
380	73	380	0
381	73	381	0
382	73	382	0
383	73	383	0
384	73	384	0
385	73	385	0
386	73	386	0
387	73	387	0
388	73	388	0
389	73	389	0
390	73	390	0
391	73	391	0
392	73	392	0
393	73	393	0
394	73	394	0
395	73	395	0
396	72,9	396	0
397	72,9	397	0
398	72,9	398	0
399	72,9	399	0
400	72,9	400	0
401	72,9	401	0
402	72,9	402	0
403	72,9	403	0
404	72,9	404	0
405	72,9	405	0
406	72,8	406	0
407	72,8	407	0
408	72,8	408	0
409	72,8	409	0
410	72,8	410	0
411	72,8	411	0
412	72,8	412	0
413	72,8	413	0
414	72,8	414	0
415	72,8	415	0
416	72,8	416	0
417	72,8	417	0
418	72,8	418	0
419	72,8	419	0
420	72,8	420	0
421	72,8	421	0
422	72,6	422	0
423	72,6	423	0
424	72,6	424	0
425	72,6	425	0
426	72,6	426	0
427	72,6	427	0
428	72,6	428	0
429	72,6	429	0
430	72,6	430	0
431	72,6	431	0
432	72,5	432	0
433	72,5	433	0
434	72,5	434	0
435	72,5	435	0
436	72,5	436	0
437	72,5	437	0
438	72,5	438	0
439	72,5	439	0
440	72,5	440	0
441	72,5	441	0
442	72,5	442	0
443	72,5	443	0
444	72,5	444	0
445	72,5	445	0
446	72,5	446	0
447	72,5	447	0
448	72,5	448	0
449	72,5	449	0
450	72,5	450	0
451	72,5	451	0
452	72,5	452	0
453	72,5	453	0
454	72,5	454	0
455	72,5	455	0
456	72,4	456	0
457	72,4	457	0
458	72,4	458	0
459	72,4	459	0
460	72,4	460	0
461	72,4	461	0
462	72,4	462	0
463	72,4	463	0
464	72,4	464	0
465	72,4	465	0
466	72,4	466	0
467	72,3	467	0
468	72,3	468	0
469	72,3	469	0
470	72,3	470	0
471	72,3	471	0
472	72,3	472	0
473	72,3	473	0
474	72,3	474	0
475	72,3	475	0
476	72,3	476	0
477	72,3	477	0
478	72,3	478	0
479	72,3	479	0
480	72,3	480	0
481	72,3	481	0
482	72,3	482	0
483	72,1	483	0
484	72,1	484	0
485	72,1	485	0
486	72,1	486	0
487	72,1	487	0
488	72,1	488	0
489	72,1	489	0
490	72,1	490	0
491	72,1	491	0
492	72,1	492	0
493	72,1	493	0
494	72,1	494	0
495	72,1	495	0
496	72,1	496	0
497	72	497	0
498	72	498	0
499	72	499	0
500	72	500	0
501	72	501	0
502	72	502	0
503	72	503	0
504	72	504	0
505	72	505	0
506	72	506	0
507	72	507	0
508	72	508	0
509	72	509	0
510	72	510	0
511	72	511	0
512	72	512	0
513	72	513	0
514	72	514	0
515	72	515	0
516	72	516	0
517	72	517	0
518	72	518	0
519	71,9	519	0
520	71,9	520	0
521	71,9	521	0
522	71,9	522	0
523	71,9	523	0
524	71,9	524	0
525	71,9	525	0
526	71,9	526	0
527	71,9	527	0
528	71,8	528	0
529	71,8	529	0
530	71,8	530	0
531	71,8	531	0
532	71,8	532	0
533	71,8	533	0
534	71,8	534	0
535	71,8	535	0
536	71,6	536	0
537	71,6	537	0
538	71,6	538	0
539	71,6	539	0
540	71,6	540	0
541	71,6	541	0
542	71,6	542	0
543	71,6	543	0
544	71,5	544	0
545	71,5	545	0
546	71,5	546	0
547	71,5	547	0
548	71,5	548	0
549	71,5	549	0
550	71,4	550	0
551	71,4	551	0
552	71,4	552	0
553	71,3	553	0
554	71,3	554	0
555	71,1	555	0
556	71,1	556	0
557	71	557	0
558	71	558	0
559	71	559	0
560	71	560	0
561	70,9	561	0
562	70,9	562	0
563	70,8	563	0
564	70,8	564	0
565	70,6	565	0
566	70,6	566	0
567	70,5	567	0
568	70,5	568	0
569	70,5	569	0
570	70,5	570	0
571	70,4	571	0
572	70,4	572	0
573	70,3	573	0
574	70,3	574	0
575	70,1	575	0
576	70,1	576	0
577	70,1	577	0
578	70	578	0
579	70	579	0
580	70	580	0
581	70	581	0
582	70	582	0
583	69,9	583	0
584	69,9	584	0
585	69,9	585	0
586	69,9	586	0
587	69,8	587	0
588	69,8	588	0
589	69,8	589	0
590	69,8	590	0
591	69,6	591	0
592	69,6	592	0
593	69,6	593	0
594	69,6	594	0
595	69,6	595	0
596	69,6	596	0
597	69,5	597	0
598	69,5	598	0
599	69,5	599	0
600	69,5	600	0
601	69,5	601	0
602	69,5	602	0
603	69,5	603	0
604	69,5	604	0
605	69,5	605	0
606	69,5	606	0
607	69,5	607	0
608	69,5	608	0
609	69,5	609	0
610	69,5	610	0
611	69,5	611	0
612	69,5	612	0
613	69,5	613	0
614	69,5	614	0
615	69,5	615	0
616	69,5	616	0
617	69,5	617	0
618	69,5	618	0
619	69,5	619	0
620	69,5	620	0
621	69,5	621	0
622	69,5	622	0
623	69,5	623	0
624	69,5	624	0
625	69,5	625	0
626	69,5	626	0
627	69,5	627	0
628	69,5	628	0
629	69,5	629	0
630	69,5	630	0
631	69,5	631	0
632	69,5	632	0
633	69,5	633	0
634	69,5	634	0
635	69,5	635	0
636	69,5	636	0
637	69,5	637	0
638	69,5	638	0
639	69,5	639	0
640	69,5	640	0
641	69,5	641	0
642	69,5	642	0
643	69,5	643	0
644	69,5	644	0
645	69,5	645	0
646	69,5	646	0
647	69,5	647	0
648	69,5	648	0
649	69,5	649	0
650	69,5	650	0
651	69,5	651	0
652	69,5	652	0
653	69,5	653	0
654	69,5	654	0
655	69,5	655	0
656	69,6	656	0
657	69,6	657	0
658	69,6	658	0
659	69,6	659	0
660	69,8	660	0
661	69,8	661	0
662	69,8	662	0
663	69,8	663	0
664	69,9	664	0
665	69,9	665	0
666	70	666	0
667	70	667	0
668	70	668	0
669	70	669	0
670	70	670	0
671	70,1	671	0
672	70,1	672	0
673	70,3	673	0
674	70,3	674	0
675	70,4	675	0
676	70,4	676	0
677	70,5	677	0
678	70,5	678	0
679	70,5	679	0
680	70,6	680	0
681	70,6	681	0
682	70,8	682	0
683	70,8	683	0
684	70,9	684	0
685	71	685	0
686	71	686	0
687	71	687	0
688	71,1	688	0
689	71,1	689	0
690	71,3	690	0
691	71,3	691	0
692	71,4	692	0
693	71,5	693	0
694	71,5	694	0
695	71,5	695	0
696	71,6	696	0
697	71,6	697	0
698	71,8	698	0
699	71,9	699	0
700	71,9	700	0
701	72	701	0
702	72	702	0
703	72	703	0
704	72,1	704	0
705	72,3	705	0
706	72,4	706	0
707	72,4	707	0
708	72,5	708	0
709	72,5	709	0
710	72,6	710	0
711	72,6	711	0
712	72,8	712	0
713	72,8	713	0
714	72,9	714	0
715	72,9	715	0
716	73	716	0
717	73	717	0
718	73	718	0
719	73,1	719	0
720	73,1	720	0
721	73,1	721	0
722	73,3	722	0
723	73,3	723	0
724	73,4	724	0
725	73,4	725	0
726	73,4	726	0
727	73,5	727	0
728	73,5	728	0
729	73,5	729	0
730	73,5	730	0
731	73,6	731	0
732	73,6	732	0
733	73,8	733	0
734	73,9	734	0
735	74	735	0
736	74	736	0
737	74	737	0
738	74,1	738	0
739	74,3	739	0
740	74,4	740	0
741	74,5	741	0
742	74,5	742	0
743	74,6	743	0
744	74,6	744	0
745	74,8	745	0
746	74,9	746	0
747	75	747	0
748	75	748	0
749	75,1	749	0
750	75,3	750	0
751	75,4	751	0
752	75,5	752	0
753	75,5	753	0
754	75,5	754	0
755	75,6	755	0
756	75,8	756	0
757	75,9	757	0
758	76	758	0
759	76	759	0
760	76,1	760	0
761	76,3	761	0
762	76,4	762	0
763	76,5	763	0
764	76,5	764	0
765	76,5	765	0
766	76,8	766	0
767	76,8	767	0
768	76,9	768	0
769	77	769	0
770	77	770	0
771	77,1	771	0
772	77,3	772	0
773	77,4	773	0
774	77,5	774	0
775	77,5	775	0
776	77,6	776	0
777	77,8	777	0
778	77,9	778	0
779	78	779	0
780	78	780	0
781	78,1	781	0
782	78,1	782	0
783	78,3	783	0
784	78,4	784	0
785	78,5	785	0
786	78,5	786	0
787	78,5	787	0
788	78,6	788	0
789	78,6	789	0
790	78,8	790	0
791	78,8	791	0
792	78,9	792	0
793	79	793	0
794	79	794	0
795	79	795	0
796	79,1	796	0
797	79,1	797	0
798	79,3	798	0
799	79,3	799	0
800	79,4	800	0
801	79,4	801	0
802	79,5	802	1
803	79,5	803	1
804	79,5	804	1
805	79,6	805	1
806	79,6	806	1
807	79,8	807	1
808	79,9	808	0
809	79,9	809	1
810	80	810	1
811	80	811	0
812	80	812	1
813	80,1	813	1
814	80,3	814	1
815	80,4	815	1
816	80,4	816	1
817	80,5	817	1
818	80,5	818	2
819	80,5	819	1
820	80,6	820	1
821	80,6	821	1
822	80,8	822	1
823	80,8	823	0
824	80,9	824	1
825	81	825	1
826	81	826	1
827	81	827	1
828	81	828	1
829	81	829	1
830	81,1	830	1
831	81,1	831	2
832	81,1	832	2
833	81,3	833	2
834	81,3	834	2
835	81,4	835	2
836	81,4	836	2
837	81,5	837	2
838	81,5	838	2
839	81,5	839	2
840	81,5	840	2
841	81,6	841	2
842	81,6	842	2
843	81,8	843	2
844	81,8	844	2
845	81,9	845	2
846	81,9	846	2
847	82	847	2
848	82	848	2
849	82	849	2
850	82	850	3
851	82,1	851	2
852	82,1	852	3
853	82,3	853	3
854	82,4	854	2
855	82,4	855	2
856	82,5	856	3
857	82,5	857	3
858	82,5	858	4
859	82,6	859	3
860	82,6	860	3
861	82,8	861	3
862	82,9	862	3
863	82,9	863	3
864	83	864	3
865	83	865	4
866	83	866	4
867	83,1	867	3
868	83,1	868	4
869	83,3	869	4
870	83,3	870	4
871	83,4	871	3
872	83,4	872	4
873	83,5	873	3
874	83,5	874	3
875	83,5	875	4
876	83,5	876	4
877	83,5	877	4
878	83,6	878	4
879	83,6	879	4
880	83,6	880	5
881	83,8	881	5
882	83,8	882	4
883	83,8	883	4
884	83,9	884	5
885	83,9	885	5
886	83,9	886	4
887	84	887	5
888	84	888	5
889	84	889	5
890	84	890	4
891	84	891	4
892	84	892	5
893	84,1	893	5
894	84,1	894	5
895	84,3	895	5
896	84,3	896	5
897	84,3	897	4
898	84,4	898	5
899	84,4	899	5
900	84,5	900	5
901	84,5	901	4
902	84,5	902	4
903	84,5	903	5
904	84,6	904	5
905	84,6	905	5
906	84,8	906	5
907	84,8	907	6
908	84,9	908	7
909	84,9	909	6
910	85	910	6
911	85	911	6
912	85	912	6
913	85	913	6
914	85	914	6
915	85,1	915	7
916	85,1	916	6
917	85,3	917	5
918	85,3	918	5
919	85,3	919	5
920	85,4	920	7
921	85,4	921	7
922	85,4	922	6
923	85,5	923	6
924	85,5	924	6
925	85,5	925	6
926	85,5	926	7
927	85,5	927	7
928	85,5	928	7
929	85,5	929	7
930	85,5	930	6
931	85,6	931	6
932	85,6	932	7
933	85,6	933	7
934	85,8	934	7
935	85,8	935	7
936	85,8	936	6
937	85,8	937	7
938	85,9	938	7
939	85,9	939	7
940	85,9	940	7
941	86	941	8
942	86	942	8
943	86	943	8
944	86	944	7
945	86	945	7
946	86,1	946	8
947	86,1	947	8
948	86,1	948	8
949	86,3	949	8
950	86,3	950	7
951	86,4	951	7
952	86,4	952	8
953	86,4	953	8
954	86,5	954	8
955	86,5	955	7
956	86,5	956	8
957	86,5	957	8
958	86,5	958	8
959	86,5	959	8
960	86,5	960	9
961	86,6	961	9
962	86,6	962	8
963	86,6	963	8
964	86,8	964	9
965	86,8	965	9
966	86,9	966	9
967	86,9	967	9
968	87	968	9
969	87	969	8
970	87	970	8
971	87	971	9
972	87	972	9
973	87,1	973	9
974	87,1	974	9
975	87,3	975	9
976	87,3	976	9
977	87,4	977	9
978	87,4	978	10
979	87,5	979	10
980	87,5	980	10
981	87,5	981	9
982	87,5	982	9
983	87,5	983	9
984	87,6	984	9
985	87,6	985	10
986	87,8	986	10
987	87,8	987	10
988	87,9	988	10
989	87,9	989	11
990	88	990	11
991	88	991	11
992	88	992	11
993	88	993	11
994	88	994	10
995	88	995	11
996	88,1	996	10
997	88,1	997	10
998	88,1	998	11
999	88,3	999	11
1000	88,3	1000	11
1001	88,3	1001	11
1002	88,4	1002	12
1003	88,4	1003	12
1004	88,5	1004	12
1005	88,5	1005	12
1006	88,5	1006	12
1007	88,5	1007	12
1008	88,5	1008	11
1009	88,5	1009	11
1010	88,5	1010	12
1011	88,5	1011	12
1012	88,6	1012	12
1013	88,6	1013	12
1014	88,6	1014	13
1015	88,6	1015	13
1016	88,8	1016	12
1017	88,8	1017	12
1018	88,9	1018	12
1019	88,9	1019	13
1020	88,9	1020	13
1021	89	1021	13
1022	89	1022	13
1023	89	1023	13
1024	89	1024	13
1025	89,1	1025	13
1026	89,1	1026	13
1027	89,1	1027	13
1028	89,3	1028	13
1029	89,3	1029	14
1030	89,4	1030	14
1031	89,4	1031	13
1032	89,5	1032	13
1033	89,5	1033	12
1034	89,5	1034	14
1035	89,5	1035	14
1036	89,5	1036	14
1037	89,6	1037	14
1038	89,6	1038	14
1039	89,8	1039	14
1040	89,8	1040	14
1041	89,8	1041	14
1042	89,9	1042	14
1043	89,9	1043	14
1044	89,9	1044	14
1045	90	1045	14
1046	90	1046	14
1047	90	1047	14
1048	90	1048	15
1049	90	1049	14
1050	90	1050	15
1051	90	1051	15
1052	90,1	1052	14
1053	90,1	1053	15
1054	90,1	1054	15
1055	90,3	1055	15
1056	90,3	1056	15
1057	90,3	1057	14
1058	90,4	1058	14
1059	90,4	1059	15
1060	90,5	1060	15
1061	90,5	1061	16
1062	90,5	1062	16
1063	90,6	1063	16
1064	90,6	1064	17
1065	90,8	1065	15
1066	90,8	1066	16
1067	90,9	1067	16
1068	90,9	1068	16
1069	91	1069	16
1070	91	1070	16
1071	91	1071	17
1072	91	1072	16
1073	91	1073	17
1074	91,1	1074	18
1075	91,1	1075	18
1076	91,3	1076	17
1077	91,3	1077	16
1078	91,3	1078	17
1079	91,4	1079	17
1080	91,4	1080	17
1081	91,4	1081	17
1082	91,5	1082	17
1083	91,5	1083	17
1084	91,5	1084	17
1085	91,5	1085	17
1086	91,6	1086	17
1087	91,6	1087	18
1088	91,8	1088	19
1089	91,9	1089	18
1090	91,9	1090	18
1091	92	1091	18
1092	92	1092	18
1093	92	1093	18
1094	92	1094	18
1095	92,1	1095	17
1096	92,1	1096	18
1097	92,3	1097	18
1098	92,3	1098	19
1099	92,4	1099	18
1100	92,4	1100	18
1101	92,4	1101	19
1102	92,5	1102	19
1103	92,5	1103	19
1104	92,5	1104	19
1105	92,5	1105	19
1106	92,5	1106	19
1107	92,6	1107	19
1108	92,6	1108	20
1109	92,6	1109	20
1110	92,8	1110	20
1111	92,8	1111	19
1112	92,8	1112	19
1113	92,8	1113	20
1114	92,9	1114	20
1115	92,9	1115	19
1116	92,9	1116	20
1117	93	1117	20
1118	93	1118	20
1119	93	1119	21
1120	93	1120	21
1121	93	1121	20
1122	93,1	1122	21
1123	93,1	1123	21
1124	93,3	1124	20
1125	93,3	1125	20
1126	93,4	1126	20
1127	93,4	1127	21
1128	93,5	1128	21
1129	93,5	1129	22
1130	93,5	1130	22
1131	93,5	1131	21
1132	93,6	1132	21
1133	93,6	1133	22
1134	93,8	1134	22
1135	93,8	1135	21
1136	93,8	1136	21
1137	93,9	1137	22
1138	93,9	1138	23
1139	93,9	1139	23
1140	93,9	1140	22
1141	94	1141	22
1142	94	1142	22
1143	94	1143	22
1144	94	1144	24
1145	94	1145	23
1146	94	1146	23
1147	94	1147	23
1148	94	1148	24
1149	94,1	1149	24
1150	94,1	1150	24
1151	94,1	1151	24
1152	94,3	1152	23
1153	94,3	1153	23
1154	94,4	1154	24
1155	94,4	1155	24
1156	94,5	1156	24
1157	94,5	1157	24
1158	94,5	1158	24
1159	94,6	1159	24
1160	94,6	1160	25
1161	94,8	1161	25
1162	94,8	1162	25
1163	94,9	1163	25
1164	94,9	1164	24
1165	95	1165	25
1166	95	1166	25
1167	95	1167	25
1168	95	1168	25
1169	95	1169	25
1170	95	1170	26
1171	95,1	1171	26
1172	95,1	1172	25
1173	95,1	1173	25
1174	95,3	1174	25
1175	95,3	1175	26
1176	95,4	1176	27
1177	95,4	1177	26
1178	95,5	1178	26
1179	95,5	1179	27
1180	95,5	1180	27
1181	95,6	1181	26
1182	95,6	1182	26
1183	95,8	1183	26
1184	95,8	1184	28
1185	95,9	1185	27
1186	95,9	1186	27
1187	95,9	1187	27
1188	96	1188	27
1189	96	1189	27
1190	96	1190	27
1191	96,1	1191	28
1192	96,1	1192	28
1193	96,1	1193	28
1194	96,3	1194	28
1195	96,3	1195	28
1196	96,4	1196	28
1197	96,4	1197	28
1198	96,4	1198	28
1199	96,5	1199	28
1200	96,5	1200	28
1201	96,5	1201	29
1202	96,5	1202	29
1203	96,6	1203	29
1204	96,6	1204	29
1205	96,6	1205	28
1206	96,8	1206	29
1207	96,8	1207	30
1208	96,9	1208	29
1209	96,9	1209	29
1210	96,9	1210	30
1211	97	1211	30
1212	97	1212	30
1213	97	1213	30
1214	97	1214	30
1215	97	1215	30
1216	97,1	1216	30
1217	97,1	1217	30
1218	97,3	1218	31
1219	97,3	1219	31
1220	97,3	1220	31
1221	97,4	1221	31
1222	97,4	1222	31
1223	97,5	1223	31
1224	97,5	1224	31
1225	97,5	1225	31
1226	97,6	1226	31
1227	97,6	1227	31
1228	97,8	1228	32
1229	97,8	1229	32
1230	97,9	1230	31
1231	97,9	1231	32
1232	98	1232	32
1233	98	1233	32
1234	98	1234	33
1235	98,1	1235	32
1236	98,1	1236	32
1237	98,1	1237	32
1238	98,3	1238	32
1239	98,3	1239	32
1240	98,4	1240	32
1241	98,4	1241	32
1242	98,5	1242	33
1243	98,5	1243	32
1244	98,5	1244	32
1245	98,5	1245	33
1246	98,5	1246	34
1247	98,6	1247	34
1248	98,6	1248	33
1249	98,6	1249	33
1250	98,8	1250	34
1251	98,8	1251	34
1252	98,8	1252	34
1253	98,9	1253	34
1254	98,9	1254	34
1255	98,9	1255	34
1256	99	1256	34
1257	99	1257	35
1258	99	1258	34
1259	99	1259	35
1260	99,1	1260	36
1261	99,1	1261	35
1262	99,1	1262	35
1263	99,3	1263	35
1264	99,3	1264	36
1265	99,4	1265	36
1266	99,4	1266	36
1267	99,5	1267	36
1268	99,5	1268	36
1269	99,5	1269	35
1270	99,5	1270	36
1271	99,6	1271	37
1272	99,6	1272	38
1273	99,6	1273	37
1274	99,8	1274	36
1275	99,8	1275	36
1276	99,9	1276	37
1277	99,9	1277	37
1278	100	1278	38
1279	100	1279	37
1280	100	1280	38
1281	100	1281	38
1282	100,1	1282	38
1283	100,1	1283	37
1284	100,3	1284	37
1285	100,3	1285	38
1286	100,4	1286	39
1287	100,4	1287	39
1288	100,4	1288	39
1289	100,5	1289	38
1290	100,5	1290	38
1291	100,5	1291	39
1292	100,5	1292	39
1293	100,6	1293	39
1294	100,6	1294	38
1295	100,8	1295	38
1296	100,8	1296	38
1297	100,8	1297	39
1298	100,9	1298	39
1299	100,9	1299	39
1300	100,9	1300	40
1301	101	1301	40
1302	101	1302	40
1303	101	1303	40
1304	101	1304	40
1305	101	1305	41
1306	101,1	1306	40
1307	101,1	1307	41
1308	101,3	1308	40
1309	101,3	1309	40
1310	101,3	1310	41
1311	101,4	1311	42
1312	101,4	1312	42
1313	101,4	1313	41
1314	101,5	1314	41
1315	101,5	1315	42
1316	101,5	1316	42
1317	101,5	1317	42
1318	101,6	1318	42
1319	101,6	1319	42
1320	101,6	1320	42
1321	101,8	1321	42
1322	101,8	1322	43
1323	101,8	1323	43
1324	101,8	1324	43
1325	101,9	1325	43
1326	101,9	1326	43
1327	101,9	1327	43
1328	101,9	1328	43
1329	101,9	1329	43
1330	102	1330	43
1331	102	1331	44
1332	102	1332	43
1333	102	1333	44
1334	102,1	1334	44
1335	102,1	1335	45
1336	102,1	1336	46
1337	102,3	1337	45
1338	102,3	1338	45
1339	102,4	1339	45
1340	102,4	1340	46
1341	102,5	1341	45
1342	102,5	1342	46
1343	102,5	1343	46
1344	102,6	1344	46
1345	102,6	1345	46
1346	102,8	1346	46
1347	102,8	1347	46
1348	102,9	1348	46
1349	102,9	1349	47
1350	103	1350	47
1351	103	1351	47
1352	103	1352	46
1353	103	1353	47
1354	103,1	1354	48
1355	103,1	1355	47
1356	103,3	1356	47
1357	103,3	1357	47
1358	103,3	1358	46
1359	103,4	1359	46
1360	103,5	1360	48
1361	103,5	1361	49
1362	103,5	1362	49
1363	103,5	1363	48
1364	103,5	1364	48
1365	103,6	1365	47
1366	103,6	1366	48
1367	103,6	1367	48
1368	103,8	1368	48
1369	103,8	1369	48
1370	103,8	1370	49
1371	103,9	1371	49
1372	103,9	1372	49
1373	103,9	1373	49
1374	104	1374	49
1375	104	1375	49
1376	104	1376	50
1377	104	1377	50
1378	104	1378	49
1379	104,1	1379	50
1380	104,1	1380	50
1381	104,3	1381	50
1382	104,3	1382	51
1383	104,4	1383	51
1384	104,4	1384	51
1385	104,5	1385	50
1386	104,5	1386	51
1387	104,5	1387	51
1388	104,5	1388	51
1389	104,6	1389	52
1390	104,6	1390	52
1391	104,8	1391	52
1392	104,8	1392	52
1393	104,8	1393	52
1394	104,9	1394	52
1395	104,9	1395	52
1396	104,9	1396	52
1397	104,9	1397	53
1398	105	1398	52
1399	105	1399	53
1400	105	1400	53
1401	105	1401	53
1402	105	1402	53
1403	105,1	1403	53
1404	105,1	1404	54
1405	105,3	1405	53
1406	105,3	1406	53
1407	105,4	1407	54
1408	105,4	1408	54
1409	105,5	1409	53
1410	105,5	1410	54
1411	105,5	1411	55
1412	105,5	1412	55
1413	105,6	1413	55
1414	105,6	1414	54
1415	105,8	1415	55
1416	105,8	1416	55
1417	105,8	1417	55
1418	105,9	1418	56
1419	105,9	1419	57
1420	106	1420	56
1421	106	1421	56
1422	106	1422	56
1423	106	1423	56
1424	106	1424	56
1425	106,1	1425	56
1426	106,1	1426	56
1427	106,3	1427	57
1428	106,3	1428	57
1429	106,3	1429	57
1430	106,4	1430	57
1431	106,4	1431	58
1432	106,5	1432	58
1433	106,5	1433	58
1434	106,5	1434	58
1435	106,5	1435	58
1436	106,5	1436	58
1437	106,5	1437	58
1438	106,6	1438	58
1439	106,6	1439	58
1440	106,6	1440	58
1441	106,6	1441	59
1442	106,8	1442	59
1443	106,8	1443	60
1444	106,9	1444	59
1445	106,9	1445	59
1446	106,9	1446	60
1447	107	1447	61
1448	107	1448	61
1449	107	1449	61
1450	107,1	1450	60
1451	107,1	1451	60
1452	107,3	1452	61
1453	107,3	1453	60
1454	107,4	1454	60
1455	107,4	1455	61
1456	107,5	1456	61
1457	107,5	1457	61
1458	107,5	1458	61
1459	107,5	1459	62
1460	107,5	1460	61
1461	107,5	1461	61
1462	107,6	1462	62
1463	107,6	1463	62
1464	107,6	1464	62
1465	107,8	1465	63
1466	107,8	1466	63
1467	107,8	1467	63
1468	107,9	1468	63
1469	107,9	1469	63
1470	108	1470	63
1471	108	1471	64
1472	108	1472	65
1473	108	1473	64
1474	108	1474	64
1475	108,1	1475	64
1476	108,1	1476	63
1477	108,3	1477	64
1478	108,4	1478	65
1479	108,4	1479	65
1480	108,5	1480	65
1481	108,5	1481	65
1482	108,5	1482	65
1483	108,5	1483	66
1484	108,6	1484	66
1485	108,6	1485	66
1486	108,8	1486	67
1487	108,8	1487	66
1488	108,9	1488	66
1489	108,9	1489	65
1490	109	1490	66
1491	109	1491	67
1492	109	1492	67
1493	109	1493	67
1494	109	1494	66
1495	109,1	1495	67
1496	109,1	1496	68
1497	109,1	1497	68
1498	109,3	1498	68
1499	109,3	1499	67
1500	109,4	1500	67
1501	109,4	1501	69
1502	109,5	1502	69
1503	109,5	1503	68
1504	109,5	1504	68
1505	109,5	1505	69
1506	109,5	1506	68
1507	109,6	1507	68
1508	109,6	1508	69
1509	109,8	1509	69
1510	109,8	1510	69
1511	109,9	1511	69
1512	109,9	1512	70
1513	110	1513	70
1514	110	1514	71
1515	110	1515	71
1516	110,1	1516	71
1517	110,1	1517	71
1518	110,3	1518	71
1519	110,3	1519	71
1520	110,4	1520	71
1521	110,4	1521	72
1522	110,4	1522	72
1523	110,5	1523	72
1524	110,5	1524	73
1525	110,5	1525	73
1526	110,5	1526	73
1527	110,5	1527	72
1528	110,6	1528	73
1529	110,6	1529	73
1530	110,8	1530	73
1531	110,8	1531	73
1532	110,8	1532	72
1533	110,9	1533	73
1534	110,9	1534	73
1535	111	1535	73
1536	111	1536	74
1537	111	1537	74
1538	111	1538	75
1539	111,1	1539	75
1540	111,1	1540	75
1541	111,3	1541	75
1542	111,3	1542	74
1543	111,4	1543	75
1544	111,4	1544	74
1545	111,4	1545	74
1546	111,5	1546	75
1547	111,5	1547	76
1548	111,5	1548	76
1549	111,5	1549	76
1550	111,5	1550	76
1551	111,5	1551	76
1552	111,6	1552	76
1553	111,6	1553	77
1554	111,6	1554	77
1555	111,8	1555	77
1556	111,8	1556	77
1557	111,8	1557	77
1558	111,9	1558	77
1559	111,9	1559	78
1560	111,9	1560	78
1561	112	1561	78
1562	112	1562	79
1563	112	1563	79
1564	112	1564	79
1565	112	1565	79
1566	112	1566	78
1567	112,1	1567	79
1568	112,1	1568	80
1569	112,1	1569	80
1570	112,3	1570	80
1571	112,3	1571	80
1572	112,4	1572	80
1573	112,4	1573	80
1574	112,5	1574	80
1575	112,5	1575	81
1576	112,5	1576	80
1577	112,5	1577	81
1578	112,6	1578	81
1579	112,6	1579	81
1580	112,8	1580	81
1581	112,8	1581	81
1582	112,9	1582	82
1583	113	1583	82
1584	113	1584	83
1585	113	1585	82
1586	113	1586	82
1587	113	1587	82
1588	113,1	1588	82
1589	113,1	1589	83
1590	113,1	1590	83
1591	113,1	1591	83
1592	113,1	1592	83
1593	113,3	1593	83
1594	113,3	1594	83
1595	113,3	1595	84
1596	113,3	1596	84
1597	113,4	1597	84
1598	113,4	1598	84
1599	113,4	1599	84
1600	113,4	1600	84
1601	113,4	1601	84
1602	113,5	1602	84
1603	113,5	1603	84
1604	113,5	1604	85
1605	113,5	1605	86
1606	113,5	1606	85
1607	113,5	1607	85
1608	113,6	1608	85
1609	113,8	1609	85
1610	113,8	1610	86
1611	113,8	1611	85
1612	113,9	1612	85
1613	113,9	1613	86
1614	113,9	1614	86
1615	114	1615	86
1616	114	1616	86
1617	114	1617	86
1618	114	1618	85
1619	114	1619	86
1620	114,1	1620	86
1621	114,1	1621	87
1622	114,1	1622	87
1623	114,3	1623	87
1624	114,3	1624	87
1625	114,4	1625	88
1626	114,4	1626	87
1627	114,4	1627	87
1628	114,4	1628	86
1629	114,5	1629	86
1630	114,5	1630	87
1631	114,5	1631	88
1632	114,5	1632	87
1633	114,5	1633	87
1634	114,6	1634	87
1635	114,6	1635	88
1636	114,6	1636	88
1637	114,6	1637	88
1638	114,8	1638	88
1639	114,8	1639	88
1640	114,8	1640	88
1641	114,8	1641	88
1642	114,8	1642	88
1643	114,8	1643	89
1644	114,9	1644	90
1645	114,9	1645	89
1646	114,9	1646	89
1647	114,9	1647	89
1648	114,9	1648	89
1649	114,9	1649	89
1650	115	1650	89
1651	115	1651	89
1652	115	1652	89
1653	115	1653	89
1654	115	1654	89
1655	115	1655	90
1656	115	1656	90
1657	115	1657	90
1658	115	1658	89
1659	115	1659	89
1660	115	1660	89
1661	115	1661	90
1662	115	1662	91
1663	115,1	1663	91
1664	115,1	1664	91
1665	115,1	1665	91
1666	115,3	1666	91
1667	115,3	1667	91
1668	115,3	1668	90
1669	115,3	1669	91
1670	115,4	1670	91
1671	115,4	1671	91
1672	115,4	1672	91
1673	115,5	1673	91
1674	115,5	1674	92
1675	115,5	1675	92
1676	115,5	1676	91
1677	115,5	1677	91
1678	115,6	1678	92
1679	115,6	1679	91
1680	115,6	1680	91
1681	115,6	1681	92
1682	115,8	1682	93
1683	115,8	1683	93
1684	115,8	1684	93
1685	115,8	1685	93
1686	115,8	1686	92
1687	115,9	1687	91
1688	115,9	1688	92
1689	115,9	1689	92
1690	115,9	1690	92
1691	115,9	1691	92
1692	115,9	1692	93
1693	115,9	1693	94
1694	115,9	1694	94
1695	115,9	1695	93
1696	115,9	1696	93
1697	116	1697	93
1698	116	1698	93
1699	116	1699	93
1700	116	1700	93
1701	116	1701	93
1702	116	1702	93
1703	116	1703	93
1704	116	1704	94
1705	116	1705	94
1706	116	1706	93
1707	116	1707	93
1708	116	1708	93
1709	116	1709	93
1710	116,1	1710	94
1711	116,1	1711	93
1712	116,1	1712	94
1713	116,1	1713	95
1714	116,3	1714	94
1715	116,3	1715	94
1716	116,3	1716	94
1717	116,4	1717	93
1718	116,4	1718	94
1719	116,4	1719	94
1720	116,4	1720	94
1721	116,5	1721	95
1722	116,5	1722	95
1723	116,5	1723	95
1724	116,5	1724	95
1725	116,5	1725	95
1726	116,5	1726	95
1727	116,5	1727	95
1728	116,6	1728	95
1729	116,6	1729	95
1730	116,6	1730	94
1731	116,6	1731	94
1732	116,6	1732	95
1733	116,6	1733	96
1734	116,6	1734	97
1735	116,8	1735	96
1736	116,8	1736	96
1737	116,8	1737	95
1738	116,8	1738	95
1739	116,8	1739	96
1740	116,8	1740	95
1741	116,9	1741	96
1742	116,9	1742	96
1743	116,9	1743	96
1744	116,9	1744	96
1745	116,9	1745	96
1746	117	1746	96
1747	117	1747	95
1748	117	1748	96
1749	117	1749	96
1750	117	1750	96
1751	117	1751	96
1752	117	1752	96
1753	117	1753	97
1754	117	1754	98
1755	117	1755	97
1756	117	1756	97
1757	117	1757	97
1758	117,1	1758	96
1759	117,1	1759	97
1760	117,1	1760	98
1761	117,1	1761	98
1762	117,1	1762	98
1763	117,1	1763	98
1764	117,1	1764	98
1765	117,3	1765	99
1766	117,3	1766	98
1767	117,3	1767	97
1768	117,3	1768	97
1769	117,3	1769	97
1770	117,3	1770	98
1771	117,3	1771	98
1772	117,3	1772	99
1773	117,4	1773	99
1774	117,4	1774	100
1775	117,4	1775	100
1776	117,4	1776	100
1777	117,5	1777	99
1778	117,5	1778	99
1779	117,5	1779	98
1780	117,5	1780	98
1781	117,5	1781	99
1782	117,5	1782	100
1783	117,5	1783	100
1784	117,5	1784	101
1785	117,5	1785	101
1786	117,5	1786	100
1787	117,6	1787	99
1788	117,6	1788	99
1789	117,6	1789	99
1790	117,6	1790	100
1791	117,6	1791	101
1792	117,6	1792	101
1793	117,8	1793	101
1794	117,8	1794	101
1795	117,8	1795	101
1796	117,8	1796	101
1797	117,9	1797	100
1798	117,9	1798	100
1799	117,9	1799	100
1800	117,9	1800	100
1801	118	1801	101
1802	118	1802	102
1803	118	1803	101
1804	118	1804	102
1805	118	1805	102
1806	118	1806	101
1807	118	1807	101
1808	118	1808	100
1809	118,1	1809	101
1810	118,1	1810	101
1811	118,1	1811	102
1812	118,1	1812	102
1813	118,1	1813	102
1814	118,1	1814	103
1815	118,1	1815	102
1816	118,1	1816	102
1817	118,1	1817	101
1818	118,1	1818	101
1819	118,3	1819	102
1820	118,3	1820	103
1821	118,3	1821	103
1822	118,3	1822	103
1823	118,3	1823	103
1824	118,3	1824	104
1825	118,3	1825	104
1826	118,3	1826	103
1827	118,4	1827	103
1828	118,4	1828	102
1829	118,4	1829	103
1830	118,4	1830	103
1831	118,5	1831	103
1832	118,5	1832	104
1833	118,5	1833	105
1834	118,5	1834	105
1835	118,5	1835	104
1836	118,5	1836	105
1837	118,5	1837	105
1838	118,5	1838	104
1839	118,5	1839	104
1840	118,5	1840	103
1841	118,6	1841	103
1842	118,6	1842	104
1843	118,6	1843	105
1844	118,6	1844	105
1845	118,6	1845	104
1846	118,6	1846	104
1847	118,6	1847	104
1848	118,8	1848	103
1849	118,8	1849	104
1850	118,8	1850	105
1851	118,8	1851	105
1852	118,8	1852	106
1853	118,8	1853	106
1854	118,9	1854	106
1855	118,9	1855	106
1856	118,9	1856	106
1857	118,9	1857	106
1858	118,9	1858	105
1859	119	1859	105
1860	119	1860	106
1861	119	1861	105
1862	119	1862	106
1863	119	1863	106
1864	119	1864	107
1865	119	1865	108
1866	119,1	1866	107
1867	119,1	1867	107
1868	119,1	1868	107
1869	119,1	1869	107
1870	119,3	1870	106
1871	119,3	1871	107
1872	119,3	1872	108
1873	119,3	1873	108
1874	119,3	1874	108
1875	119,3	1875	107
1876	119,4	1876	107
1877	119,4	1877	107
1878	119,4	1878	106
1879	119,4	1879	107
1880	119,4	1880	107
1881	119,4	1881	107
1882	119,4	1882	108
1883	119,4	1883	108
1884	119,4	1884	108
1885	119,4	1885	108
1886	119,4	1886	108
1887	119,4	1887	107
1888	119,4	1888	107
1889	119,5	1889	107
1890	119,5	1890	108
1891	119,5	1891	108
1892	119,5	1892	108
1893	119,5	1893	110
1894	119,5	1894	110
1895	119,5	1895	110
1896	119,5	1896	109
1897	119,5	1897	109
1898	119,5	1898	108
1899	119,6	1899	107
1900	119,6	1900	108
1901	119,6	1901	109
1902	119,8	1902	109
1903	119,8	1903	110
1904	119,8	1904	110
1905	119,9	1905	110
1906	119,9	1906	110
1907	119,9	1907	110
1908	119,9	1908	110
1909	120	1909	109
1910	120	1910	110
1911	120	1911	109
1912	120	1912	110
1913	120	1913	111
1914	120	1914	111
1915	120	1915	110
1916	120	1916	110
1917	120	1917	111
1918	120	1918	110
1919	120	1919	109
1920	120	1920	110
1921	120	1921	110
1922	120	1922	110
1923	120	1923	111
1924	120	1924	112
1925	120	1925	111
1926	120	1926	110
1927	120,1	1927	110
1928	120,1	1928	110
1929	120,1	1929	109
1930	120,1	1930	109
1931	120,1	1931	110
1932	120,1	1932	112
1933	120,1	1933	113
1934	120,3	1934	113
1935	120,3	1935	112
1936	120,3	1936	112
1937	120,3	1937	112
1938	120,3	1938	111
1939	120,3	1939	111
1940	120,3	1940	111
1941	120,3	1941	112
1942	120,4	1942	112
1943	120,4	1943	112
1944	120,4	1944	112
1945	120,4	1945	112
1946	120,4	1946	112
1947	120,4	1947	111
1948	120,5	1948	111
1949	120,5	1949	112
1950	120,5	1950	112
1951	120,5	1951	112
1952	120,5	1952	113
1953	120,5	1953	114
1954	120,5	1954	113
1955	120,5	1955	113
1956	120,5	1956	113
1957	120,5	1957	112
1958	120,5	1958	112
1959	120,5	1959	113
1960	120,5	1960	112
1961	120,5	1961	112
1962	120,6	1962	113
1963	120,6	1963	113
1964	120,6	1964	114
1965	120,6	1965	114
1966	120,6	1966	114
1967	120,6	1967	113
1968	120,8	1968	112
1969	120,8	1969	113
1970	120,8	1970	113
1971	120,8	1971	113
1972	120,8	1972	113
1973	120,8	1973	113
1974	120,8	1974	113
1975	120,8	1975	114
1976	120,8	1976	114
1977	120,8	1977	113
1978	120,8	1978	112
1979	120,8	1979	112
1980	120,8	1980	112
1981	120,8	1981	113
1982	120,8	1982	113
1983	120,8	1983	113
1984	120,9	1984	113
1985	120,9	1985	114
1986	120,9	1986	114
1987	120,9	1987	114
1988	120,9	1988	114
1989	120,9	1989	114
1990	120,9	1990	114
1991	120,9	1991	114
1992	121	1992	114
1993	121	1993	114
1994	121	1994	114
1995	121	1995	114
1996	121	1996	114
1997	121	1997	114
1998	121	1998	114
1999	121	1999	113
2000	121	2000	113
2001	121	2001	114
2002	121	2002	114
2003	121	2003	114
2004	121	2004	114
2005	121	2005	114
2006	121	2006	114
2007	121	2007	114
2008	121,1	2008	114
2009	121	2009	114
2010	121,1	2010	114
2011	121,1	2011	114
2012	121,1	2012	115
2013	121,1	2013	115
2014	121,1	2014	115
2015	121,1	2015	115
2016	121,1	2016	114
2017	121,1	2017	113
2018	121,1	2018	114
2019	121,1	2019	114
2020	121,1	2020	115
2021	121	2021	115
2022	121,1	2022	115
2023	121,1	2023	115
2024	121,1	2024	116
2025	121,1	2025	115
2026	121,1	2026	114
2027	121,1	2027	114
2028	121,1	2028	114
2029	121,1	2029	115
2030	121,1	2030	114
2031	121,1	2031	115
2032	121,3	2032	116
2033	121,3	2033	115
2034	121,3	2034	115
2035	121,3	2035	115
2036	121,3	2036	114
2037	121,3	2037	114
2038	121,3	2038	114
2039	121,3	2039	114
2040	121,3	2040	114
2041	121,3	2041	114
2042	121,3	2042	114
2043	121,3	2043	115
2044	121,3	2044	115
2045	121,3	2045	115
2046	121,3	2046	115
2047	121,3	2047	114
2048	121,3	2048	114
2049	121,3	2049	114
2050	121,3	2050	115
2051	121,3	2051	115
2052	121,3	2052	115
2053	121,3	2053	115
2054	121,3	2054	116
2055	121,3	2055	115
2056	121,3	2056	114
2057	121,4	2057	114
2058	121,4	2058	114
2059	121,4	2059	113
2060	121,4	2060	114
2061	121,4	2061	115
2062	121,4	2062	115
2063	121,4	2063	115
2064	121,4	2064	115
2065	121,4	2065	115
2066	121,4	2066	115
2067	121,4	2067	115
2068	121,4	2068	114
2069	121,4	2069	115
2070	121,4	2070	115
2071	121,4	2071	114
2072	121,4	2072	115
2073	121,4	2073	115
2074	121,4	2074	115
2075	121,4	2075	115
2076	121,4	2076	115
2077	121,4	2077	115
2078	121,4	2078	114
2079	121,4	2079	114
2080	121,4	2080	115
2081	121,4	2081	115
2082	121,4	2082	116
2083	121,4	2083	116
2084	121,4	2084	115
2085	121,4	2085	115
2086	121,5	2086	115
2087	121,5	2087	115
2088	121,5	2088	114
2089	121,5	2089	114
2090	121,5	2090	114
2091	121,5	2091	114
2092	121,5	2092	115
2093	121,5	2093	115
2094	121,5	2094	115
2095	121,5	2095	114
2096	121,5	2096	114
2097	121,5	2097	114
2098	121,5	2098	114
2099	121,5	2099	114
2100	121,5	2100	115
2101	121,5	2101	115
2102	121,5	2102	115
2103	121,5	2103	115
2104	121,5	2104	115
2105	121,5	2105	115
2106	121,5	2106	115
2107	121,5	2107	115
2108	121,5	2108	114
2109	121,5	2109	115
2110	121,5	2110	114
2111	121,5	2111	115
2112	121,5	2112	115
2113	121,5	2113	115
2114	121,5	2114	115
2115	121,5	2115	115
2116	121,5	2116	115
2117	121,5	2117	115
2118	121,5	2118	114
2119	121,5	2119	114
2120	121,5	2120	114
2121	121,5	2121	114
2122	121,5	2122	115
2123	121,5	2123	115
2124	121,5	2124	115
2125	121,5	2125	115
2126	121,5	2126	114
2127	121,5	2127	114
2128	121,5	2128	113
2129	121,5	2129	113
2130	121,5	2130	114
2131	121,5	2131	114
2132	121,5	2132	114
2133	121,5	2133	114
2134	121,5	2134	115
2135	121,5	2135	115
2136	121,5	2136	114
2137	121,5	2137	113
2138	121,5	2138	113
2139	121,5	2139	113
2140	121,5	2140	114
2141	121,5	2141	115
2142	121,5	2142	114
2143	121,5	2143	114
2144	121,5	2144	115
2145	121,5	2145	115
2146	121,5	2146	113
2147	121,5	2147	114
2148	121,5	2148	114
2149	121,5	2149	114
2150	121,5	2150	115
2151	121,5	2151	115
2152	121,5	2152	115
2153	121,5	2153	115
2154	121,5	2154	114
2155	121,5	2155	114
2156	121,5	2156	115
2157	121,5	2157	114
2158	121,5	2158	113
2159	121,5	2159	113
2160	121,5	2160	113
2161	121,5	2161	114
2162	121,5	2162	114
2163	121,5	2163	114
2164	121,4	2164	114
2165	121,4	2165	113
2166	121,4	2166	112
2167	121,5	2167	112
2168	121,5	2168	112
2169	121,4	2169	112
2170	121,4	2170	112
2171	121,4	2171	113
2172	121,4	2172	114
2173	121,5	2173	114
2174	121,4	2174	114
2175	121,4	2175	113
2176	121,4	2176	113
2177	121,4	2177	113
2178	121,4	2178	112
2179	121,4	2179	113
2180	121,4	2180	113
2181	121,4	2181	114
2182	121,4	2182	114
2183	121,4	2183	114
2184	121,4	2184	114
2185	121,4	2185	113
2186	121,4	2186	113
2187	121,4	2187	114
2188	121,4	2188	114
2189	121,4	2189	113
2190	121,4	2190	113
2191	121,4	2191	114
2192	121,4	2192	114
2193	121,4	2193	114
2194	121,4	2194	114
2195	121,4	2195	114
2196	121,4	2196	114
2197	121,4	2197	114
2198	121,5	2198	113
2199	121,5	2199	113
2200	121,5	2200	113
2201	121,5	2201	113
2202	121,5	2202	113
2203	121,5	2203	114
2204	121,5	2204	114
2205	121,5	2205	114
2206	121,5	2206	114
2207	121,5	2207	113
2208	121,5	2208	113
2209	121,5	2209	113
2210	121,5	2210	113
2211	121,5	2211	114
2212	121,5	2212	114
2213	121,5	2213	114
2214	121,5	2214	115
2215	121,5	2215	114
2216	121,5	2216	114
2217	121,5	2217	114
2218	121,5	2218	114
2219	121,5	2219	113
2220	121,5	2220	112
2221	121,5	2221	113
2222	121,5	2222	114
2223	121,5	2223	114
2224	121,5	2224	114
2225	121,5	2225	113
2226	121,5	2226	113
2227	121,5	2227	113
2228	121,5	2228	113
2229	121,5	2229	113
2230	121,5	2230	113
2231	121,5	2231	114
2232	121,5	2232	115
2233	121,5	2233	114
2234	121,5	2234	114
2235	121,5	2235	114
2236	121,5	2236	114
2237	121,5	2237	114
2238	121,5	2238	114
2239	121,5	2239	114
2240	121,5	2240	114
2241	121,5	2241	114
2242	121,5	2242	114
2243	121,5	2243	114
2244	121,5	2244	114
2245	121,5	2245	114
2246	121,5	2246	114
2247	121,5	2247	113
2248	121,5	2248	112
2249	121,5	2249	112
2250	121,5	2250	113
2251	121,5	2251	114
2252	121,5	2252	113
2253	121,5	2253	114
2254	121,5	2254	114
2255	121,5	2255	114
2256	121,5	2256	114
2257	121,5	2257	113
2258	121,5	2258	113
2259	121,5	2259	112
2260	121,5	2260	112
2261	121,5	2261	113
2262	121,5	2262	114
2263	121,5	2263	114
2264	121,5	2264	115
2265	121,5	2265	114
2266	121,5	2266	115
2267	121,5	2267	114
2268	121,5	2268	114
2269	121,4	2269	114
2270	121,4	2270	114
2271	121,4	2271	113
2272	121,4	2272	114
2273	121,4	2273	114
2274	121,4	2274	114
2275	121,4	2275	114
2276	121,4	2276	114
2277	121,5	2277	114
2278	121,4	2278	114
2279	121,4	2279	114
2280	121,4	2280	114
2281	121,4	2281	115
2282	121,4	2282	115
2283	121,5	2283	114
2284	121,5	2284	114
2285	121,4	2285	113
2286	121,5	2286	113
2287	121,5	2287	113
2288	121,5	2288	113
2289	121,5	2289	113
2290	121,5	2290	113
2291	121,5	2291	113
2292	121,5	2292	114
2293	121,5	2293	114
2294	121,5	2294	115
2295	121,5	2295	114
2296	121,5	2296	114
2297	121,5	2297	114
2298	121,5	2298	114
2299	121,5	2299	115
2300	121,5	2300	115
2301	121,5	2301	115
2302	121,5	2302	115
2303	121,5	2303	114
2304	121,5	2304	114
2305	121,5	2305	114
2306	121,5	2306	115
2307	121,5	2307	115
2308	121,5	2308	115
2309	121,5	2309	113
2310	121,5	2310	113
2311	121,5	2311	113
2312	121,5	2312	114
2313	121,5	2313	114
2314	121,5	2314	114
2315	121,5	2315	114
2316	121,5	2316	114
2317	121,5	2317	114
2318	121,5	2318	112
2319	121,5	2319	112
2320	121,5	2320	113
2321	121,5	2321	114
2322	121,5	2322	115
2323	121,5	2323	115
2324	121,5	2324	114
2325	121,5	2325	115
2326	121,5	2326	114
2327	121,5	2327	114
2328	121,5	2328	114
2329	121,5	2329	114
2330	121,5	2330	114
2331	121,5	2331	114
2332	121,5	2332	114
2333	121,5	2333	115
2334	121,5	2334	115
2335	121,5	2335	115
2336	121,5	2336	115
2337	121,5	2337	114
2338	121,5	2338	113
2339	121,5	2339	113
2340	121,5	2340	114
2341	121,5	2341	114
2342	121,5	2342	114
2343	121,5	2343	113
2344	121,5	2344	114
2345	121,5	2345	114
2346	121,5	2346	115
2347	121,5	2347	115
2348	121,5	2348	114
2349	121,5	2349	113
2350	121,5	2350	114
2351	121,5	2351	114
2352	121,5	2352	114
2353	121,5	2353	115
2354	121,5	2354	114
2355	121,5	2355	114
2356	121,5	2356	114
2357	121,5	2357	114
2358	121,5	2358	113
2359	121,5	2359	113
2360	121,5	2360	114
2361	121,5	2361	114
2362	121,5	2362	114
2363	121,5	2363	114
2364	121,5	2364	113
2365	121,5	2365	114
2366	121,5	2366	114
2367	121,5	2367	114
2368	121,5	2368	114
2369	121,5	2369	114
2370	121,5	2370	114
2371	121,5	2371	115
2372	121,5	2372	115
2373	121,5	2373	114
2374	121,5	2374	114
2375	121,5	2375	114
2376	121,5	2376	114
2377	121,5	2377	114
2378	121,5	2378	113
2379	121,5	2379	113
2380	121,5	2380	114
2381	121,5	2381	113
2382	121,5	2382	114
2383	121,5	2383	114
2384	121,5	2384	114
2385	121,5	2385	114
2386	121,5	2386	113
2387	121,5	2387	113
2388	121,5	2388	114
2389	121,5	2389	114
2390	121,5	2390	114
2391	121,5	2391	114
2392	121,5	2392	114
2393	121,5	2393	114
2394	121,5	2394	114
2395	121,5	2395	114
2396	121,5	2396	114
2397	121,5	2397	114
2398	121,5	2398	114
2399	121,5	2399	114
2400	121,5	2400	114
2401	121,5	2401	114
2402	121,5	2402	114
2403	121,5	2403	114
2404	121,5	2404	114
2405	121,5	2405	115
2406	121,5	2406	114
2407	121,5	2407	115
2408	121,5	2408	114
2409	121,5	2409	114
2410	121,5	2410	113
2411	121,5	2411	113
2412	121,5	2412	114
2413	121,5	2413	114
2414	121,5	2414	114
2415	121,5	2415	114
2416	121,5	2416	114
2417	121,5	2417	114
2418	121,5	2418	114
2419	121,5	2419	114
2420	121,5	2420	113
2421	121,5	2421	113
2422	121,5	2422	113
2423	121,5	2423	113
2424	121,5	2424	113
2425	121,5	2425	113
2426	121,5	2426	113
2427	121,5	2427	114
2428	121,5	2428	114
2429	121,5	2429	113
2430	121,5	2430	113
2431	121,5	2431	113
2432	121,5	2432	113
2433	121,5	2433	113
2434	121,5	2434	114
2435	121,5	2435	114
2436	121,5	2436	113
2437	121,5	2437	113
2438	121,5	2438	113
2439	121,5	2439	113
2440	121,5	2440	113
2441	121,5	2441	113
2442	121,5	2442	113
2443	121,5	2443	114
2444	121,5	2444	114
2445	121,5	2445	114
2446	121,5	2446	114
2447	121,5	2447	113
2448	121,5	2448	113
2449	121,5	2449	113
2450	121,5	2450	113
2451	121,5	2451	113
2452	121,5	2452	113
2453	121,5	2453	114
2454	121,5	2454	114
2455	121,5	2455	114
2456	121,5	2456	113
2457	121,5	2457	113
2458	121,5	2458	112
2459	121,5	2459	112
2460	121,5	2460	112
2461	121,5	2461	113
2462	121,5	2462	114
2463	121,5	2463	114
2464	121,5	2464	114
2465	121,5	2465	114
2466	121,5	2466	115
2467	121,5	2467	114
2468	121,5	2468	113
2469	121,5	2469	113
2470	121,5	2470	114
2471	121,5	2471	115
2472	121,5	2472	114
2473	121,5	2473	115
2474	121,6	2474	114
2475	121,5	2475	114
2476	121,6	2476	113
2477	121,6	2477	113
2478	121,5	2478	113
2479	121,5	2479	113
2480	121,6	2480	114
2481	121,6	2481	114
2482	121,6	2482	113
2483	121,6	2483	113
2484	121,6	2484	114
2485	121,6	2485	114
2486	121,6	2486	114
2487	121,6	2487	114
2488	121,6	2488	113
2489	121,6	2489	113
2490	121,6	2490	114
2491	121,6	2491	114
2492	121,6	2492	114
2493	121,6	2493	114
2494	121,6	2494	113
2495	121,6	2495	113
2496	121,6	2496	112
2497	121,6	2497	113
2498	121,6	2498	113
2499	121,6	2499	113
2500	121,6	2500	114
2501	121,6	2501	114
2502	121,6	2502	114
2503	121,6	2503	114
2504	121,6	2504	113
2505	121,6	2505	113
2506	121,6	2506	113
2507	121,6	2507	113
2508	121,6	2508	113
2509	121,6	2509	113
2510	121,6	2510	112
2511	121,6	2511	112
2512	121,6	2512	112
2513	121,6	2513	113
2514	121,6	2514	113
2515	121,6	2515	113
2516	121,5	2516	113
2517	121,5	2517	112
2518	121,5	2518	112
2519	121,5	2519	112
2520	121,5	2520	112
2521	121,5	2521	112
2522	121,5	2522	113
2523	121,5	2523	114
2524	121,5	2524	113
2525	121,5	2525	113
2526	121,5	2526	113
2527	121,5	2527	113
2528	121,5	2528	113
2529	121,5	2529	112
2530	121,5	2530	112
2531	121,5	2531	113
2532	121,5	2532	113
2533	121,5	2533	113
2534	121,5	2534	114
2535	121,5	2535	113
2536	121,5	2536	113
2537	121,5	2537	113
2538	121,5	2538	113
2539	121,5	2539	113
2540	121,5	2540	113
2541	121,5	2541	113
2542	121,5	2542	113
2543	121,5	2543	113
2544	121,5	2544	113
2545	121,5	2545	113
2546	121,5	2546	113
2547	121,5	2547	112
2548	121,5	2548	112
2549	121,5	2549	113
2550	121,5	2550	113
2551	121,5	2551	113
2552	121,5	2552	113
2553	121,5	2553	113
2554	121,5	2554	113
2555	121,5	2555	113
2556	121,5	2556	113
2557	121,5	2557	112
2558	121,5	2558	112
2559	121,5	2559	112
2560	121,5	2560	113
2561	121,5	2561	113
2562	121,5	2562	113
2563	121,5	2563	113
2564	121,5	2564	113
2565	121,5	2565	113
2566	121,5	2566	113
2567	121,5	2567	113
2568	121,5	2568	113
2569	121,5	2569	113
2570	121,5	2570	112
2571	121,5	2571	113
2572	121,5	2572	113
2573	121,5	2573	113
2574	121,5	2574	113
2575	121,5	2575	113
2576	121,5	2576	113
2577	121,5	2577	112
2578	121,5	2578	112
2579	121,5	2579	112
2580	121,5	2580	112
2581	121,5	2581	112
2582	121,5	2582	113
2583	121,5	2583	113
2584	121,5	2584	113
2585	121,5	2585	113
2586	121,5	2586	113
2587	121,5	2587	113
2588	121,5	2588	112
2589	121,5	2589	113
2590	121,5	2590	113
2591	121,5	2591	113
2592	121,5	2592	113
2593	121,5	2593	113
2594	121,5	2594	113
2595	121,5	2595	112
2596	121,5	2596	112
2597	121,5	2597	112
2598	121,5	2598	112
2599	121,5	2599	112
2600	121,5	2600	112
2601	121,5	2601	113
2602	121,5	2602	113
2603	121,5	2603	113
2604	121,5	2604	113
2605	121,5	2605	113
2606	121,5	2606	113
2607	121,5	2607	113
2608	121,5	2608	112
2609	121,5	2609	112
2610	121,6	2610	112
2611	121,6	2611	113
2612	121,6	2612	113
2613	121,6	2613	113
2614	121,6	2614	112
2615	121,5	2615	112
2616	121,6	2616	113
2617	121,6	2617	113
2618	121,6	2618	113
2619	121,6	2619	112
2620	121,6	2620	111
2621	121,6	2621	112
2622	121,6	2622	113
2623	121,6	2623	113
2624	121,6	2624	114
2625	121,6	2625	113
2626	121,6	2626	112
2627	121,5	2627	111
2628	121,5	2628	112
2629	121,6	2629	112
2630	121,6	2630	112
2631	121,5	2631	112
2632	121,5	2632	112
2633	121,5	2633	112
2634	121,5	2634	112
2635	121,5	2635	113
2636	121,6	2636	113
2637	121,6	2637	112
2638	121,6	2638	112
2639	121,6	2639	112
2640	121,6	2640	112
2641	121,6	2641	112
2642	121,6	2642	112
2643	121,5	2643	113
2644	121,6	2644	113
2645	121,6	2645	113
2646	121,6	2646	113
2647	121,6	2647	111
2648	121,6	2648	111
2649	121,6	2649	112
2650	121,6	2650	112
2651	121,6	2651	112
2652	121,6	2652	113
2653	121,6	2653	113
2654	121,6	2654	113
2655	121,5	2655	113
2656	121,5	2656	113
2657	121,5	2657	113
2658	121,5	2658	112
2659	121,6	2659	111
2660	121,6	2660	112
2661	121,6	2661	113
2662	121,6	2662	113
2663	121,5	2663	113
2664	121,5	2664	112
2665	121,5	2665	112
2666	121,5	2666	113
2667	121,5	2667	112
2668	121,5	2668	112
2669	121,5	2669	112
2670	121,5	2670	112
2671	121,5	2671	112
2672	121,5	2672	112
2673	121,5	2673	113
2674	121,5	2674	112
2675	121,6	2675	112
2676	121,5	2676	112
2677	121,5	2677	112
2678	121,5	2678	113
2679	121,5	2679	113
2680	121,5	2680	112
2681	121,5	2681	113
2682	121,5	2682	113
2683	121,5	2683	112
2684	121,5	2684	112
2685	121,5	2685	112
2686	121,5	2686	113
2687	121,5	2687	113
2688	121,5	2688	112
2689	121,5	2689	111
2690	121,5	2690	111
2691	121,5	2691	112
2692	121,5	2692	112
2693	121,5	2693	113
2694	121,5	2694	113
2695	121,5	2695	112
2696	121,5	2696	112
2697	121,6	2697	112
2698	121,6	2698	112
2699	121,6	2699	112
2700	121,6	2700	112
2701	121,6	2701	113
2702	121,6	2702	113
2703	121,6	2703	113
2704	121,6	2704	113
2705	121,6	2705	112
2706	121,6	2706	111
2707	121,6	2707	112
2708	121,6	2708	112
2709	121,6	2709	111
2710	121,6	2710	112
2711	121,6	2711	113
2712	121,6	2712	112
2713	121,6	2713	112
2714	121,6	2714	112
2715	121,6	2715	112
2716	121,6	2716	113
2717	121,6	2717	112
2718	121,6	2718	111
2719	121,5	2719	111
2720	121,5	2720	111
2721	121,5	2721	111
2722	121,5	2722	112
2723	121,5	2723	111
2724	121,5	2724	111
2725	121,5	2725	111
2726	121,5	2726	111
2727	121,5	2727	111
2728	121,5	2728	111
2729	121,5	2729	111
2730	121,5	2730	111
2731	121,5	2731	111
2732	121,5	2732	112
2733	121,5	2733	112
2734	121,5	2734	112
2735	121,5	2735	111
2736	121,5	2736	111
2737	121,5	2737	112
2738	121,5	2738	112
2739	121,5	2739	110
2740	121,5	2740	110
2741	121,5	2741	111
2742	121,5	2742	111
2743	121,5	2743	112
2744	121,5	2744	112
2745	121,5	2745	112
2746	121,5	2746	112
2747	121,5	2747	112
2748	121,5	2748	111
2749	121,5	2749	111
2750	121,5	2750	110
2751	121,5	2751	111
2752	121,5	2752	112
2753	121,5	2753	113
2754	121,5	2754	113
2755	121,5	2755	112
2756	121,5	2756	111
2757	121,5	2757	111
2758	121,5	2758	112
2759	121,5	2759	112
2760	121,5	2760	112
2761	121,5	2761	111
2762	121,5	2762	112
2763	121,5	2763	112
2764	121,5	2764	112
2765	121,5	2765	112
2766	121,5	2766	113
2767	121,5	2767	113
2768	121,5	2768	112
2769	121,5	2769	111
2770	121,5	2770	111
2771	121,5	2771	111
2772	121,5	2772	112
2773	121,5	2773	112
2774	121,5	2774	112
2775	121,5	2775	113
2776	121,5	2776	113
2777	121,5	2777	112
2778	121,5	2778	112
2779	121,5	2779	112
2780	121,5	2780	112
2781	121,5	2781	112
2782	121,5	2782	112
2783	121,5	2783	112
2784	121,5	2784	113
2785	121,5	2785	113
2786	121,5	2786	112
2787	121,5	2787	112
2788	121,5	2788	112
2789	121,5	2789	112
2790	121,5	2790	112
2791	121,5	2791	112
2792	121,5	2792	113
2793	121,5	2793	114
2794	121,5	2794	113
2795	121,5	2795	113
2796	121,5	2796	112
2797	121,5	2797	112
2798	121,5	2798	111
2799	121,5	2799	111
2800	121,5	2800	112
2801	121,5	2801	112
2802	121,5	2802	112
2803	121,5	2803	112
2804	121,5	2804	112
2805	121,5	2805	112
2806	121,5	2806	113
2807	121,6	2807	113
2808	121,6	2808	112
2809	121,5	2809	112
2810	121,6	2810	112
2811	121,6	2811	112
2812	121,6	2812	112
2813	121,6	2813	112
2814	121,5	2814	112
2815	121,5	2815	112
2816	121,5	2816	113
2817	121,5	2817	112
2818	121,5	2818	112
2819	121,5	2819	112
2820	121,5	2820	111
2821	121,5	2821	112
2822	121,5	2822	112
2823	121,5	2823	111
2824	121,5	2824	112
2825	121,5	2825	113
2826	121,5	2826	113
2827	121,5	2827	113
2828	121,5	2828	113
2829	121,5	2829	111
2830	121,5	2830	110
2831	121,6	2831	112
2832	121,6	2832	112
2833	121,6	2833	111
2834	121,6	2834	110
2835	121,6	2835	111
2836	121,5	2836	112
2837	121,5	2837	112
2838	121,5	2838	112
2839	121,5	2839	112
2840	121,6	2840	112
2841	121,6	2841	111
2842	121,5	2842	111
2843	121,5	2843	112
2844	121,5	2844	112
2845	121,5	2845	113
2846	121,6	2846	112
2847	121,6	2847	112
2848	121,6	2848	112
2849	121,6	2849	112
2850	121,6	2850	111
2851	121,6	2851	112
2852	121,6	2852	112
2853	121,6	2853	111
2854	121,6	2854	111
2855	121,6	2855	112
2856	121,6	2856	112
2857	121,6	2857	112
2858	121,6	2858	112
2859	121,6	2859	111
2860	121,6	2860	112
2861	121,6	2861	112
2862	121,6	2862	111
2863	121,6	2863	111
2864	121,6	2864	111
2865	121,6	2865	111
2866	121,5	2866	111
2867	121,5	2867	112
2868	121,5	2868	111
2869	121,5	2869	111
2870	121,5	2870	111
2871	121,5	2871	111
2872	121,5	2872	110
2873	121,5	2873	111
2874	121,5	2874	112
2875	121,5	2875	112
2876	121,5	2876	112
2877	121,5	2877	112
2878	121,5	2878	111
2879	121,5	2879	111
2880	121,5	2880	111
2881	121,5	2881	111
2882	121,5	2882	111
2883	121,5	2883	112
2884	121,5	2884	112
2885	121,5	2885	112
2886	121,5	2886	113
2887	121,5	2887	112
2888	121,5	2888	112
2889	121,6	2889	111
2890	121,6	2890	111
2891	121,6	2891	111
2892	121,6	2892	111
2893	121,6	2893	111
2894	121,6	2894	111
2895	121,6	2895	111
2896	121,6	2896	111
2897	121,6	2897	111
2898	121,6	2898	111
2899	121,6	2899	112
2900	121,6	2900	111
2901	121,6	2901	110
2902	121,6	2902	111
2903	121,6	2903	110
2904	121,6	2904	110
2905	121,6	2905	110
2906	121,6	2906	110
2907	121,6	2907	110
2908	121,6	2908	110
2909	121,5	2909	110
2910	121,5	2910	110
2911	121,5	2911	110
2912	121,5	2912	110
2913	121,5	2913	110
2914	121,5	2914	110
2915	121,5	2915	110
2916	121,5	2916	110
2917	121,5	2917	110
2918	121,5	2918	110
2919	121,5	2919	109
2920	121,5	2920	110
2921	121,5	2921	109
2922	121,5	2922	110
2923	121,4	2923	109
2924	121,4	2924	109
2925	121,4	2925	109
2926	121,4	2926	109
2927	121,4	2927	109
2928	121,4	2928	108
2929	121,3	2929	109
2930	121,3	2930	109
2931	121,3	2931	109
2932	121,3	2932	108
2933	121,3	2933	108
2934	121,3	2934	107
2935	121,3	2935	107
2936	121,3	2936	108
2937	121,1	2937	108
2938	121,1	2938	108
2939	121,1	2939	108
2940	121,1	2940	108
2941	121,1	2941	107
2942	121,1	2942	107
2943	121,1	2943	106
2944	121,1	2944	107
2945	121,1	2945	107
2946	121,1	2946	107
2947	121,1	2947	106
2948	121	2948	107
2949	121	2949	107
2950	121	2950	107
2951	121	2951	107
2952	121	2952	107
2953	121	2953	106
2954	121	2954	106
2955	121	2955	106
2956	121	2956	106
2957	121	2957	106
2958	121	2958	106
2959	121	2959	106
2960	121	2960	106
2961	121	2961	106
2962	121	2962	105
2963	120,9	2963	105
2964	120,9	2964	106
2965	120,9	2965	106
2966	120,9	2966	106
2967	120,9	2967	106
2968	120,8	2968	105
2969	120,8	2969	106
2970	120,8	2970	105
2971	120,8	2971	105
2972	120,8	2972	105
2973	120,8	2973	105
2974	120,8	2974	105
2975	120,6	2975	104
2976	120,6	2976	104
2977	120,6	2977	105
2978	120,6	2978	105
2979	120,6	2979	105
2980	120,5	2980	104
2981	120,5	2981	105
2982	120,5	2982	104
2983	120,5	2983	104
2984	120,5	2984	104
2985	120,5	2985	104
2986	120,5	2986	104
2987	120,5	2987	104
2988	120,5	2988	104
2989	120,5	2989	103
2990	120,5	2990	104
2991	120,5	2991	104
2992	120,5	2992	104
2993	120,5	2993	103
2994	120,5	2994	103
2995	120,5	2995	103
2996	120,5	2996	103
2997	120,5	2997	103
2998	120,5	2998	103
2999	120,5	2999	102
3000	120,5	3000	102
3001	120,4	3001	103
3002	120,4	3002	102
3003	120,4	3003	103
3004	120,4	3004	103
3005	120,4	3005	103
3006	120,4	3006	102
3007	120,3	3007	103
3008	120,3	3008	102
3009	120,3	3009	102
3010	120,3	3010	102
3011	120,3	3011	103
3012	120,3	3012	102
3013	120,3	3013	101
3014	120,1	3014	101
3015	120,1	3015	101
3016	120,1	3016	101
3017	120,1	3017	101
3018	120,1	3018	101
3019	120	3019	100
3020	120	3020	101
3021	120	3021	101
3022	120	3022	101
3023	120	3023	101
3024	120	3024	101
3025	120	3025	100
3026	120	3026	100
3027	120	3027	100
3028	120	3028	100
3029	120	3029	100
3030	120	3030	100
3031	120	3031	100
3032	119,9	3032	101
3033	119,9	3033	100
3034	119,9	3034	99
3035	119,9	3035	99
3036	119,9	3036	100
3037	119,9	3037	99
3038	119,9	3038	99
3039	119,9	3039	99
3040	119,8	3040	99
3041	119,8	3041	99
3042	119,8	3042	99
3043	119,8	3043	99
3044	119,8	3044	99
3045	119,8	3045	99
3046	119,6	3046	100
3047	119,8	3047	99
3048	119,6	3048	98
3049	119,6	3049	99
3050	119,6	3050	99
3051	119,5	3051	98
3052	119,5	3052	98
3053	119,5	3053	97
3054	119,5	3054	97
3055	119,5	3055	97
3056	119,5	3056	97
3057	119,5	3057	97
3058	119,5	3058	97
3059	119,5	3059	96
3060	119,5	3060	96
3061	119,5	3061	96
3062	119,5	3062	96
3063	119,5	3063	95
3064	119,4	3064	96
3065	119,4	3065	95
3066	119,4	3066	93
3067	119,4	3067	94
3068	119,3	3068	94
3069	119,3	3069	94
3070	119,3	3070	92
3071	119,3	3071	93
3072	119,1	3072	93
3073	119,1	3073	93
3074	119,1	3074	92
3075	119	3075	91
3076	119	3076	91
3077	119	3077	90
3078	119	3078	91
3079	119	3079	91
3080	119	3080	90
3081	118,9	3081	90
3082	118,9	3082	90
3083	118,9	3083	89
3084	118,8	3084	88
3085	118,8	3085	89
3086	118,8	3086	89
3087	118,6	3087	87
3088	118,6	3088	86
3089	118,5	3089	87
3090	118,5	3090	86
3091	118,5	3091	85
3092	118,5	3092	86
3093	118,5	3093	88
3094	118,4	3094	87
3095	118,4	3095	86
3096	118,3	3096	85
3097	118,3	3097	85
3098	118,1	3098	84
3099	118,1	3099	84
3100	118	3100	85
3101	118	3101	84
3102	118	3102	84
3103	118	3103	84
3104	117,9	3104	84
3105	117,9	3105	83
3106	117,8	3106	82
3107	117,8	3107	83
3108	117,6	3108	82
3109	117,6	3109	81
3110	117,6	3110	81
3111	117,5	3111	81
3112	117,5	3112	80
3113	117,5	3113	80
3114	117,4	3114	80
3115	117,4	3115	80
3116	117,3	3116	79
3117	117,3	3117	78
3118	117,1	3118	79
3119	117,1	3119	79
3120	117	3120	79
3121	117	3121	79
3122	117	3122	79
3123	116,9	3123	78
3124	116,9	3124	77
3125	116,8	3125	77
3126	116,8	3126	77
3127	116,6	3127	77
3128	116,6	3128	77
3129	116,5	3129	78
3130	116,5	3130	77
3131	116,5	3131	75
3132	116,5	3132	75
3133	116,4	3133	75
3134	116,3	3134	76
3135	116,3	3135	75
3136	116,1	3136	74
3137	116,1	3137	74
3138	116	3138	73
3139	116	3139	72
3140	116	3140	73
3141	116	3141	72
3142	115,9	3142	71
3143	115,8	3143	72
3144	115,8	3144	73
3145	115,6	3145	72
3146	115,6	3146	70
3147	115,5	3147	71
3148	115,5	3148	71
3149	115,5	3149	70
3150	115,4	3150	70
3151	115,4	3151	71
3152	115,3	3152	70
3153	115,3	3153	68
3154	115,1	3154	70
3155	115	3155	69
3156	115	3156	69
3157	115	3157	68
3158	114,9	3158	68
3159	114,9	3159	68
3160	114,8	3160	68
3161	114,8	3161	67
3162	114,6	3162	68
3163	114,5	3163	67
3164	114,5	3164	67
3165	114,5	3165	66
3166	114,5	3166	66
3167	114,4	3167	65
3168	114,4	3168	64
3169	114,3	3169	65
3170	114,1	3170	65
3171	114	3171	65
3172	114	3172	65
3173	114	3173	65
3174	114	3174	63
3175	114	3175	63
3176	113,9	3176	65
3177	113,9	3177	65
3178	113,8	3178	63
3179	113,6	3179	62
3180	113,6	3180	64
3181	113,5	3181	63
3182	113,5	3182	62
3183	113,5	3183	62
3184	113,5	3184	62
3185	113,4	3185	61
3186	113,4	3186	61
3187	113,3	3187	61
3188	113,3	3188	61
3189	113,1	3189	60
3190	113,1	3190	60
3191	113	3191	60
3192	113	3192	60
3193	113	3193	60
3194	113	3194	60
3195	112,9	3195	59
3196	112,9	3196	58
3197	112,8	3197	58
3198	112,8	3198	60
3199	112,8	3199	59
3200	112,6	3200	58
3201	112,5	3201	58
3202	112,5	3202	59
3203	112,5	3203	58
3204	112,5	3204	58
3205	112,4	3205	58
3206	112,4	3206	58
3207	112,3	3207	57
3208	112,3	3208	57
3209	112,3	3209	57
3210	112,1	3210	56
3211	112	3211	56
3212	112	3212	56
3213	112	3213	56
3214	112	3214	55
3215	112	3215	56
3216	111,9	3216	56
3217	111,9	3217	56
3218	111,8	3218	56
3219	111,8	3219	55
3220	111,6	3220	55
3221	111,6	3221	54
3222	111,5	3222	53
3223	111,5	3223	53
3224	111,5	3224	54
3225	111,5	3225	53
3226	111,4	3226	52
3227	111,4	3227	52
3228	111,3	3228	52
3229	111,3	3229	52
3230	111,1	3230	51
3231	111,1	3231	51
3232	111,1	3232	51
3233	111	3233	52
3234	111	3234	52
3235	111	3235	51
3236	111	3236	50
3237	110,9	3237	50
3238	110,9	3238	50
3239	110,8	3239	50
3240	110,8	3240	50
3241	110,6	3241	50
3242	110,6	3242	49
3243	110,5	3243	48
3244	110,5	3244	49
3245	110,5	3245	49
3246	110,5	3246	49
3247	110,4	3247	49
3248	110,4	3248	49
3249	110,3	3249	49
3250	110,3	3250	48
3251	110,1	3251	47
3252	110,1	3252	48
3253	110	3253	48
3254	110	3254	48
3255	110	3255	48
3256	110	3256	48
3257	110	3257	47
3258	109,9	3258	46
3259	109,9	3259	46
3260	109,8	3260	46
3261	109,8	3261	46
3262	109,6	3262	46
3263	109,6	3263	46
3264	109,6	3264	45
3265	109,5	3265	45
3266	109,5	3266	46
3267	109,5	3267	45
3268	109,5	3268	45
3269	109,4	3269	44
3270	109,4	3270	44
3271	109,3	3271	44
3272	109,3	3272	44
3273	109,1	3273	44
3274	109,1	3274	45
3275	109	3275	45
3276	109	3276	44
3277	109	3277	44
3278	109	3278	44
3279	109	3279	43
3280	108,9	3280	43
3281	108,9	3281	43
3282	108,8	3282	43
3283	108,8	3283	42
3284	108,6	3284	41
3285	108,6	3285	41
3286	108,5	3286	41
3287	108,5	3287	41
3288	108,5	3288	41
3289	108,5	3289	41
3290	108,4	3290	40
3291	108,4	3291	41
3292	108,3	3292	41
3293	108,3	3293	40
3294	108,3	3294	41
3295	108,1	3295	41
3296	108,1	3296	41
3297	108	3297	40
3298	108	3298	40
3299	108	3299	40
3300	108	3300	40
3301	107,9	3301	40
3302	107,9	3302	39
3303	107,8	3303	39
3304	107,8	3304	38
3305	107,8	3305	38
3306	107,6	3306	38
3307	107,6	3307	38
3308	107,5	3308	37
3309	107,5	3309	38
3310	107,5	3310	38
3311	107,5	3311	38
3312	107,5	3312	37
3313	107,5	3313	37
3314	107,4	3314	37
3315	107,4	3315	37
3316	107,3	3316	37
3317	107,3	3317	37
3318	107,3	3318	37
3319	107,1	3319	37
3320	107,1	3320	36
3321	107	3321	36
3322	107	3322	36
3323	107	3323	36
3324	107	3324	36
3325	107	3325	36
3326	106,9	3326	35
3327	106,9	3327	35
3328	106,9	3328	35
3329	106,8	3329	35
3330	106,8	3330	35
3331	106,6	3331	35
3332	106,6	3332	36
3333	106,6	3333	35
3334	106,5	3334	35
3335	106,5	3335	35
3336	106,5	3336	34
3337	106,5	3337	33
3338	106,5	3338	33
3339	106,5	3339	34
3340	106,4	3340	34
3341	106,4	3341	33
3342	106,4	3342	34
3343	106,3	3343	34
3344	106,3	3344	33
3345	106,1	3345	33
3346	106,1	3346	33
3347	106,1	3347	33
3348	106	3348	32
3349	106	3349	31
3350	106	3350	32
3351	106	3351	32
3352	106	3352	32
3353	105,9	3353	32
3354	105,9	3354	31
3355	105,8	3355	32
3356	105,8	3356	32
3357	105,8	3357	31
3358	105,6	3358	31
3359	105,6	3359	30
3360	105,5	3360	31
3361	105,5	3361	31
3362	105,5	3362	31
3363	105,5	3363	31
3364	105,5	3364	31
3365	105,4	3365	31
3366	105,4	3366	31
3367	105,4	3367	31
3368	105,3	3368	30
3369	105,3	3369	29
3370	105,3	3370	28
3371	105,1	3371	29
3372	105,1	3372	30
3373	105	3373	30
3374	105	3374	30
3375	105	3375	30
3376	105	3376	30
3377	105	3377	29
3378	104,9	3378	29
3379	104,9	3379	29
3380	104,9	3380	28
3381	104,8	3381	28
3382	104,8	3382	28
3383	104,8	3383	29
3384	104,6	3384	29
3385	104,6	3385	29
3386	104,6	3386	29
3387	104,5	3387	29
3388	104,5	3388	28
3389	104,5	3389	28
3390	104,5	3390	28
3391	104,5	3391	27
3392	104,4	3392	28
3393	104,4	3393	27
3394	104,4	3394	27
3395	104,3	3395	27
3396	104,3	3396	27
3397	104,3	3397	27
3398	104,1	3398	27
3399	104,1	3399	27
3400	104,1	3400	26
3401	104	3401	27
3402	104	3402	27
3403	104	3403	27
3404	104	3404	26
3405	104	3405	28
3406	104	3406	26
3407	103,9	3407	26
3408	103,9	3408	26
3409	103,9	3409	26
3410	103,8	3410	26
3411	103,8	3411	26
3412	103,8	3412	26
3413	103,6	3413	25
3414	103,6	3414	24
3415	103,6	3415	25
3416	103,6	3416	26
3417	103,5	3417	25
3418	103,5	3418	25
3419	103,5	3419	25
3420	103,5	3420	25
3421	103,5	3421	25
3422	103,5	3422	24
3423	103,4	3423	24
3424	103,4	3424	24
3425	103,4	3425	25
3426	103,3	3426	24
3427	103,3	3427	25
3428	103,3	3428	24
3429	103,1	3429	23
3430	103,1	3430	25
3431	103,1	3431	25
3432	103,1	3432	24
3433	103	3433	24
3434	103	3434	25
3435	103	3435	25
3436	103	3436	24
3437	103	3437	24
3438	103	3438	23
3439	103	3439	23
3440	102,9	3440	23
3441	102,9	3441	24
3442	102,9	3442	23
3443	102,9	3443	23
3444	102,8	3444	23
3445	102,8	3445	22
3446	102,8	3446	22
3447	102,8	3447	23
3448	102,6	3448	22
3449	102,6	3449	22
3450	102,6	3450	22
3451	102,5	3451	21
3452	102,5	3452	21
3453	102,5	3453	21
3454	102,5	3454	21
3455	102,5	3455	21
3456	102,5	3456	22
3457	102,5	3457	22
3458	102,4	3458	22
3459	102,4	3459	22
3460	102,4	3460	22
3461	102,4	3461	21
3462	102,3	3462	21
3463	102,3	3463	22
3464	102,3	3464	22
3465	102,1	3465	21
3466	102,1	3466	21
3467	102,1	3467	22
3468	102,1	3468	21
3469	102	3469	20
3470	102	3470	20
3471	102	3471	20
3472	102	3472	19
3473	102	3473	19
3474	102	3474	19
3475	102	3475	19
3476	101,9	3476	19
3477	101,9	3477	18
3478	101,8	3478	18
3479	101,8	3479	19
3480	101,6	3480	17
3481	101,6	3481	16
3482	101,5	3482	17
3483	101,5	3483	17
3484	101,5	3484	16
3485	101,4	3485	16
3486	101,4	3486	16
3487	101,3	3487	16
3488	101,3	3488	15
3489	101,1	3489	15
3490	101,1	3490	16
3491	101	3491	15
3492	101	3492	14
3493	101	3493	15
3494	100,9	3494	14
3495	100,9	3495	14
3496	100,8	3496	15
3497	100,6	3497	15
3498	100,6	3498	15
3499	100,5	3499	14
3500	100,5	3500	14
3501	100,5	3501	14
3502	100,4	3502	14
3503	100,3	3503	14
3504	100,3	3504	14
3505	100,1	3505	13
3506	100	3506	13
3507	100	3507	12
3508	100	3508	12
3509	100	3509	12
3510	100	3510	12
3511	99,9	3511	12
3512	99,9	3512	13
3513	99,8	3513	11
3514	99,8	3514	11
3515	99,8	3515	12
3516	99,6	3516	11
3517	99,6	3517	10
3518	99,5	3518	11
3519	99,5	3519	11
3520	99,5	3520	11
3521	99,5	3521	10
3522	99,5	3522	10
3523	99,4	3523	11
3524	99,3	3524	11
3525	99,3	3525	10
3526	99,3	3526	10
3527	99,1	3527	11
3528	99	3528	10
3529	99	3529	9
3530	99	3530	9
3531	99	3531	10
3532	98,9	3532	10
3533	98,9	3533	10
3534	98,9	3534	9
3535	98,8	3535	8
3536	98,8	3536	9
3537	98,6	3537	10
3538	98,6	3538	9
3539	98,6	3539	9
3540	98,5	3540	9
3541	98,5	3541	9
3542	98,5	3542	9
3543	98,5	3543	9
3544	98,5	3544	9
3545	98,5	3545	8
3546	98,4	3546	8
3547	98,4	3547	8
3548	98,4	3548	8
3549	98,3	3549	8
3550	98,3	3550	8
3551	98,3	3551	8
3552	98,3	3552	7
3553	98,1	3553	8
3554	98,1	3554	8
3555	98	3555	7
3556	98	3556	8
3557	98	3557	8
3558	98	3558	7
3559	98	3559	6
3560	98	3560	7
3561	97,9	3561	6
3562	97,9	3562	7
3563	97,9	3563	8
3564	97,8	3564	7
3565	97,8	3565	6
3566	97,8	3566	6
3567	97,8	3567	6
3568	97,6	3568	6
3569	97,6	3569	7
3570	97,6	3570	6
3571	97,5	3571	6
3572	97,5	3572	6
3573	97,5	3573	6
3574	97,5	3574	6
3575	97,5	3575	6
3576	97,5	3576	6
3577	97,4	3577	6
3578	97,4	3578	6
3579	97,4	3579	6
3580	97,3	3580	5
3581	97,3	3581	5
3582	97,3	3582	5
3583	97,1	3583	6
3584	97,1	3584	5
3585	97,1	3585	5
3586	97,1	3586	5
3587	97	3587	5
3588	97	3588	5
3589	97	3589	6
3590	97	3590	5
3591	97	3591	5
3592	97	3592	5
3593	97	3593	4
3594	97	3594	5
3595	97	3595	5
3596	96,9	3596	5
3597	96,9	3597	4
3598	96,9	3598	4
3599	96,9	3599	5
3600	96,8	3600	5
3601	96,8	3601	5
3602	96,8	3602	5
3603	96,8	3603	4
3604	96,8	3604	4
3605	96,6	3605	5
3606	96,6	3606	5
3607	96,6	3607	4
3608	96,6	3608	3
3609	96,5	3609	4
3610	96,5	3610	4
3611	96,5	3611	4
3612	96,5	3612	3
3613	96,5	3613	3
3614	96,5	3614	4
3615	96,5	3615	4
3616	96,5	3616	4
3617	96,4	3617	3
3618	96,4	3618	3
3619	96,4	3619	2
3620	96,3	3620	3
3621	96,3	3621	3
3622	96,3	3622	4
3623	96,3	3623	4
3624	96,1	3624	3
3625	96,1	3625	3
3626	96,1	3626	3
3627	96	3627	2
3628	96	3628	2
3629	96	3629	3
3630	96	3630	3
3631	96	3631	2
3632	96	3632	2
3633	96	3633	2
3634	96	3634	3
3635	96	3635	3
3636	96	3636	3
3637	96	3637	2
3638	95,9	3638	3
3639	95,9	3639	3
3640	95,9	3640	2
3641	95,9	3641	2
3642	95,9	3642	2
3643	95,9	3643	1
3644	95,8	3644	2
3645	95,8	3645	2
3646	95,8	3646	1
3647	95,8	3647	1
3648	95,6	3648	1
3649	95,6	3649	2
3650	95,6	3650	2
3651	95,6	3651	1
3652	95,5	3652	1
3653	95,5	3653	1
3654	95,5	3654	2
3655	95,5	3655	2
3656	95,5	3656	2
3657	95,5	3657	1
3658	95,5	3658	1
3659	95,4	3659	0
3660	95,4	3660	0
3661	95,4	3661	1
3662	95,4	3662	1
3663	95,4	3663	0
3664	95,4	3664	0
3665	95,4	3665	1
3666	95,4	3666	1
3667	95,4	3667	1
3668	95,3	3668	0
3669	95,3	3669	1
3670	95,3	3670	1
3671	95,3	3671	2
3672	95,3	3672	2
3673	95,1	3673	1
3674	95,1	3674	0
3675	95,1	3675	1
3676	95	3676	1
3677	95	3677	1
3678	95	3678	1
3679	95	3679	0
3680	95	3680	1
3681	95	3681	0
3682	95	3682	0
3683	95	3683	0
3684	95	3684	0
3685	95	3685	0
3686	95	3686	0
3687	94,9	3687	0
3688	94,9	3688	0
3689	94,9	3689	0
3690	94,9	3690	0
3691	94,9	3691	0
3692	94,9	3692	0
3693	94,8	3693	0
3694	94,8	3694	1
3695	94,8	3695	1
3696	94,8	3696	0
3697	94,8	3697	0
3698	94,8	3698	0
3699	94,6	3699	0
3700	94,6	3700	0
3701	94,6	3701	0
3702	94,6	3702	1
3703	94,6	3703	1
3704	94,6	3704	0
3705	94,6	3705	0
3706	94,6	3706	1
3707	94,5	3707	1
3708	94,5	3708	0
3709	94,5	3709	0
3710	94,5	3710	0
3711	94,5	3711	0
3712	94,5	3712	0
3713	94,5	3713	0
3714	94,5	3714	0
3715	94,5	3715	0
3716	94,5	3716	1
3717	94,5	3717	0
3718	94,5	3718	0
3719	94,5	3719	0
3720	94,5	3720	0
3721	94,5	3721	1
3722	94,5	3722	0
3723	94,5	3723	0
3724	94,5	3724	0
3725	94,5	3725	0
3726	94,5	3726	1
3727	94,5	3727	0
3728	94,5	3728	1
3729	94,5	3729	1
3730	94,5	3730	1
3731	94,5	3731	0
3732	94,5	3732	1
3733	94,5	3733	1
3734	94,5	3734	1
3735	94,5	3735	0
3736	94,5	3736	0
3737	94,5	3737	1
3738	94,5	3738	1
3739	94,5	3739	0
3740	94,5	3740	0
3741	94,5	3741	1
3742	94,5	3742	1
3743	94,5	3743	0
3744	94,5	3744	0
3745	94,5	3745	1
3746	94,5	3746	1
3747	94,5	3747	1
3748	94,5	3748	1
3749	94,5	3749	1
3750	94,5	3750	1
3751	94,5	3751	1
3752	94,5	3752	1
3753	94,5	3753	1
3754	94,5	3754	1
3755	94,5	3755	0
3756	94,5	3756	1
3757	94,5	3757	1
3758	94,5	3758	1
3759	94,5	3759	0
3760	94,5	3760	0
3761	94,5	3761	0
3762	94,5	3762	1
3763	94,5	3763	1
3764	94,5	3764	1
3765	94,5	3765	0
3766	94,5	3766	0
3767	94,5	3767	0
3768	94,5	3768	1
3769	94,5	3769	1
3770	94,5	3770	1
3771	94,5	3771	0
3772	94,5	3772	1
3773	94,5	3773	2
3774	94,5	3774	1
3775	94,5	3775	1
3776	94,5	3776	1
3777	94,5	3777	0
3778	94,5	3778	0
3779	94,5	3779	1
3780	94,5	3780	1
3781	94,5	3781	0
3782	94,5	3782	0
3783	94,5	3783	0
3784	94,5	3784	0
3785	94,5	3785	0
3786	94,5	3786	1
3787	94,5	3787	1
3788	94,5	3788	1
3789	94,5	3789	0
3790	94,5	3790	1
3791	94,4	3791	1
3792	94,4	3792	1
3793	94,4	3793	0
3794	94,4	3794	1
3795	94,4	3795	1
3796	94,4	3796	0
3797	94,4	3797	0
3798	94,4	3798	1
3799	94,4	3799	1
3800	94,4	3800	0
3801	94,4	3801	0
3802	94,4	3802	0
3803	94,4	3803	1
3804	94,4	3804	1
3805	94,3	3805	1
3806	94,4	3806	0
3807	94,4	3807	0
3808	94,3	3808	1
3809	94,3	3809	1
3810	94,3	3810	0
3811	94,3	3811	1
3812	94,3	3812	1
3813	94,3	3813	1
3814	94,3	3814	1
3815	94,3	3815	1
3816	94,3	3816	1
3817	94,3	3817	0
3818	94,3	3818	0
3819	94,3	3819	0
3820	94,3	3820	1
3821	94,3	3821	1
3822	94,3	3822	0
3823	94,3	3823	0
3824	94,3	3824	1
3825	94,1	3825	0
3826	94,3	3826	0
3827	94,3	3827	1
3828	94,1	3828	1
3829	94,1	3829	0
3830	94,1	3830	0
3831	94,1	3831	0
3832	94,1	3832	0
3833	94,1	3833	0
3834	94,1	3834	1
3835	94,1	3835	0
3836	94,1	3836	0
3837	94,1	3837	0
3838	94,1	3838	1
3839	94,1	3839	1
3840	94,1	3840	1
3841	94,1	3841	0
3842	94,1	3842	0
3843	94,1	3843	0
3844	94,1	3844	1
3845	94,1	3845	1
3846	94,1	3846	0
3847	94,1	3847	0
3848	94,1	3848	0
3849	94,1	3849	1
3850	94,1	3850	1
3851	94,1	3851	0
3852	94,1	3852	0
3853	94,1	3853	0
3854	94,1	3854	0
3855	94,1	3855	0
3856	94	3856	0
3857	94	3857	0
3858	94	3858	0
3859	94	3859	0
3860	94	3860	0
3861	94	3861	0
3862	94	3862	0
3863	94	3863	0
3864	94	3864	0
3865	94	3865	0
3866	94	3866	0
3867	94	3867	0
3868	94	3868	0
3869	94	3869	0
3870	94	3870	0
3871	94	3871	0
3872	94	3872	0
3873	94	3873	0
3874	94	3874	0
3875	94	3875	0
3876	94	3876	0
3877	94	3877	0
3878	94	3878	0
3879	94	3879	0
3880	94	3880	0
3881	94	3881	0
3882	94	3882	0
3883	94	3883	0
3884	94	3884	0
3885	94	3885	0
3886	94	3886	0
3887	93,9	3887	0
3888	93,9	3888	0
3889	93,9	3889	0
3890	93,9	3890	0
3891	93,9	3891	0
3892	93,9	3892	0
3893	93,9	3893	0
3894	93,9	3894	0
3895	93,9	3895	0
3896	93,9	3896	0
3897	93,9	3897	0
3898	93,9	3898	0
3899	93,9	3899	0
3900	93,9	3900	0
3901	93,9	3901	0
3902	93,9	3902	0
3903	93,8	3903	0
3904	93,8	3904	0
3905	93,8	3905	0
3906	93,8	3906	0
3907	93,8	3907	0
3908	93,8	3908	0
3909	93,8	3909	0
3910	93,8	3910	0
3911	93,8	3911	0
3912	93,8	3912	0
3913	93,8	3913	0
3914	93,8	3914	0
3915	93,8	3915	0
3916	93,8	3916	0
3917	93,8	3917	0
3918	93,8	3918	0
3919	93,8	3919	0
3920	93,8	3920	0
3921	93,8	3921	0
3922	93,8	3922	0
3923	93,8	3923	0
3924	93,6	3924	0
3925	93,6	3925	0
3926	93,6	3926	0
3927	93,6	3927	0
3928	93,6	3928	0
3929	93,6	3929	0
3930	93,6	3930	0
3931	93,6	3931	0
3932	93,6	3932	0
3933	93,6	3933	0
3934	93,6	3934	0
3935	93,6	3935	0
3936	93,5	3936	0
3937	93,5	3937	0
3938	93,5	3938	0
3939	93,5	3939	0
3940	93,5	3940	0
3941	93,5	3941	0
3942	93,5	3942	0
3943	93,5	3943	0
3944	93,5	3944	0
3945	93,5	3945	0
3946	93,5	3946	0
3947	93,5	3947	0
3948	93,5	3948	0
3949	93,5	3949	0
3950	93,5	3950	0
3951	93,5	3951	0
3952	93,5	3952	0
3953	93,5	3953	0
3954	93,5	3954	0
3955	93,5	3955	0
3956	93,5	3956	0
3957	93,5	3957	0
3958	93,4	3958	0
3959	93,4	3959	0
3960	93,4	3960	0
3961	93,4	3961	0
3962	93,4	3962	0
3963	93,4	3963	0
3964	93,4	3964	0
3965	93,4	3965	0
3966	93,4	3966	0
3967	93,4	3967	0
3968	93,4	3968	0
3969	93,4	3969	0
3970	93,4	3970	0
3971	93,4	3971	0
3972	93,4	3972	0
3973	93,4	3973	0
3974	93,4	3974	0
3975	93,4	3975	0
3976	93,3	3976	0
3977	93,3	3977	0
3978	93,3	3978	0
3979	93,3	3979	0
3980	93,3	3980	0
3981	93,3	3981	0
3982	93,3	3982	0
3983	93,3	3983	0
3984	93,3	3984	0
3985	93,3	3985	0
3986	93,3	3986	0
3987	93,3	3987	0
3988	93,3	3988	0
3989	93,3	3989	0
3990	93,3	3990	0
3991	93,1	3991	0
3992	93,1	3992	0
3993	93,1	3993	0
3994	93,1	3994	0
3995	93,1	3995	0
3996	93,1	3996	0
3997	93,1	3997	0
3998	93,1	3998	0
3999	93,1	3999	0
4000	93,1	4000	0
4001	93,1	4001	0
4002	93,1	4002	0
4003	93,1	4003	0
4004	93,1	4004	0
4005	93,1	4005	0
4006	93,1	4006	0
4007	93,1	4007	0
4008	93,1	4008	0
4009	93,1	4009	0
4010	93,1	4010	0
4011	93,1	4011	0
4012	93,1	4012	0
4013	93,1	4013	0
4014	93,1	4014	0
4015	93,1	4015	0
4016	93	4016	0
4017	93	4017	0
4018	93	4018	0
4019	93	4019	0
4020	93	4020	0
4021	93	4021	0
4022	93	4022	0
4023	93	4023	0
4024	93	4024	0
4025	93	4025	0
4026	93	4026	0
4027	93	4027	0
4028	93	4028	0
4029	93	4029	0
4030	93	4030	0
4031	93	4031	0
4032	93	4032	0
4033	93	4033	0
4034	93	4034	0
4035	93	4035	0
4036	93	4036	0
4037	93	4037	0
4038	92,9	4038	0
4039	92,9	4039	0
4040	92,9	4040	0
4041	92,9	4041	0
4042	92,9	4042	0
4043	92,9	4043	0
4044	92,9	4044	0
4045	92,9	4045	0
4046	92,9	4046	0
4047	92,9	4047	0
4048	92,9	4048	0
4049	92,9	4049	0
4050	92,9	4050	0
4051	92,9	4051	0
4052	92,8	4052	0
4053	92,8	4053	0
4054	92,8	4054	0
4055	92,8	4055	0
4056	92,8	4056	0
4057	92,8	4057	0
4058	92,8	4058	0
4059	92,8	4059	0
4060	92,8	4060	0
4061	92,8	4061	0
4062	92,8	4062	0
4063	92,8	4063	0
4064	92,8	4064	0
4065	92,8	4065	0
4066	92,8	4066	0
4067	92,6	4067	0
4068	92,6	4068	0
4069	92,6	4069	0
4070	92,6	4070	0
4071	92,6	4071	0
4072	92,6	4072	0
4073	92,6	4073	0
4074	92,6	4074	0
4075	92,6	4075	0
4076	92,5	4076	0
4077	92,5	4077	0
4078	92,5	4078	0
4079	92,5	4079	0
4080	92,5	4080	0
4081	92,6	4081	0
4082	92,5	4082	0
4083	92,5	4083	0
4084	92,5	4084	0
4085	92,5	4085	0
4086	92,5	4086	0
4087	92,5	4087	0
4088	92,5	4088	0
4089	92,5	4089	0
4090	92,5	4090	0
4091	92,5	4091	0
4092	92,5	4092	0
4093	92,5	4093	0
4094	92,5	4094	0
4095	92,5	4095	0
4096	92,5	4096	0
4097	92,5	4097	0
4098	92,5	4098	0
4099	92,5	4099	0
4100	92,5	4100	0
4101	92,5	4101	0
4102	92,5	4102	0
4103	92,5	4103	0
4104	92,5	4104	0
4105	92,5	4105	0
4106	92,4	4106	0
4107	92,4	4107	0
4108	92,4	4108	0
4109	92,4	4109	0
4110	92,4	4110	0
4111	92,4	4111	0
4112	92,4	4112	0
4113	92,4	4113	0
4114	92,4	4114	0
4115	92,4	4115	0
4116	92,4	4116	0
4117	92,4	4117	0
4118	92,4	4118	0
4119	92,4	4119	0
4120	92,3	4120	0
4121	92,4	4121	0
4122	92,3	4122	0
4123	92,4	4123	0
4124	92,4	4124	0
4125	92,4	4125	0
4126	92,3	4126	0
4127	92,3	4127	0
4128	92,3	4128	0
4129	92,3	4129	0
4130	92,3	4130	0
4131	92,3	4131	0
4132	92,3	4132	0
4133	92,3	4133	0
4134	92,3	4134	0
4135	92,3	4135	0
4136	92,3	4136	0
4137	92,3	4137	0
4138	92,1	4138	0
4139	92,1	4139	0
4140	92,3	4140	0
4141	92,1	4141	0
4142	92,1	4142	0
4143	92,1	4143	0
4144	92,1	4144	0
4145	92,1	4145	0
4146	92,1	4146	0
4147	92,1	4147	0
4148	92,1	4148	0
4149	92,1	4149	0
4150	92,1	4150	0
4151	92,1	4151	0
4152	92,1	4152	0
4153	92,1	4153	0
4154	92,1	4154	0
4155	92,1	4155	0
4156	92	4156	0
4157	92	4157	0
4158	92	4158	0
4159	92	4159	0
4160	92	4160	0
4161	92	4161	0
4162	92	4162	0
4163	92	4163	0
4164	92	4164	0
4165	92	4165	0
4166	92	4166	0
4167	92	4167	0
4168	92	4168	0
4169	92	4169	0
4170	92	4170	0
4171	92	4171	0
4172	92	4172	0
4173	92	4173	0
4174	92	4174	0
4175	92	4175	0
4176	91,9	4176	0
4177	91,9	4177	0
4178	91,9	4178	0
4179	91,9	4179	0
4180	91,9	4180	0
4181	91,9	4181	0
4182	91,9	4182	0
4183	91,9	4183	0
4184	91,9	4184	0
4185	91,9	4185	0
4186	91,9	4186	0
4187	91,9	4187	0
4188	91,9	4188	0
4189	91,9	4189	0
4190	91,8	4190	0
4191	91,8	4191	0
4192	91,8	4192	0
4193	91,8	4193	0
4194	91,8	4194	0
4195	91,8	4195	0
4196	91,8	4196	0
4197	91,8	4197	0
4198	91,8	4198	0
4199	91,8	4199	0
4200	91,8	4200	0
4201	91,8	4201	0
4202	91,8	4202	0
4203	91,8	4203	0
4204	91,8	4204	0
4205	91,8	4205	0
4206	91,8	4206	0
4207	91,8	4207	0
4208	91,8	4208	0
4209	91,8	4209	0
4210	91,8	4210	0
4211	91,8	4211	0
4212	91,8	4212	0
4213	91,6	4213	0
4214	91,6	4214	0
4215	91,6	4215	0
4216	91,6	4216	0
4217	91,6	4217	0
4218	91,6	4218	0
4219	91,6	4219	0
4220	91,6	4220	0
4221	91,6	4221	0
4222	91,6	4222	0
4223	91,6	4223	0
4224	91,6	4224	0
4225	91,6	4225	0
4226	91,6	4226	0
4227	91,6	4227	0
4228	91,6	4228	0
4229	91,5	4229	0
4230	91,5	4230	0
4231	91,5	4231	0
4232	91,5	4232	0
4233	91,5	4233	0
4234	91,5	4234	0
4235	91,5	4235	0
4236	91,5	4236	0
4237	91,5	4237	0
4238	91,5	4238	0
4239	91,5	4239	0
4240	91,5	4240	0
4241	91,5	4241	0
4242	91,5	4242	0
4243	91,5	4243	0
4244	91,5	4244	0
4245	91,5	4245	0
4246	91,5	4246	0
4247	91,5	4247	0
4248	91,5	4248	0
4249	91,5	4249	0
4250	91,5	4250	0
4251	91,5	4251	0
4252	91,5	4252	0
4253	91,5	4253	0
4254	91,5	4254	0
4255	91,5	4255	0
4256	91,5	4256	0
4257	91,5	4257	0
4258	91,5	4258	0
4259	91,4	4259	0
4260	91,4	4260	0
4261	91,5	4261	0
4262	91,5	4262	0
4263	91,5	4263	0
4264	91,5	4264	0
4265	91,5	4265	0
4266	91,5	4266	0
4267	91,5	4267	0
4268	91,5	4268	0
4269	91,5	4269	0
4270	91,5	4270	0
4271	91,5	4271	0
4272	91,5	4272	0
4273	91,6	4273	0
4274	91,6	4274	0
4275	91,6	4275	0
4276	91,6	4276	0
4277	91,6	4277	0
4278	91,6	4278	0
4279	91,6	4279	0
4280	91,6	4280	0
4281	91,6	4281	0
4282	91,5	4282	0
4283	91,5	4283	0
4284	91,5	4284	0
4285	91,5	4285	0
4286	91,5	4286	0
4287	91,5	4287	0
4288	91,5	4288	0
4289	91,5	4289	0
4290	91,5	4290	0
4291	91,5	4291	0
4292	91,5	4292	0
4293	91,5	4293	0
4294	91,5	4294	0
4295	91,4	4295	0
4296	91,4	4296	0
4297	91,4	4297	0
4298	91,4	4298	0
4299	91,4	4299	0
4300	91,4	4300	0
4301	91,4	4301	0
4302	91,3	4302	0
4303	91,3	4303	0
4304	91,3	4304	0
4305	91,3	4305	0
4306	91,3	4306	0
4307	91,3	4307	0
4308	91,3	4308	0
4309	91,3	4309	0
4310	91,3	4310	0
4311	91,3	4311	0
4312	91,3	4312	0
4313	91,3	4313	0
4314	91,3	4314	0
4315	91,1	4315	0
4316	91,1	4316	0
4317	91,1	4317	0
4318	91,1	4318	0
4319	91,1	4319	0
4320	91,1	4320	0
4321	91,1	4321	0
4322	91,1	4322	0
4323	91,1	4323	0
4324	91,1	4324	0
4325	91,1	4325	0
4326	91,1	4326	0
4327	91,1	4327	0
4328	91,1	4328	0
4329	91	4329	0
4330	91	4330	0
4331	91	4331	0
4332	91	4332	0
4333	91	4333	0
4334	91	4334	0
4335	91	4335	0
4336	91	4336	0
4337	91	4337	0
4338	91	4338	0
4339	91	4339	0
4340	91	4340	0
4341	91	4341	0
4342	91	4342	0
4343	91	4343	0
4344	91	4344	0
4345	91	4345	0
4346	91	4346	0
4347	91	4347	0
4348	91	4348	0
4349	91	4349	0
4350	91	4350	0
4351	91	4351	0
4352	91	4352	0
4353	91	4353	0
4354	90,9	4354	0
4355	90,9	4355	0
4356	90,9	4356	0
4357	90,9	4357	0
4358	90,9	4358	0
4359	90,9	4359	0
4360	90,9	4360	0
4361	90,9	4361	0
4362	90,8	4362	0
4363	90,8	4363	0
4364	90,8	4364	0
4365	90,8	4365	0
4366	90,8	4366	0
4367	90,8	4367	0
4368	90,8	4368	0
4369	90,8	4369	0
4370	90,8	4370	0
4371	90,6	4371	0
4372	90,6	4372	0
4373	90,6	4373	0
4374	90,6	4374	0
4375	90,6	4375	0
4376	90,6	4376	0
4377	90,6	4377	0
4378	90,6	4378	0
4379	90,6	4379	0
4380	90,6	4380	0
4381	90,6	4381	0
4382	90,6	4382	0
4383	90,6	4383	0
4384	90,6	4384	0
4385	90,6	4385	0
4386	90,6	4386	0
4387	90,6	4387	0
4388	90,6	4388	0
4389	90,5	4389	0
4390	90,5	4390	0
4391	90,5	4391	0
4392	90,5	4392	0
4393	90,5	4393	0
4394	90,5	4394	0
4395	90,5	4395	0
4396	90,5	4396	0
4397	90,5	4397	0
4398	90,5	4398	0
4399	90,5	4399	0
4400	90,5	4400	0
4401	90,5	4401	0
4402	90,5	4402	0
4403	90,5	4403	0
4404	90,5	4404	0
4405	90,5	4405	0
4406	90,5	4406	0
4407	90,5	4407	0
4408	90,5	4408	0
4409	90,5	4409	0
4410	90,5	4410	0
4411	90,5	4411	0
4412	90,5	4412	0
4413	90,4	4413	0
4414	90,4	4414	0
4415	90,4	4415	0
4416	90,4	4416	0
4417	90,4	4417	0
4418	90,4	4418	0
4419	90,3	4419	0
4420	90,3	4420	0
4421	90,3	4421	0
4422	90,3	4422	0
4423	90,3	4423	0
4424	90,3	4424	0
4425	90,3	4425	0
4426	90,3	4426	0
4427	90,3	4427	0
4428	90,1	4428	0
4429	90,1	4429	0
4430	90,1	4430	0
4431	90,1	4431	0
4432	90,1	4432	0
4433	90,1	4433	0
4434	90,1	4434	0
4435	90,1	4435	0
4436	90,1	4436	0
4437	90,1	4437	0
4438	90	4438	0
4439	90	4439	0
4440	90	4440	0
4441	90	4441	0
4442	90	4442	0
4443	90	4443	0
4444	90	4444	0
4445	90	4445	0
4446	90	4446	0
4447	90	4447	0
4448	90	4448	0
4449	90	4449	0
4450	90	4450	0
4451	90	4451	0
4452	90	4452	0
4453	90	4453	0
4454	90	4454	0
4455	90	4455	0
4456	90	4456	0
4457	90	4457	0
4458	90	4458	0
4459	90	4459	0
4460	90	4460	0
4461	90	4461	0
4462	89,9	4462	0
4463	89,9	4463	0
4464	89,9	4464	0
4465	89,9	4465	0
4466	89,9	4466	0
4467	89,9	4467	0
4468	89,9	4468	0
4469	89,9	4469	0
4470	89,9	4470	0
4471	89,9	4471	0
4472	89,9	4472	0
4473	89,9	4473	0
4474	89,9	4474	0
4475	89,9	4475	0
4476	89,9	4476	0
4477	89,9	4477	0
4478	89,9	4478	0
4479	89,9	4479	0
4480	89,9	4480	0
4481	89,9	4481	0
4482	89,9	4482	0
4483	89,9	4483	0
4484	89,9	4484	0
4485	89,9	4485	0
4486	89,9	4486	0
4487	89,9	4487	0
4488	89,9	4488	0
4489	89,9	4489	0
4490	89,9	4490	0
4491	89,9	4491	0
4492	89,9	4492	0
4493	89,9	4493	0
4494	89,9	4494	0
4495	89,9	4495	0
4496	89,9	4496	0
4497	89,9	4497	0
4498	89,9	4498	0
4499	89,9	4499	0
4500	89,9	4500	0
