Time - Temeperatura (°C)	Temperatura (°C) & Presión (kPa) - Temeperatura (°C)	Time - Presión (kPa)	Temperatura (°C) & Presión (kPa) - Presión (kPa)
0	66,3	0	1
1	63,5	1	0
2	63,5	2	0
3	63,5	3	0
4	63,5	4	0
5	63,5	5	0
6	63,5	6	0
7	63,4	7	0
8	63,4	8	0
9	63,4	9	0
10	63,4	10	0
11	63,4	11	0
12	63,4	12	0
13	63,4	13	0
14	63,4	14	0
15	63,4	15	0
16	63,4	16	0
17	63,4	17	0
18	63,4	18	0
19	63,2	19	0
20	63,2	20	0
21	63,2	21	0
22	63,2	22	0
23	63,2	23	0
24	63,2	24	0
25	63,2	25	0
26	63,2	26	0
27	63,2	27	0
28	63,2	28	0
29	63,2	29	0
30	63,2	30	0
31	63,2	31	0
32	63,2	32	0
33	63,2	33	0
34	63,2	34	0
35	63,2	35	0
36	63,2	36	0
37	63	37	0
38	63	38	0
39	63	39	0
40	63	40	0
41	63	41	0
42	63	42	0
43	63	43	0
44	63	44	0
45	63	45	0
46	63	46	0
47	63	47	0
48	63	48	0
49	63	49	0
50	63	50	0
51	63	51	0
52	63	52	0
53	62,9	53	0
54	62,9	54	0
55	62,9	55	0
56	62,9	56	0
57	62,9	57	0
58	62,9	58	0
59	62,9	59	0
60	62,9	60	0
61	62,9	61	0
62	62,9	62	0
63	62,9	63	0
64	62,9	64	0
65	62,7	65	0
66	62,7	66	0
67	62,7	67	0
68	62,7	68	0
69	62,7	69	0
70	62,7	70	0
71	62,7	71	0
72	62,7	72	0
73	62,7	73	0
74	62,7	74	0
75	62,7	75	0
76	62,7	76	0
77	62,7	77	0
78	62,7	78	0
79	62,7	79	0
80	62,7	80	0
81	62,7	81	0
82	62,7	82	0
83	62,7	83	0
84	62,7	84	0
85	62,7	85	0
86	62,7	86	0
87	62,7	87	0
88	62,7	88	0
89	62,7	89	0
90	62,7	90	0
91	62,7	91	0
92	62,7	92	0
93	62,7	93	0
94	62,7	94	0
95	62,7	95	0
96	62,7	96	0
97	62,7	97	0
98	62,7	98	0
99	62,7	99	0
100	62,7	100	0
101	62,7	101	0
102	62,5	102	0
103	62,5	103	0
104	62,5	104	0
105	62,5	105	0
106	62,5	106	0
107	62,5	107	0
108	62,5	108	0
109	62,5	109	0
110	62,5	110	0
111	62,5	111	0
112	62,5	112	0
113	62,5	113	0
114	62,5	114	0
115	62,5	115	0
116	62,5	116	0
117	62,5	117	0
118	62,5	118	0
119	62,5	119	0
120	62,5	120	0
121	62,5	121	0
122	62,5	122	0
123	62,5	123	0
124	62,5	124	0
125	62,5	125	0
126	62,5	126	0
127	62,5	127	0
128	62,5	128	0
129	62,4	129	0
130	62,4	130	0
131	62,4	131	0
132	62,4	132	0
133	62,4	133	0
134	62,4	134	0
135	62,4	135	0
136	62,4	136	0
137	62,4	137	0
138	62,4	138	0
139	62,4	139	0
140	62,4	140	0
141	62,4	141	0
142	62,4	142	0
143	62,4	143	0
144	62,4	144	0
145	62,4	145	0
146	62,4	146	0
147	62,4	147	0
148	62,4	148	0
149	62,4	149	0
150	62,4	150	0
151	62,4	151	0
152	62,4	152	0
153	62,4	153	0
154	62,4	154	0
155	62,4	155	0
156	62,4	156	0
157	62,4	157	0
158	62,4	158	0
159	62,2	159	0
160	62,2	160	0
161	62,2	161	0
162	62,2	162	0
163	62,2	163	0
164	62,2	164	0
165	62,2	165	0
166	62,2	166	0
167	62,2	167	0
168	62,2	168	0
169	62,2	169	0
170	62,2	170	0
171	62,2	171	0
172	62,2	172	0
173	62,2	173	0
174	62,2	174	0
175	62,2	175	0
176	62,2	176	0
177	62,2	177	0
178	62,2	178	0
179	62,2	179	0
180	62,2	180	0
181	62,2	181	0
182	62,2	182	0
183	62,2	183	0
184	62,2	184	0
185	62,2	185	0
186	62,2	186	0
187	62,2	187	0
188	62,2	188	0
189	62,2	189	0
190	62,2	190	0
191	62,2	191	0
192	62,2	192	0
193	62,2	193	0
194	62,2	194	0
195	62,2	195	0
196	62,2	196	0
197	62	197	0
198	62	198	0
199	62	199	0
200	62	200	0
201	62	201	0
202	62	202	0
203	62	203	0
204	62	204	0
205	62	205	0
206	62	206	0
207	62	207	0
208	62	208	0
209	62	209	0
210	62	210	0
211	62	211	0
212	62	212	0
213	62	213	0
214	62	214	0
215	62	215	0
216	62	216	0
217	62	217	0
218	62	218	0
219	62	219	0
220	62	220	0
221	62	221	0
222	62	222	0
223	62	223	0
224	62	224	0
225	62	225	0
226	62	226	0
227	62	227	0
228	62	228	0
229	62	229	0
230	62	230	0
231	62	231	0
232	62	232	0
233	62	233	0
234	62	234	0
235	62	235	0
236	62	236	0
237	62	237	0
238	62	238	0
239	62	239	0
240	62	240	0
241	62	241	0
242	62	242	0
243	62	243	0
244	62	244	0
245	62	245	0
246	62	246	0
247	62	247	0
248	62	248	0
249	62	249	0
250	62	250	0
251	61,9	251	0
252	61,9	252	0
253	61,9	253	0
254	61,9	254	0
255	61,9	255	0
256	61,9	256	0
257	61,9	257	0
258	61,9	258	0
259	61,9	259	0
260	61,9	260	0
261	61,9	261	0
262	61,9	262	0
263	61,9	263	0
264	61,9	264	0
265	61,9	265	0
266	61,9	266	0
267	61,9	267	0
268	61,9	268	0
269	61,9	269	0
270	61,9	270	0
271	61,9	271	0
272	61,7	272	0
273	61,7	273	0
274	61,7	274	0
275	61,7	275	0
276	61,7	276	0
277	61,7	277	0
278	61,7	278	0
279	61,7	279	0
280	61,7	280	0
281	61,7	281	0
282	61,7	282	0
283	61,7	283	0
284	61,7	284	0
285	61,7	285	0
286	61,7	286	0
287	61,7	287	0
288	61,7	288	0
289	61,7	289	0
290	61,7	290	0
291	61,7	291	0
292	61,7	292	0
293	61,7	293	0
294	61,7	294	0
295	61,7	295	0
296	61,7	296	0
297	61,7	297	0
298	61,7	298	0
299	61,7	299	0
300	61,7	300	0
301	61,7	301	0
302	61,7	302	0
303	61,7	303	0
304	61,7	304	0
305	61,7	305	0
306	61,7	306	0
307	61,7	307	0
308	61,7	308	0
309	61,7	309	0
310	61,7	310	0
311	61,7	311	0
312	61,7	312	0
313	61,7	313	0
314	61,7	314	0
315	61,7	315	0
316	61,5	316	0
317	61,7	317	0
318	61,5	318	0
319	61,5	319	0
320	61,5	320	0
321	61,5	321	0
322	61,5	322	0
323	61,5	323	0
324	61,5	324	0
325	61,5	325	0
326	61,5	326	0
327	61,5	327	0
328	61,5	328	0
329	61,5	329	0
330	61,5	330	0
331	61,5	331	0
332	61,5	332	0
333	61,5	333	0
334	61,5	334	0
335	61,5	335	0
336	61,5	336	0
337	61,5	337	0
338	61,5	338	0
339	61,5	339	0
340	61,5	340	0
341	61,5	341	0
342	61,5	342	0
343	61,5	343	0
344	61,5	344	0
345	61,5	345	0
346	61,5	346	0
347	61,5	347	0
348	61,5	348	0
349	61,5	349	0
350	61,5	350	0
351	61,5	351	0
352	61,5	352	0
353	61,5	353	0
354	61,5	354	0
355	61,5	355	0
356	61,5	356	0
357	61,5	357	0
358	61,5	358	0
359	61,5	359	0
360	61,5	360	0
361	61,5	361	0
362	61,5	362	0
363	61,5	363	0
364	61,5	364	0
365	61,5	365	0
366	61,5	366	0
367	61,5	367	0
368	61,5	368	0
369	61,5	369	0
370	61,5	370	0
371	61,5	371	0
372	61,4	372	0
373	61,5	373	0
374	61,5	374	0
375	61,4	375	0
376	61,4	376	0
377	61,4	377	0
378	61,4	378	0
379	61,4	379	0
380	61,4	380	0
381	61,4	381	0
382	61,4	382	0
383	61,4	383	0
384	61,4	384	0
385	61,4	385	0
386	61,4	386	0
387	61,4	387	0
388	61,4	388	0
389	61,4	389	0
390	61,4	390	0
391	61,4	391	0
392	61,4	392	0
393	61,4	393	0
394	61,4	394	0
395	61,4	395	0
396	61,4	396	0
397	61,2	397	0
398	61,2	398	0
399	61,2	399	0
400	61,2	400	0
401	61,2	401	0
402	61,2	402	0
403	61,2	403	0
404	61,2	404	0
405	61,2	405	0
406	61,2	406	0
407	61,2	407	0
408	61,2	408	0
409	61,2	409	0
410	61,2	410	0
411	61,2	411	0
412	61,2	412	0
413	61,2	413	0
414	61,2	414	0
415	61,2	415	0
416	61,2	416	0
417	61,2	417	0
418	61,2	418	0
419	61,2	419	0
420	61,2	420	0
421	61,2	421	0
422	61,2	422	0
423	61,2	423	0
424	61,2	424	0
425	61,2	425	0
426	61,2	426	0
427	61,2	427	0
428	61,2	428	0
429	61,2	429	0
430	61,2	430	0
431	61,2	431	0
432	61,2	432	0
433	61,2	433	0
434	61,2	434	0
435	61,2	435	0
436	61,2	436	0
437	61,4	437	0
438	61,4	438	0
439	61,4	439	0
440	61,4	440	0
441	61,5	441	0
442	61,5	442	0
443	61,5	443	0
444	61,5	444	0
445	61,5	445	0
446	61,5	446	0
447	61,5	447	0
448	61,7	448	0
449	61,7	449	0
450	61,7	450	0
451	61,7	451	0
452	61,7	452	0
453	61,7	453	0
454	61,7	454	0
455	61,7	455	0
456	61,7	456	0
457	61,7	457	0
458	61,7	458	0
459	61,9	459	0
460	61,9	460	0
461	61,9	461	0
462	61,9	462	0
463	61,9	463	0
464	61,9	464	0
465	62	465	0
466	62	466	0
467	62	467	0
468	62	468	0
469	62	469	0
470	62	470	0
471	62	471	0
472	62,2	472	0
473	62,2	473	0
474	62,2	474	0
475	62,2	475	0
476	62,2	476	0
477	62,2	477	0
478	62,4	478	0
479	62,4	479	0
480	62,4	480	0
481	62,4	481	0
482	62,5	482	0
483	62,5	483	0
484	62,5	484	0
485	62,5	485	0
486	62,5	486	0
487	62,5	487	0
488	62,7	488	0
489	62,7	489	0
490	62,7	490	0
491	62,7	491	0
492	62,7	492	0
493	62,9	493	0
494	62,9	494	0
495	62,9	495	0
496	63	496	0
497	63	497	0
498	63	498	0
499	63	499	0
500	63	500	0
501	63,2	501	0
502	63,2	502	0
503	63,2	503	0
504	63,2	504	0
505	63,2	505	0
506	63,4	506	0
507	63,4	507	0
508	63,5	508	0
509	63,5	509	0
510	63,5	510	0
511	63,7	511	0
512	63,7	512	0
513	63,7	513	0
514	63,7	514	0
515	63,9	515	0
516	63,9	516	0
517	64	517	0
518	64	518	0
519	64,1	519	0
520	64,1	520	0
521	64,3	521	0
522	64,4	522	0
523	64,4	523	0
524	64,5	524	0
525	64,5	525	0
526	64,5	526	0
527	64,6	527	0
528	64,6	528	0
529	64,8	529	0
530	64,8	530	0
531	64,9	531	0
532	65	532	0
533	65	533	0
534	65	534	0
535	65	535	0
536	65,1	536	0
537	65,1	537	0
538	65,3	538	0
539	65,3	539	0
540	65,4	540	0
541	65,4	541	0
542	65,5	542	0
543	65,5	543	0
544	65,5	544	0
545	65,6	545	0
546	65,8	546	0
547	65,8	547	0
548	65,9	548	0
549	66	549	0
550	66	550	0
551	66	551	0
552	66,1	552	0
553	66,3	553	0
554	66,4	554	0
555	66,4	555	0
556	66,5	556	0
557	66,5	557	0
558	66,5	558	0
559	66,6	559	0
560	66,8	560	0
561	66,9	561	0
562	67	562	0
563	67	563	0
564	67	564	0
565	67,1	565	0
566	67,1	566	0
567	67,3	567	0
568	67,4	568	0
569	67,5	569	0
570	67,5	570	0
571	67,6	571	0
572	67,6	572	0
573	67,8	573	0
574	67,9	574	0
575	68	575	0
576	68	576	0
577	68,1	577	0
578	68,3	578	0
579	68,3	579	0
580	68,4	580	0
581	68,5	581	0
582	68,5	582	0
583	68,5	583	0
584	68,6	584	0
585	68,8	585	0
586	68,8	586	0
587	68,9	587	0
588	69	588	0
589	69	589	0
590	69	590	0
591	69,1	591	0
592	69,1	592	0
593	69,3	593	0
594	69,4	594	0
595	69,4	595	0
596	69,5	596	0
597	69,5	597	0
598	69,5	598	0
599	69,6	599	0
600	69,8	600	0
601	69,9	601	0
602	70	602	0
603	70	603	0
604	70,1	604	0
605	70,1	605	0
606	70,3	606	0
607	70,4	607	0
608	70,5	608	0
609	70,5	609	0
610	70,6	610	0
611	70,8	611	0
612	70,9	612	0
613	71	613	0
614	71	614	0
615	71,1	615	0
616	71,3	616	0
617	71,4	617	0
618	71,5	618	0
619	71,5	619	0
620	71,5	620	0
621	71,6	621	0
622	71,6	622	0
623	71,8	623	0
624	71,9	624	0
625	72	625	0
626	72	626	0
627	72,1	627	0
628	72,1	628	0
629	72,3	629	0
630	72,4	630	0
631	72,5	631	0
632	72,5	632	0
633	72,6	633	0
634	72,6	634	0
635	72,8	635	0
636	72,9	636	0
637	73	637	0
638	73	638	0
639	73	639	0
640	73,1	640	0
641	73,3	641	0
642	73,4	642	0
643	73,4	643	0
644	73,5	644	0
645	73,5	645	0
646	73,6	646	0
647	73,6	647	0
648	73,8	648	0
649	73,9	649	0
650	73,9	650	0
651	74	651	0
652	74	652	0
653	74,1	653	0
654	74,3	654	0
655	74,3	655	0
656	74,4	656	0
657	74,5	657	0
658	74,5	658	0
659	74,5	659	0
660	74,6	660	0
661	74,8	661	0
662	74,9	662	0
663	75	663	0
664	75	664	0
665	75,1	665	0
666	75,3	666	0
667	75,4	667	0
668	75,5	668	0
669	75,5	669	0
670	75,6	670	0
671	75,8	671	0
672	75,9	672	0
673	76	673	0
674	76,1	674	0
675	76,3	675	0
676	76,4	676	0
677	76,5	677	0
678	76,6	678	0
679	76,8	679	0
680	76,9	680	0
681	77	681	0
682	77	682	0
683	77,1	683	0
684	77,3	684	0
685	77,3	685	0
686	77,5	686	0
687	77,5	687	0
688	77,5	688	0
689	77,6	689	0
690	77,8	690	1
691	77,9	691	1
692	78	692	0
693	78	693	1
694	78,1	694	1
695	78,3	695	1
696	78,4	696	1
697	78,5	697	1
698	78,5	698	2
699	78,6	699	1
700	78,8	700	0
701	78,9	701	0
702	79	702	2
703	79	703	2
704	79,1	704	2
705	79,3	705	1
706	79,4	706	2
707	79,5	707	2
708	79,5	708	2
709	79,6	709	2
710	79,8	710	2
711	79,9	711	2
712	80	712	2
713	80	713	2
714	80	714	3
715	80,1	715	2
716	80,3	716	3
717	80,4	717	3
718	80,5	718	3
719	80,5	719	3
720	80,6	720	3
721	80,8	721	4
722	80,8	722	4
723	80,9	723	4
724	81	724	4
725	81	725	4
726	81	726	5
727	81,1	727	5
728	81,3	728	5
729	81,3	729	5
730	81,4	730	5
731	81,4	731	4
732	81,5	732	4
733	81,5	733	4
734	81,5	734	5
735	81,6	735	5
736	81,8	736	6
737	81,8	737	6
738	81,9	738	5
739	82	739	5
740	82	740	5
741	82,1	741	6
742	82,3	742	6
743	82,3	743	6
744	82,5	744	6
745	82,5	745	6
746	82,6	746	6
747	82,8	747	7
748	82,9	748	6
749	83	749	6
750	83,1	750	6
751	83,1	751	6
752	83,4	752	7
753	83,5	753	7
754	83,5	754	6
755	83,6	755	7
756	83,8	756	7
757	83,9	757	7
758	84	758	7
759	84	759	8
760	84,1	760	8
761	84,3	761	8
762	84,4	762	8
763	84,4	763	8
764	84,5	764	9
765	84,5	765	9
766	84,6	766	9
767	84,8	767	8
768	84,8	768	9
769	84,9	769	9
770	84,9	770	9
771	85	771	9
772	85	772	10
773	85	773	10
774	85,1	774	9
775	85,3	775	10
776	85,3	776	10
777	85,4	777	10
778	85,5	778	10
779	85,5	779	10
780	85,6	780	11
781	85,6	781	11
782	85,8	782	11
783	85,9	783	11
784	86	784	11
785	86	785	11
786	86	786	12
787	86,1	787	11
788	86,3	788	11
789	86,4	789	11
790	86,5	790	11
791	86,5	791	11
792	86,5	792	12
793	86,6	793	11
794	86,6	794	11
795	86,8	795	12
796	86,9	796	13
797	86,9	797	13
798	87	798	13
799	87	799	12
800	87	800	13
801	87,1	801	13
802	87,3	802	13
803	87,4	803	14
804	87,4	804	13
805	87,5	805	13
806	87,5	806	13
807	87,5	807	14
808	87,6	808	15
809	87,6	809	15
810	87,8	810	14
811	87,9	811	15
812	88	812	15
813	88	813	15
814	88	814	15
815	88,1	815	16
816	88,3	816	15
817	88,3	817	15
818	88,4	818	15
819	88,5	819	16
820	88,5	820	16
821	88,6	821	16
822	88,8	822	16
823	88,8	823	17
824	88,9	824	18
825	89	825	18
826	89	826	17
827	89	827	17
828	89,1	828	18
829	89,3	829	18
830	89,4	830	17
831	89,4	831	17
832	89,5	832	18
833	89,5	833	18
834	89,6	834	17
835	89,6	835	18
836	89,8	836	18
837	89,9	837	18
838	90	838	19
839	90	839	19
840	90	840	19
841	90,1	841	18
842	90,1	842	19
843	90,3	843	19
844	90,4	844	19
845	90,4	845	19
846	90,5	846	19
847	90,5	847	19
848	90,6	848	19
849	90,8	849	20
850	90,8	850	21
851	90,9	851	21
852	91	852	20
853	91	853	21
854	91	854	22
855	91,1	855	21
856	91,3	856	21
857	91,3	857	21
858	91,4	858	21
859	91,5	859	21
860	91,5	860	21
861	91,6	861	21
862	91,8	862	23
863	91,9	863	23
864	91,9	864	23
865	92	865	23
866	92	866	23
867	92,1	867	23
868	92,3	868	23
869	92,4	869	23
870	92,4	870	23
871	92,5	871	23
872	92,5	872	24
873	92,6	873	24
874	92,8	874	23
875	92,9	875	24
876	93	876	24
877	93	877	24
878	93	878	25
879	93,1	879	25
880	93,3	880	24
881	93,4	881	24
882	93,4	882	26
883	93,5	883	26
884	93,5	884	25
885	93,6	885	26
886	93,6	886	26
887	93,8	887	26
888	93,9	888	27
889	93,9	889	27
890	94	890	27
891	94	891	27
892	94,1	892	28
893	94,1	893	27
894	94,3	894	27
895	94,4	895	28
896	94,5	896	28
897	94,5	897	28
898	94,5	898	28
899	94,6	899	29
900	94,8	900	28
901	94,8	901	28
902	94,9	902	29
903	95	903	29
904	95	904	29
905	95	905	29
906	95,1	906	29
907	95,1	907	29
908	95,3	908	30
909	95,4	909	30
910	95,4	910	30
911	95,4	911	30
912	95,5	912	30
913	95,5	913	30
914	95,5	914	31
915	95,5	915	31
916	95,6	916	31
917	95,6	917	31
918	95,8	918	31
919	95,8	919	31
920	95,9	920	31
921	96	921	31
922	96	922	33
923	96	923	32
924	96	924	32
925	96,1	925	33
926	96,1	926	32
927	96,3	927	32
928	96,3	928	33
929	96,4	929	33
930	96,5	930	34
931	96,5	931	34
932	96,5	932	34
933	96,5	933	34
934	96,6	934	34
935	96,8	935	34
936	96,8	936	35
937	96,9	937	34
938	97	938	35
939	97	939	35
940	97	940	36
941	97,1	941	37
942	97,1	942	36
943	97,3	943	36
944	97,4	944	36
945	97,5	945	36
946	97,5	946	36
947	97,6	947	36
948	97,6	948	37
949	97,8	949	37
950	97,9	950	37
951	98	951	37
952	98	952	38
953	98	953	39
954	98	954	38
955	98,1	955	38
956	98,1	956	39
957	98,3	957	39
958	98,4	958	39
959	98,4	959	40
960	98,5	960	40
961	98,5	961	39
962	98,5	962	39
963	98,6	963	40
964	98,6	964	40
965	98,8	965	40
966	98,9	966	41
967	98,9	967	40
968	99	968	40
969	99	969	41
970	99	970	41
971	99,1	971	40
972	99,1	972	41
973	99,3	973	41
974	99,4	974	42
975	99,4	975	42
976	99,5	976	42
977	99,5	977	42
978	99,5	978	42
979	99,5	979	43
980	99,5	980	42
981	99,6	981	43
982	99,6	982	43
983	99,8	983	44
984	99,8	984	44
985	99,9	985	44
986	99,9	986	44
987	100	987	44
988	100	988	45
989	100	989	45
990	100,1	990	44
991	100,3	991	44
992	100,3	992	44
993	100,4	993	45
994	100,5	994	45
995	100,5	995	45
996	100,6	996	46
997	100,8	997	47
998	100,8	998	47
999	100,9	999	47
1000	101	1000	47
1001	101	1001	47
1002	101,1	1002	47
1003	101,3	1003	48
1004	101,4	1004	48
1005	101,5	1005	48
1006	101,5	1006	48
1007	101,5	1007	48
1008	101,6	1008	48
1009	101,8	1009	49
1010	101,8	1010	49
1011	101,9	1011	49
1012	102	1012	49
1013	102	1013	49
1014	102,1	1014	49
1015	102,1	1015	49
1016	102,3	1016	50
1017	102,4	1017	50
1018	102,4	1018	50
1019	102,5	1019	51
1020	102,5	1020	51
1021	102,6	1021	51
1022	102,6	1022	52
1023	102,8	1023	51
1024	102,9	1024	51
1025	102,9	1025	51
1026	103	1026	53
1027	103	1027	52
1028	103,1	1028	52
1029	103,1	1029	52
1030	103,3	1030	53
1031	103,3	1031	54
1032	103,4	1032	54
1033	103,5	1033	54
1034	103,5	1034	54
1035	103,5	1035	54
1036	103,6	1036	54
1037	103,6	1037	54
1038	103,8	1038	55
1039	103,8	1039	55
1040	103,9	1040	55
1041	103,9	1041	55
1042	104	1042	55
1043	104	1043	55
1044	104	1044	56
1045	104,1	1045	56
1046	104,1	1046	56
1047	104,3	1047	57
1048	104,4	1048	56
1049	104,4	1049	57
1050	104,5	1050	57
1051	104,5	1051	57
1052	104,5	1052	57
1053	104,6	1053	57
1054	104,8	1054	58
1055	104,9	1055	59
1056	104,9	1056	59
1057	105	1057	59
1058	105	1058	59
1059	105,1	1059	58
1060	105,1	1060	59
1061	105,3	1061	60
1062	105,3	1062	60
1063	105,4	1063	59
1064	105,4	1064	59
1065	105,5	1065	60
1066	105,5	1066	61
1067	105,5	1067	61
1068	105,5	1068	61
1069	105,6	1069	62
1070	105,6	1070	62
1071	105,8	1071	61
1072	105,8	1072	61
1073	105,9	1073	62
1074	105,9	1074	62
1075	106	1075	62
1076	106	1076	63
1077	106	1077	63
1078	106,1	1078	63
1079	106,3	1079	64
1080	106,4	1080	63
1081	106,4	1081	63
1082	106,5	1082	64
1083	106,5	1083	64
1084	106,5	1084	63
1085	106,6	1085	63
1086	106,8	1086	64
1087	106,9	1087	65
1088	107	1088	65
1089	107	1089	65
1090	107	1090	66
1091	107,1	1091	66
1092	107,1	1092	66
1093	107,3	1093	66
1094	107,3	1094	66
1095	107,4	1095	66
1096	107,4	1096	66
1097	107,4	1097	67
1098	107,5	1098	67
1099	107,5	1099	68
1100	107,5	1100	68
1101	107,5	1101	69
1102	107,6	1102	69
1103	107,8	1103	69
1104	107,8	1104	69
1105	107,9	1105	69
1106	107,9	1106	70
1107	108	1107	70
1108	108	1108	69
1109	108	1109	69
1110	108,1	1110	70
1111	108,3	1111	69
1112	108,3	1112	70
1113	108,4	1113	71
1114	108,4	1114	70
1115	108,5	1115	70
1116	108,5	1116	71
1117	108,5	1117	71
1118	108,5	1118	71
1119	108,6	1119	72
1120	108,6	1120	72
1121	108,8	1121	73
1122	108,8	1122	73
1123	108,9	1123	72
1124	108,9	1124	72
1125	109	1125	73
1126	109	1126	73
1127	109	1127	73
1128	109	1128	74
1129	109	1129	75
1130	109,1	1130	74
1131	109,1	1131	74
1132	109,3	1132	74
1133	109,3	1133	74
1134	109,4	1134	75
1135	109,5	1135	76
1136	109,5	1136	76
1137	109,5	1137	76
1138	109,6	1138	76
1139	109,6	1139	76
1140	109,8	1140	76
1141	109,9	1141	77
1142	109,9	1142	77
1143	110	1143	77
1144	110	1144	78
1145	110,1	1145	78
1146	110,3	1146	77
1147	110,3	1147	78
1148	110,4	1148	79
1149	110,5	1149	79
1150	110,5	1150	79
1151	110,5	1151	79
1152	110,6	1152	79
1153	110,6	1153	79
1154	110,8	1154	80
1155	110,9	1155	80
1156	110,9	1156	79
1157	111	1157	80
1158	111	1158	81
1159	111	1159	81
1160	111,1	1160	81
1161	111,1	1161	82
1162	111,3	1162	82
1163	111,4	1163	81
1164	111,4	1164	82
1165	111,5	1165	83
1166	111,5	1166	83
1167	111,5	1167	83
1168	111,6	1168	83
1169	111,6	1169	83
1170	111,8	1170	84
1171	111,8	1171	84
1172	111,9	1172	84
1173	112	1173	84
1174	112	1174	84
1175	112	1175	85
1176	112	1176	85
1177	112,1	1177	85
1178	112,1	1178	85
1179	112,3	1179	86
1180	112,3	1180	85
1181	112,4	1181	86
1182	112,5	1182	87
1183	112,5	1183	86
1184	112,6	1184	87
1185	112,8	1185	87
1186	112,8	1186	89
1187	112,9	1187	88
1188	112,9	1188	88
1189	113	1189	88
1190	113	1190	88
1191	113	1191	87
1192	113,1	1192	88
1193	113,3	1193	89
1194	113,3	1194	89
1195	113,4	1195	89
1196	113,4	1196	89
1197	113,5	1197	90
1198	113,5	1198	90
1199	113,5	1199	90
1200	113,5	1200	89
1201	113,5	1201	90
1202	113,6	1202	90
1203	113,8	1203	90
1204	113,8	1204	91
1205	113,9	1205	91
1206	113,9	1206	92
1207	113,9	1207	92
1208	114	1208	92
1209	114	1209	92
1210	114	1210	92
1211	114,1	1211	93
1212	114,1	1212	92
1213	114,3	1213	92
1214	114,3	1214	93
1215	114,4	1215	94
1216	114,5	1216	93
1217	114,5	1217	93
1218	114,5	1218	94
1219	114,6	1219	94
1220	114,6	1220	94
1221	114,8	1221	93
1222	114,8	1222	94
1223	114,9	1223	95
1224	114,9	1224	95
1225	115	1225	95
1226	115	1226	96
1227	115	1227	95
1228	115	1228	95
1229	115	1229	95
1230	115	1230	95
1231	115,1	1231	95
1232	115,1	1232	96
1233	115,1	1233	96
1234	115,3	1234	96
1235	115,3	1235	96
1236	115,3	1236	97
1237	115,4	1237	96
1238	115,4	1238	96
1239	115,5	1239	96
1240	115,5	1240	96
1241	115,5	1241	96
1242	115,5	1242	97
1243	115,5	1243	98
1244	115,6	1244	98
1245	115,6	1245	99
1246	115,8	1246	98
1247	115,8	1247	98
1248	115,9	1248	97
1249	115,9	1249	98
1250	115,9	1250	98
1251	116	1251	98
1252	116	1252	98
1253	116	1253	98
1254	116,1	1254	99
1255	116,1	1255	100
1256	116,3	1256	100
1257	116,3	1257	99
1258	116,4	1258	99
1259	116,4	1259	99
1260	116,5	1260	99
1261	116,5	1261	99
1262	116,5	1262	99
1263	116,6	1263	99
1264	116,6	1264	100
1265	116,8	1265	100
1266	116,8	1266	100
1267	116,9	1267	100
1268	117	1268	99
1269	117	1269	99
1270	117	1270	100
1271	117	1271	101
1272	117,1	1272	100
1273	117,1	1273	101
1274	117,1	1274	102
1275	117,3	1275	102
1276	117,3	1276	101
1277	117,3	1277	101
1278	117,3	1278	101
1279	117,4	1279	101
1280	117,4	1280	101
1281	117,4	1281	100
1282	117,4	1282	101
1283	117,4	1283	101
1284	117,4	1284	101
1285	117,4	1285	102
1286	117,4	1286	102
1287	117,4	1287	102
1288	117,4	1288	102
1289	117,4	1289	101
1290	117,4	1290	101
1291	117,5	1291	101
1292	117,5	1292	101
1293	117,5	1293	102
1294	117,5	1294	102
1295	117,5	1295	102
1296	117,5	1296	103
1297	117,6	1297	102
1298	117,6	1298	102
1299	117,6	1299	102
1300	117,8	1300	101
1301	117,8	1301	102
1302	117,8	1302	102
1303	117,8	1303	103
1304	117,9	1304	103
1305	117,9	1305	103
1306	117,9	1306	103
1307	117,9	1307	103
1308	118	1308	102
1309	118	1309	102
1310	118	1310	103
1311	118	1311	103
1312	118	1312	104
1313	118	1313	104
1314	118	1314	103
1315	118	1315	103
1316	118	1316	103
1317	118	1317	103
1318	118	1318	103
1319	118	1319	103
1320	118,1	1320	103
1321	118,1	1321	103
1322	118,1	1322	104
1323	118,1	1323	104
1324	118,1	1324	105
1325	118,3	1325	105
1326	118,3	1326	104
1327	118,3	1327	104
1328	118,3	1328	104
1329	118,4	1329	105
1330	118,4	1330	104
1331	118,4	1331	104
1332	118,4	1332	104
1333	118,4	1333	105
1334	118,5	1334	105
1335	118,5	1335	105
1336	118,5	1336	105
1337	118,5	1337	105
1338	118,5	1338	106
1339	118,5	1339	105
1340	118,5	1340	104
1341	118,5	1341	104
1342	118,5	1342	105
1343	118,5	1343	106
1344	118,5	1344	106
1345	118,5	1345	106
1346	118,5	1346	106
1347	118,5	1347	105
1348	118,5	1348	105
1349	118,6	1349	104
1350	118,6	1350	105
1351	118,6	1351	105
1352	118,6	1352	106
1353	118,6	1353	106
1354	118,6	1354	107
1355	118,6	1355	107
1356	118,6	1356	105
1357	118,8	1357	105
1358	118,8	1358	105
1359	118,8	1359	104
1360	118,9	1360	105
1361	118,9	1361	105
1362	118,8	1362	105
1363	118,9	1363	106
1364	118,9	1364	107
1365	118,9	1365	107
1366	118,9	1366	106
1367	118,9	1367	106
1368	118,9	1368	107
1369	118,9	1369	106
1370	118,9	1370	105
1371	118,9	1371	106
1372	119	1372	107
1373	119	1373	107
1374	119	1374	107
1375	119	1375	107
1376	119	1376	106
1377	119	1377	105
1378	119	1378	106
1379	119	1379	106
1380	119	1380	106
1381	119	1381	106
1382	119	1382	107
1383	119	1383	107
1384	119	1384	108
1385	119	1385	108
1386	119	1386	107
1387	119	1387	107
1388	119	1388	107
1389	119	1389	106
1390	119	1390	106
1391	119	1391	107
1392	119	1392	107
1393	119,1	1393	108
1394	119,1	1394	108
1395	119,1	1395	108
1396	119,1	1396	108
1397	119,1	1397	107
1398	119,3	1398	107
1399	119,3	1399	107
1400	119,3	1400	107
1401	119,3	1401	106
1402	119,3	1402	107
1403	119,3	1403	109
1404	119,3	1404	109
1405	119,4	1405	108
1406	119,4	1406	107
1407	119,4	1407	109
1408	119,4	1408	107
1409	119,4	1409	107
1410	119,4	1410	108
1411	119,4	1411	108
1412	119,4	1412	108
1413	119,4	1413	108
1414	119,4	1414	109
1415	119,4	1415	109
1416	119,4	1416	109
1417	119,4	1417	109
1418	119,5	1418	108
1419	119,5	1419	107
1420	119,5	1420	108
1421	119,5	1421	109
1422	119,4	1422	109
1423	119,4	1423	109
1424	119,5	1424	109
1425	119,5	1425	109
1426	119,5	1426	109
1427	119,5	1427	109
1428	119,5	1428	108
1429	119,5	1429	108
1430	119,5	1430	108
1431	119,5	1431	108
1432	119,5	1432	109
1433	119,5	1433	110
1434	119,5	1434	109
1435	119,5	1435	109
1436	119,5	1436	110
1437	119,6	1437	110
1438	119,6	1438	109
1439	119,6	1439	109
1440	119,6	1440	108
1441	119,6	1441	109
1442	119,6	1442	110
1443	119,6	1443	110
1444	119,6	1444	109
1445	119,6	1445	110
1446	119,8	1446	110
1447	119,8	1447	110
1448	119,8	1448	110
1449	119,8	1449	110
1450	119,8	1450	109
1451	119,8	1451	109
1452	119,8	1452	110
1453	119,8	1453	111
1454	119,8	1454	110
1455	119,8	1455	110
1456	119,9	1456	109
1457	119,9	1457	109
1458	119,9	1458	109
1459	119,9	1459	109
1460	119,9	1460	109
1461	119,9	1461	109
1462	119,9	1462	110
1463	120	1463	110
1464	119,9	1464	110
1465	120	1465	110
1466	120	1466	111
1467	120	1467	110
1468	120	1468	110
1469	120	1469	109
1470	120	1470	110
1471	120	1471	110
1472	120	1472	110
1473	120	1473	110
1474	120	1474	111
1475	120	1475	111
1476	120	1476	111
1477	120	1477	111
1478	120	1478	110
1479	120	1479	110
1480	120	1480	111
1481	120	1481	111
1482	120	1482	110
1483	120	1483	111
1484	120	1484	111
1485	120	1485	111
1486	120	1486	110
1487	120	1487	110
1488	120	1488	109
1489	120	1489	111
1490	120	1490	110
1491	120	1491	109
1492	120	1492	111
1493	120	1493	111
1494	120	1494	110
1495	120	1495	111
1496	120,1	1496	111
1497	120,1	1497	111
1498	120,1	1498	110
1499	120,1	1499	110
1500	120,1	1500	109
1501	120,1	1501	111
1502	120,1	1502	111
1503	120,3	1503	111
1504	120,3	1504	111
1505	120,3	1505	111
1506	120,3	1506	111
1507	120,3	1507	111
1508	120,4	1508	111
1509	120,4	1509	110
1510	120,4	1510	111
1511	120,4	1511	111
1512	120,4	1512	111
1513	120,4	1513	111
1514	120,5	1514	112
1515	120,4	1515	111
1516	120,4	1516	110
1517	120,5	1517	111
1518	120,5	1518	111
1519	120,5	1519	111
1520	120,5	1520	111
1521	120,5	1521	111
1522	120,5	1522	111
1523	120,5	1523	112
1524	120,5	1524	112
1525	120,5	1525	111
1526	120,5	1526	112
1527	120,5	1527	112
1528	120,5	1528	110
1529	120,5	1529	110
1530	120,5	1530	110
1531	120,5	1531	110
1532	120,5	1532	111
1533	120,5	1533	111
1534	120,5	1534	112
1535	120,5	1535	111
1536	120,4	1536	111
1537	120,4	1537	112
1538	120,4	1538	111
1539	120,4	1539	110
1540	120,4	1540	110
1541	120,4	1541	111
1542	120,5	1542	112
1543	120,5	1543	112
1544	120,5	1544	112
1545	120,5	1545	112
1546	120,5	1546	111
1547	120,5	1547	111
1548	120,5	1548	111
1549	120,5	1549	111
1550	120,5	1550	111
1551	120,5	1551	111
1552	120,5	1552	111
1553	120,5	1553	111
1554	120,5	1554	110
1555	120,5	1555	112
1556	120,5	1556	113
1557	120,5	1557	111
1558	120,5	1558	110
1559	120,5	1559	110
1560	120,5	1560	111
1561	120,5	1561	111
1562	120,5	1562	112
1563	120,5	1563	112
1564	120,5	1564	112
1565	120,5	1565	112
1566	120,5	1566	112
1567	120,5	1567	111
1568	120,5	1568	111
1569	120,5	1569	111
1570	120,5	1570	111
1571	120,5	1571	112
1572	120,5	1572	113
1573	120,5	1573	112
1574	120,5	1574	112
1575	120,5	1575	113
1576	120,5	1576	113
1577	120,5	1577	111
1578	120,5	1578	111
1579	120,5	1579	111
1580	120,5	1580	111
1581	120,5	1581	111
1582	120,5	1582	112
1583	120,5	1583	113
1584	120,5	1584	112
1585	120,5	1585	112
1586	120,5	1586	113
1587	120,6	1587	113
1588	120,6	1588	111
1589	120,5	1589	111
1590	120,5	1590	112
1591	120,5	1591	113
1592	120,5	1592	112
1593	120,5	1593	112
1594	120,5	1594	113
1595	120,5	1595	113
1596	120,5	1596	112
1597	120,5	1597	112
1598	120,5	1598	113
1599	120,5	1599	112
1600	120,5	1600	112
1601	120,5	1601	113
1602	120,5	1602	113
1603	120,6	1603	113
1604	120,6	1604	113
1605	120,6	1605	113
1606	120,6	1606	113
1607	120,6	1607	112
1608	120,6	1608	113
1609	120,6	1609	112
1610	120,8	1610	111
1611	120,8	1611	112
1612	120,8	1612	113
1613	120,8	1613	112
1614	120,8	1614	112
1615	120,9	1615	113
1616	120,9	1616	113
1617	120,9	1617	112
1618	120,9	1618	113
1619	120,9	1619	113
1620	120,9	1620	112
1621	120,9	1621	113
1622	120,9	1622	114
1623	121	1623	112
1624	120,9	1624	113
1625	120,9	1625	113
1626	121	1626	112
1627	121	1627	111
1628	121	1628	111
1629	121	1629	112
1630	121	1630	112
1631	121	1631	112
1632	121	1632	112
1633	121	1633	113
1634	121	1634	112
1635	121	1635	112
1636	121	1636	113
1637	121	1637	113
1638	121	1638	112
1639	121	1639	112
1640	121	1640	112
1641	121	1641	112
1642	121	1642	112
1643	120,9	1643	113
1644	120,9	1644	112
1645	120,9	1645	113
1646	120,9	1646	113
1647	120,9	1647	112
1648	120,9	1648	111
1649	120,9	1649	112
1650	120,9	1650	112
1651	120,9	1651	111
1652	120,9	1652	112
1653	120,9	1653	113
1654	120,9	1654	112
1655	120,9	1655	112
1656	120,9	1656	112
1657	120,9	1657	112
1658	120,9	1658	112
1659	120,9	1659	113
1660	120,8	1660	112
1661	120,9	1661	111
1662	120,8	1662	113
1663	120,8	1663	113
1664	120,8	1664	113
1665	120,8	1665	114
1666	120,8	1666	114
1667	120,8	1667	113
1668	120,8	1668	112
1669	120,9	1669	113
1670	120,9	1670	112
1671	120,9	1671	112
1672	120,9	1672	113
1673	120,9	1673	113
1674	120,9	1674	112
1675	120,9	1675	112
1676	120,9	1676	113
1677	121	1677	113
1678	121	1678	111
1679	121	1679	112
1680	121	1680	113
1681	121	1681	112
1682	121	1682	112
1683	121	1683	113
1684	121	1684	114
1685	121	1685	112
1686	121	1686	112
1687	121	1687	112
1688	121	1688	113
1689	121	1689	113
1690	121	1690	112
1691	121	1691	111
1692	121	1692	113
1693	121	1693	114
1694	121	1694	113
1695	121	1695	113
1696	121	1696	113
1697	121,1	1697	112
1698	121	1698	112
1699	121,1	1699	112
1700	121,1	1700	112
1701	121,1	1701	111
1702	121,1	1702	112
1703	121,1	1703	112
1704	121,1	1704	112
1705	121,1	1705	112
1706	121	1706	111
1707	121	1707	111
1708	121	1708	111
1709	121	1709	112
1710	121	1710	112
1711	121,1	1711	112
1712	121	1712	112
1713	121	1713	113
1714	121	1714	112
1715	121	1715	113
1716	121	1716	113
1717	121	1717	112
1718	121	1718	112
1719	121	1719	112
1720	121	1720	111
1721	121	1721	112
1722	121	1722	113
1723	121	1723	112
1724	121	1724	112
1725	121	1725	112
1726	121	1726	112
1727	121	1727	112
1728	121	1728	113
1729	121	1729	113
1730	121	1730	112
1731	121	1731	112
1732	121	1732	112
1733	121	1733	112
1734	121	1734	113
1735	121	1735	113
1736	121	1736	112
1737	121	1737	112
1738	121	1738	112
1739	121	1739	112
1740	121	1740	110
1741	121	1741	112
1742	121	1742	113
1743	121	1743	112
1744	121	1744	112
1745	121	1745	113
1746	121	1746	113
1747	121	1747	112
1748	121	1748	112
1749	121	1749	112
1750	121	1750	112
1751	121	1751	112
1752	121,1	1752	113
1753	121	1753	114
1754	121	1754	113
1755	121	1755	113
1756	121,1	1756	113
1757	121,1	1757	113
1758	121,1	1758	113
1759	121,1	1759	111
1760	121,1	1760	112
1761	121,1	1761	113
1762	121,1	1762	112
1763	121	1763	112
1764	121,1	1764	113
1765	121	1765	113
1766	121	1766	112
1767	121,1	1767	112
1768	121,1	1768	113
1769	121	1769	113
1770	121,1	1770	111
1771	121,1	1771	112
1772	121,1	1772	113
1773	121,1	1773	114
1774	121,1	1774	113
1775	121,1	1775	113
1776	121,1	1776	113
1777	121,1	1777	113
1778	121,3	1778	112
1779	121,3	1779	112
1780	121,3	1780	112
1781	121,3	1781	112
1782	121,3	1782	111
1783	121,3	1783	112
1784	121,3	1784	113
1785	121,3	1785	113
1786	121,3	1786	111
1787	121,3	1787	112
1788	121,3	1788	113
1789	121,3	1789	113
1790	121,3	1790	112
1791	121,3	1791	111
1792	121,3	1792	111
1793	121,3	1793	113
1794	121,3	1794	113
1795	121,3	1795	112
1796	121,3	1796	112
1797	121,1	1797	113
1798	121,1	1798	114
1799	121,1	1799	113
1800	121,1	1800	111
1801	121,1	1801	112
1802	121,1	1802	113
1803	121,3	1803	112
1804	121,3	1804	112
1805	121,3	1805	113
1806	121,3	1806	113
1807	121,3	1807	112
1808	121,3	1808	112
1809	121,3	1809	112
1810	121,3	1810	112
1811	121,3	1811	113
1812	121,3	1812	112
1813	121,3	1813	112
1814	121,3	1814	113
1815	121,3	1815	113
1816	121,3	1816	112
1817	121,3	1817	112
1818	121,3	1818	112
1819	121,3	1819	111
1820	121,3	1820	112
1821	121,3	1821	111
1822	121,3	1822	112
1823	121,3	1823	112
1824	121,3	1824	112
1825	121,3	1825	111
1826	121,3	1826	112
1827	121,1	1827	112
1828	121,1	1828	111
1829	121,1	1829	112
1830	121,1	1830	112
1831	121,1	1831	111
1832	121,3	1832	112
1833	121,3	1833	112
1834	121,1	1834	112
1835	121,3	1835	113
1836	121,3	1836	113
1837	121,3	1837	111
1838	121,3	1838	112
1839	121,3	1839	112
1840	121,3	1840	111
1841	121,3	1841	111
1842	121,3	1842	113
1843	121,3	1843	113
1844	121,3	1844	112
1845	121,3	1845	112
1846	121,1	1846	112
1847	121,1	1847	112
1848	121,1	1848	112
1849	121,1	1849	112
1850	121,1	1850	111
1851	121,1	1851	110
1852	121,1	1852	111
1853	121,1	1853	112
1854	121,1	1854	112
1855	121,1	1855	112
1856	121,1	1856	112
1857	121,1	1857	112
1858	121,1	1858	111
1859	121,1	1859	112
1860	121,1	1860	113
1861	121,1	1861	112
1862	121,1	1862	111
1863	121,1	1863	112
1864	121,1	1864	113
1865	121,1	1865	113
1866	121,1	1866	112
1867	121,1	1867	113
1868	121,1	1868	112
1869	121,1	1869	111
1870	121,1	1870	111
1871	121,1	1871	111
1872	121,1	1872	112
1873	121,1	1873	113
1874	121,1	1874	112
1875	121,1	1875	112
1876	121,1	1876	112
1877	121,1	1877	112
1878	121,1	1878	112
1879	121,1	1879	111
1880	121,1	1880	111
1881	121,1	1881	111
1882	121,1	1882	112
1883	121,1	1883	112
1884	121,1	1884	112
1885	121,1	1885	113
1886	121,1	1886	113
1887	121,1	1887	111
1888	121,1	1888	112
1889	121,1	1889	113
1890	121,1	1890	112
1891	121,1	1891	111
1892	121,1	1892	112
1893	121,1	1893	113
1894	121,1	1894	112
1895	121,1	1895	111
1896	121,1	1896	112
1897	121,1	1897	114
1898	121,1	1898	113
1899	121,1	1899	112
1900	121,1	1900	111
1901	121,1	1901	112
1902	121,3	1902	112
1903	121,3	1903	111
1904	121,3	1904	113
1905	121,3	1905	113
1906	121,3	1906	112
1907	121,3	1907	112
1908	121,3	1908	112
1909	121,3	1909	112
1910	121,3	1910	111
1911	121,3	1911	112
1912	121,3	1912	112
1913	121,3	1913	112
1914	121,3	1914	112
1915	121,3	1915	113
1916	121,4	1916	112
1917	121,4	1917	111
1918	121,4	1918	112
1919	121,3	1919	112
1920	121,4	1920	111
1921	121,4	1921	111
1922	121,3	1922	111
1923	121,3	1923	113
1924	121,3	1924	112
1925	121,3	1925	111
1926	121,3	1926	112
1927	121,3	1927	113
1928	121,3	1928	112
1929	121,4	1929	111
1930	121,3	1930	111
1931	121,3	1931	111
1932	121,3	1932	112
1933	121,3	1933	112
1934	121,3	1934	111
1935	121,3	1935	111
1936	121,3	1936	112
1937	121,3	1937	112
1938	121,3	1938	111
1939	121,3	1939	111
1940	121,3	1940	112
1941	121,3	1941	111
1942	121,3	1942	110
1943	121,3	1943	111
1944	121,3	1944	112
1945	121,3	1945	111
1946	121,3	1946	111
1947	121,3	1947	112
1948	121,3	1948	112
1949	121,3	1949	111
1950	121,3	1950	111
1951	121,3	1951	111
1952	121,3	1952	111
1953	121,3	1953	111
1954	121,3	1954	112
1955	121,3	1955	113
1956	121,3	1956	112
1957	121,3	1957	112
1958	121,3	1958	112
1959	121,3	1959	111
1960	121,3	1960	110
1961	121,1	1961	111
1962	121,1	1962	111
1963	121,1	1963	111
1964	121,1	1964	111
1965	121,3	1965	111
1966	121,3	1966	112
1967	121,1	1967	113
1968	121,1	1968	112
1969	121,3	1969	110
1970	121,3	1970	111
1971	121,3	1971	111
1972	121,3	1972	111
1973	121,3	1973	111
1974	121,3	1974	111
1975	121,3	1975	111
1976	121,3	1976	112
1977	121,3	1977	111
1978	121,3	1978	111
1979	121,3	1979	112
1980	121,3	1980	112
1981	121,3	1981	111
1982	121,3	1982	112
1983	121,3	1983	112
1984	121,3	1984	111
1985	121,3	1985	112
1986	121,3	1986	113
1987	121,3	1987	112
1988	121,3	1988	112
1989	121,3	1989	112
1990	121,3	1990	111
1991	121,3	1991	111
1992	121,3	1992	111
1993	121,3	1993	112
1994	121,3	1994	112
1995	121,3	1995	112
1996	121,3	1996	112
1997	121,3	1997	112
1998	121,3	1998	112
1999	121,3	1999	111
2000	121,3	2000	111
2001	121,3	2001	111
2002	121,3	2002	111
2003	121,1	2003	111
2004	121,1	2004	112
2005	121,1	2005	111
2006	121,1	2006	111
2007	121,1	2007	111
2008	121,3	2008	111
2009	121,3	2009	111
2010	121,3	2010	111
2011	121,1	2011	111
2012	121,3	2012	111
2013	121,3	2013	111
2014	121,3	2014	112
2015	121,3	2015	112
2016	121,3	2016	111
2017	121,3	2017	112
2018	121,3	2018	112
2019	121,3	2019	112
2020	121,4	2020	111
2021	121,4	2021	111
2022	121,4	2022	111
2023	121,4	2023	111
2024	121,4	2024	112
2025	121,4	2025	112
2026	121,4	2026	111
2027	121,4	2027	111
2028	121,4	2028	112
2029	121,4	2029	111
2030	121,4	2030	110
2031	121,4	2031	111
2032	121,4	2032	112
2033	121,4	2033	111
2034	121,4	2034	111
2035	121,4	2035	112
2036	121,4	2036	112
2037	121,4	2037	111
2038	121,4	2038	110
2039	121,4	2039	111
2040	121,3	2040	110
2041	121,3	2041	110
2042	121,3	2042	111
2043	121,3	2043	111
2044	121,3	2044	111
2045	121,3	2045	111
2046	121,3	2046	112
2047	121,3	2047	111
2048	121,3	2048	110
2049	121,3	2049	111
2050	121,3	2050	111
2051	121,3	2051	110
2052	121,3	2052	110
2053	121,4	2053	111
2054	121,4	2054	112
2055	121,3	2055	111
2056	121,3	2056	111
2057	121,3	2057	111
2058	121,4	2058	112
2059	121,4	2059	111
2060	121,3	2060	110
2061	121,3	2061	110
2062	121,3	2062	110
2063	121,4	2063	111
2064	121,3	2064	112
2065	121,3	2065	112
2066	121,3	2066	111
2067	121,3	2067	112
2068	121,3	2068	112
2069	121,3	2069	111
2070	121,3	2070	110
2071	121,3	2071	111
2072	121,3	2072	111
2073	121,3	2073	110
2074	121,3	2074	111
2075	121,3	2075	111
2076	121,3	2076	110
2077	121,3	2077	110
2078	121,3	2078	111
2079	121,3	2079	112
2080	121,3	2080	111
2081	121,3	2081	111
2082	121,3	2082	111
2083	121,3	2083	111
2084	121,3	2084	111
2085	121,3	2085	111
2086	121,3	2086	110
2087	121,1	2087	111
2088	121,1	2088	111
2089	121,1	2089	110
2090	121,1	2090	109
2091	121,1	2091	111
2092	121,1	2092	111
2093	121,1	2093	111
2094	121,1	2094	111
2095	121,1	2095	111
2096	121,1	2096	111
2097	121,1	2097	111
2098	121,1	2098	110
2099	121,1	2099	109
2100	121,1	2100	110
2101	121,1	2101	111
2102	121,1	2102	110
2103	121,1	2103	111
2104	121,1	2104	111
2105	121,1	2105	110
2106	121,1	2106	111
2107	121,1	2107	112
2108	121,3	2108	112
2109	121,1	2109	111
2110	121,1	2110	111
2111	121,1	2111	111
2112	121,1	2112	110
2113	121,1	2113	111
2114	121,1	2114	111
2115	121,1	2115	111
2116	121,1	2116	110
2117	121,1	2117	111
2118	121,1	2118	111
2119	121,1	2119	110
2120	121,1	2120	110
2121	121,1	2121	111
2122	121,1	2122	110
2123	121,1	2123	111
2124	121,1	2124	112
2125	121,1	2125	112
2126	121,1	2126	110
2127	121,1	2127	110
2128	121,1	2128	111
2129	121,1	2129	111
2130	121,3	2130	110
2131	121,3	2131	111
2132	121,3	2132	111
2133	121,1	2133	112
2134	121,3	2134	113
2135	121,3	2135	112
2136	121,3	2136	110
2137	121,3	2137	110
2138	121,3	2138	111
2139	121,3	2139	110
2140	121,3	2140	110
2141	121,3	2141	110
2142	121,3	2142	111
2143	121,3	2143	110
2144	121,4	2144	110
2145	121,3	2145	111
2146	121,4	2146	111
2147	121,4	2147	110
2148	121,4	2148	111
2149	121,4	2149	112
2150	121,4	2150	111
2151	121,4	2151	110
2152	121,4	2152	111
2153	121,4	2153	111
2154	121,4	2154	110
2155	121,4	2155	111
2156	121,4	2156	112
2157	121,4	2157	111
2158	121,4	2158	110
2159	121,4	2159	110
2160	121,4	2160	111
2161	121,4	2161	109
2162	121,4	2162	109
2163	121,4	2163	111
2164	121,4	2164	111
2165	121,4	2165	110
2166	121,4	2166	111
2167	121,3	2167	111
2168	121,3	2168	111
2169	121,3	2169	110
2170	121,4	2170	110
2171	121,3	2171	111
2172	121,3	2172	109
2173	121,3	2173	109
2174	121,3	2174	110
2175	121,3	2175	111
2176	121,3	2176	112
2177	121,3	2177	111
2178	121,3	2178	110
2179	121,3	2179	111
2180	121,3	2180	111
2181	121,3	2181	110
2182	121,3	2182	109
2183	121,3	2183	110
2184	121,3	2184	111
2185	121,3	2185	110
2186	121,3	2186	111
2187	121,3	2187	111
2188	121,3	2188	110
2189	121,3	2189	111
2190	121,3	2190	111
2191	121,3	2191	110
2192	121,3	2192	110
2193	121,3	2193	110
2194	121,3	2194	111
2195	121,3	2195	110
2196	121,3	2196	110
2197	121,3	2197	111
2198	121,3	2198	111
2199	121,3	2199	110
2200	121,3	2200	109
2201	121,3	2201	110
2202	121,3	2202	110
2203	121,3	2203	109
2204	121,3	2204	109
2205	121,4	2205	110
2206	121,4	2206	111
2207	121,3	2207	110
2208	121,3	2208	110
2209	121,3	2209	111
2210	121,3	2210	110
2211	121,3	2211	109
2212	121,3	2212	110
2213	121,3	2213	110
2214	121,3	2214	110
2215	121,3	2215	111
2216	121,3	2216	111
2217	121,3	2217	109
2218	121,3	2218	109
2219	121,3	2219	111
2220	121,3	2220	110
2221	121,3	2221	109
2222	121,3	2222	109
2223	121,3	2223	110
2224	121,3	2224	111
2225	121,3	2225	110
2226	121,3	2226	110
2227	121,3	2227	111
2228	121,3	2228	109
2229	121,3	2229	109
2230	121,3	2230	111
2231	121,3	2231	111
2232	121,3	2232	109
2233	121,3	2233	109
2234	121,3	2234	111
2235	121,1	2235	111
2236	121,1	2236	111
2237	121,1	2237	111
2238	121,1	2238	109
2239	121,1	2239	109
2240	121,3	2240	110
2241	121,3	2241	110
2242	121,3	2242	110
2243	121,3	2243	111
2244	121,3	2244	111
2245	121,3	2245	111
2246	121,3	2246	110
2247	121,3	2247	111
2248	121,3	2248	111
2249	121,3	2249	110
2250	121,3	2250	110
2251	121,3	2251	110
2252	121,3	2252	110
2253	121,3	2253	110
2254	121,3	2254	110
2255	121,3	2255	111
2256	121,3	2256	110
2257	121,3	2257	110
2258	121,3	2258	110
2259	121,3	2259	111
2260	121,3	2260	110
2261	121,3	2261	109
2262	121,3	2262	110
2263	121,3	2263	111
2264	121,3	2264	111
2265	121,3	2265	109
2266	121,3	2266	110
2267	121,3	2267	111
2268	121,3	2268	111
2269	121,3	2269	109
2270	121,3	2270	109
2271	121,3	2271	110
2272	121,3	2272	110
2273	121,3	2273	109
2274	121,3	2274	109
2275	121,3	2275	110
2276	121,3	2276	111
2277	121,3	2277	109
2278	121,3	2278	109
2279	121,3	2279	110
2280	121,3	2280	110
2281	121,3	2281	109
2282	121,3	2282	109
2283	121,3	2283	110
2284	121,3	2284	110
2285	121,3	2285	110
2286	121,3	2286	109
2287	121,3	2287	109
2288	121,3	2288	110
2289	121,3	2289	110
2290	121,3	2290	109
2291	121,3	2291	109
2292	121,3	2292	110
2293	121,3	2293	110
2294	121,3	2294	110
2295	121,3	2295	111
2296	121,3	2296	110
2297	121,3	2297	110
2298	121,3	2298	110
2299	121,3	2299	110
2300	121,3	2300	109
2301	121,3	2301	110
2302	121,3	2302	110
2303	121,3	2303	109
2304	121,3	2304	110
2305	121,3	2305	111
2306	121,3	2306	111
2307	121,3	2307	109
2308	121,3	2308	109
2309	121,3	2309	110
2310	121,3	2310	110
2311	121,3	2311	109
2312	121,3	2312	109
2313	121,3	2313	111
2314	121,3	2314	111
2315	121,3	2315	110
2316	121,3	2316	110
2317	121,3	2317	111
2318	121,3	2318	111
2319	121,3	2319	110
2320	121,3	2320	111
2321	121,3	2321	111
2322	121,3	2322	109
2323	121,3	2323	109
2324	121,3	2324	110
2325	121,3	2325	110
2326	121,3	2326	110
2327	121,3	2327	110
2328	121,3	2328	110
2329	121,3	2329	110
2330	121,3	2330	110
2331	121,3	2331	110
2332	121,3	2332	110
2333	121,3	2333	110
2334	121,3	2334	110
2335	121,3	2335	111
2336	121,3	2336	111
2337	121,3	2337	110
2338	121,3	2338	110
2339	121,3	2339	111
2340	121,3	2340	111
2341	121,4	2341	110
2342	121,4	2342	109
2343	121,4	2343	110
2344	121,3	2344	110
2345	121,4	2345	110
2346	121,4	2346	111
2347	121,4	2347	111
2348	121,4	2348	109
2349	121,4	2349	109
2350	121,4	2350	110
2351	121,4	2351	110
2352	121,4	2352	109
2353	121,4	2353	110
2354	121,4	2354	111
2355	121,4	2355	110
2356	121,4	2356	109
2357	121,4	2357	110
2358	121,4	2358	110
2359	121,4	2359	110
2360	121,4	2360	109
2361	121,4	2361	109
2362	121,4	2362	109
2363	121,4	2363	109
2364	121,4	2364	109
2365	121,4	2365	111
2366	121,4	2366	111
2367	121,4	2367	110
2368	121,4	2368	109
2369	121,4	2369	110
2370	121,4	2370	109
2371	121,3	2371	108
2372	121,3	2372	109
2373	121,3	2373	110
2374	121,3	2374	109
2375	121,3	2375	109
2376	121,3	2376	110
2377	121,3	2377	109
2378	121,3	2378	109
2379	121,3	2379	110
2380	121,3	2380	109
2381	121,3	2381	109
2382	121,3	2382	110
2383	121,3	2383	109
2384	121,3	2384	109
2385	121,3	2385	111
2386	121,3	2386	111
2387	121,3	2387	109
2388	121,3	2388	110
2389	121,3	2389	111
2390	121,3	2390	110
2391	121,3	2391	109
2392	121,3	2392	109
2393	121,3	2393	110
2394	121,3	2394	110
2395	121,3	2395	109
2396	121,3	2396	109
2397	121,1	2397	109
2398	121,1	2398	108
2399	121,1	2399	109
2400	121,1	2400	111
2401	121,1	2401	110
2402	121,1	2402	108
2403	121,1	2403	108
2404	121,1	2404	109
2405	121,3	2405	109
2406	121,1	2406	108
2407	121,1	2407	110
2408	121,1	2408	110
2409	121,1	2409	109
2410	121,1	2410	109
2411	121,1	2411	110
2412	121,1	2412	109
2413	121,3	2413	109
2414	121,3	2414	109
2415	121,3	2415	110
2416	121,3	2416	110
2417	121,3	2417	109
2418	121,3	2418	109
2419	121,3	2419	109
2420	121,3	2420	109
2421	121,3	2421	109
2422	121,3	2422	109
2423	121,3	2423	110
2424	121,3	2424	109
2425	121,3	2425	109
2426	121,3	2426	111
2427	121,3	2427	110
2428	121,3	2428	109
2429	121,3	2429	110
2430	121,3	2430	110
2431	121,3	2431	109
2432	121,3	2432	108
2433	121,3	2433	110
2434	121,3	2434	110
2435	121,3	2435	109
2436	121,3	2436	110
2437	121,3	2437	110
2438	121,3	2438	110
2439	121,4	2439	111
2440	121,4	2440	109
2441	121,4	2441	109
2442	121,3	2442	110
2443	121,3	2443	109
2444	121,4	2444	109
2445	121,3	2445	110
2446	121,3	2446	109
2447	121,3	2447	110
2448	121,3	2448	110
2449	121,3	2449	109
2450	121,3	2450	109
2451	121,3	2451	110
2452	121,3	2452	109
2453	121,3	2453	109
2454	121,3	2454	109
2455	121,3	2455	109
2456	121,3	2456	109
2457	121,3	2457	110
2458	121,3	2458	110
2459	121,3	2459	109
2460	121,3	2460	110
2461	121,3	2461	108
2462	121,3	2462	108
2463	121,3	2463	109
2464	121,3	2464	109
2465	121,3	2465	110
2466	121,3	2466	110
2467	121,3	2467	110
2468	121,3	2468	110
2469	121,3	2469	110
2470	121,3	2470	110
2471	121,3	2471	109
2472	121,3	2472	109
2473	121,3	2473	109
2474	121,3	2474	109
2475	121,3	2475	110
2476	121,3	2476	109
2477	121,3	2477	109
2478	121,3	2478	109
2479	121,3	2479	109
2480	121,3	2480	109
2481	121,3	2481	109
2482	121,3	2482	109
2483	121,3	2483	108
2484	121,3	2484	109
2485	121,4	2485	109
2486	121,3	2486	109
2487	121,4	2487	110
2488	121,4	2488	109
2489	121,4	2489	108
2490	121,4	2490	108
2491	121,4	2491	109
2492	121,4	2492	109
2493	121,4	2493	108
2494	121,4	2494	109
2495	121,4	2495	110
2496	121,4	2496	109
2497	121,4	2497	109
2498	121,4	2498	110
2499	121,4	2499	109
2500	121,4	2500	110
2501	121,4	2501	109
2502	121,4	2502	108
2503	121,4	2503	109
2504	121,4	2504	109
2505	121,4	2505	108
2506	121,4	2506	109
2507	121,4	2507	109
2508	121,4	2508	109
2509	121,3	2509	109
2510	121,3	2510	108
2511	121,3	2511	108
2512	121,3	2512	108
2513	121,3	2513	108
2514	121,3	2514	109
2515	121,3	2515	110
2516	121,3	2516	109
2517	121,3	2517	109
2518	121,3	2518	109
2519	121,3	2519	109
2520	121,3	2520	109
2521	121,3	2521	109
2522	121,3	2522	108
2523	121,3	2523	109
2524	121,3	2524	109
2525	121,1	2525	108
2526	121,1	2526	109
2527	121,1	2527	110
2528	121,1	2528	110
2529	121,1	2529	110
2530	121,1	2530	109
2531	121,1	2531	109
2532	121,1	2532	109
2533	121,1	2533	109
2534	121,3	2534	108
2535	121,3	2535	107
2536	121,3	2536	108
2537	121,3	2537	108
2538	121,3	2538	108
2539	121,3	2539	108
2540	121,3	2540	107
2541	121,3	2541	107
2542	121,1	2542	106
2543	121,1	2543	107
2544	121,1	2544	106
2545	121,1	2545	106
2546	121,1	2546	107
2547	121,1	2547	107
2548	121,1	2548	107
2549	121	2549	107
2550	121	2550	107
2551	121	2551	106
2552	121	2552	106
2553	121	2553	105
2554	121	2554	105
2555	120,9	2555	104
2556	120,9	2556	105
2557	120,9	2557	106
2558	120,9	2558	106
2559	120,9	2559	106
2560	120,9	2560	105
2561	120,8	2561	105
2562	120,8	2562	105
2563	120,8	2563	104
2564	120,8	2564	104
2565	120,6	2565	103
2566	120,6	2566	103
2567	120,6	2567	103
2568	120,6	2568	104
2569	120,6	2569	105
2570	120,6	2570	105
2571	120,6	2571	104
2572	120,6	2572	103
2573	120,6	2573	103
2574	120,5	2574	103
2575	120,5	2575	103
2576	120,5	2576	102
2577	120,5	2577	103
2578	120,5	2578	103
2579	120,5	2579	103
2580	120,5	2580	104
2581	120,5	2581	104
2582	120,5	2582	102
2583	120,5	2583	101
2584	120,5	2584	101
2585	120,5	2585	101
2586	120,4	2586	101
2587	120,4	2587	101
2588	120,4	2588	102
2589	120,4	2589	102
2590	120,3	2590	101
2591	120,3	2591	101
2592	120,3	2592	101
2593	120,3	2593	100
2594	120,1	2594	98
2595	120,1	2595	97
2596	120,1	2596	96
2597	120,1	2597	95
2598	120	2598	94
2599	120	2599	93
2600	120	2600	93
2601	120	2601	92
2602	120	2602	92
2603	119,9	2603	91
2604	119,9	2604	89
2605	119,8	2605	88
2606	119,6	2606	87
2607	119,6	2607	87
2608	119,5	2608	87
2609	119,5	2609	86
2610	119,4	2610	84
2611	119,3	2611	84
2612	119,1	2612	82
2613	119	2613	80
2614	119	2614	79
2615	118,9	2615	79
2616	118,8	2616	78
2617	118,6	2617	77
2618	118,5	2618	76
2619	118,4	2619	74
2620	118,3	2620	73
2621	118	2621	72
2622	117,9	2622	71
2623	117,8	2623	70
2624	117,5	2624	70
2625	117,5	2625	68
2626	117,3	2626	67
2627	117,1	2627	66
2628	117	2628	65
2629	116,9	2629	64
2630	116,6	2630	64
2631	116,5	2631	63
2632	116,4	2632	62
2633	116,1	2633	61
2634	116	2634	60
2635	115,8	2635	59
2636	115,6	2636	59
2637	115,5	2637	58
2638	115,3	2638	58
2639	115,1	2639	58
2640	115	2640	57
2641	114,8	2641	56
2642	114,6	2642	55
2643	114,5	2643	55
2644	114,3	2644	54
2645	114	2645	53
2646	113,9	2646	52
2647	113,6	2647	51
2648	113,5	2648	51
2649	113,4	2649	49
2650	113,1	2650	48
2651	113	2651	48
2652	112,9	2652	47
2653	112,6	2653	45
2654	112,5	2654	45
2655	112,3	2655	44
2656	112,1	2656	44
2657	112	2657	43
2658	111,8	2658	43
2659	111,6	2659	42
2660	111,5	2660	43
2661	111,3	2661	43
2662	111,1	2662	41
2663	111	2663	40
2664	110,9	2664	40
2665	110,6	2665	38
2666	110,5	2666	38
2667	110,4	2667	38
2668	110,1	2668	38
2669	110	2669	37
2670	109,9	2670	36
2671	109,8	2671	34
2672	109,5	2672	34
2673	109,4	2673	33
2674	109,3	2674	32
2675	109	2675	31
2676	109	2676	32
2677	108,8	2677	32
2678	108,6	2678	31
2679	108,5	2679	31
2680	108,4	2680	30
2681	108,1	2681	30
2682	108	2682	29
2683	108	2683	28
2684	107,8	2684	27
2685	107,6	2685	26
2686	107,5	2686	26
2687	107,4	2687	25
2688	107,3	2688	25
2689	107,1	2689	24
2690	107	2690	23
2691	106,9	2691	23
2692	106,8	2692	23
2693	106,6	2693	23
2694	106,5	2694	22
2695	106,4	2695	22
2696	106,3	2696	22
2697	106,1	2697	22
2698	106	2698	21
2699	105,9	2699	20
2700	105,8	2700	19
2701	105,5	2701	19
2702	105,5	2702	19
2703	105,4	2703	20
2704	105,1	2704	19
2705	105	2705	18
2706	105	2706	17
2707	104,9	2707	16
2708	104,6	2708	15
2709	104,5	2709	15
2710	104,4	2710	15
2711	104,3	2711	16
2712	104,1	2712	15
2713	104	2713	14
2714	103,9	2714	14
2715	103,8	2715	14
2716	103,5	2716	13
2717	103,5	2717	12
2718	103,4	2718	12
2719	103,1	2719	12
2720	103	2720	11
2721	103	2721	11
2722	102,8	2722	11
2723	102,6	2723	11
2724	102,5	2724	11
2725	102,4	2725	11
2726	102,3	2726	11
2727	102,1	2727	11
2728	102	2728	10
2729	101,9	2729	10
2730	101,8	2730	9
2731	101,6	2731	9
2732	101,5	2732	10
2733	101,4	2733	9
2734	101,3	2734	8
2735	101,1	2735	8
2736	101	2736	7
2737	101	2737	7
2738	100,9	2738	6
2739	100,8	2739	6
2740	100,6	2740	6
2741	100,5	2741	5
2742	100,5	2742	5
2743	100,4	2743	5
2744	100,3	2744	6
2745	100,1	2745	5
2746	100	2746	5
2747	100	2747	5
2748	100	2748	5
2749	99,9	2749	5
2750	99,8	2750	5
2751	99,6	2751	4
2752	99,5	2752	4
2753	99,5	2753	4
2754	99,5	2754	4
2755	99,4	2755	3
2756	99,3	2756	3
2757	99,1	2757	4
2758	99	2758	4
2759	99	2759	5
2760	99	2760	5
2761	98,9	2761	5
2762	98,9	2762	5
2763	98,8	2763	5
2764	98,6	2764	4
2765	98,6	2765	5
2766	98,5	2766	5
2767	98,5	2767	4
2768	98,5	2768	4
2769	98,4	2769	4
2770	98,4	2770	4
2771	98,3	2771	4
2772	98,3	2772	4
2773	98,1	2773	4
2774	98,1	2774	5
2775	98	2775	5
2776	98	2776	4
2777	98	2777	4
2778	98	2778	4
2779	97,9	2779	3
2780	97,9	2780	4
2781	97,8	2781	3
2782	97,8	2782	4
2783	97,6	2783	4
2784	97,6	2784	3
2785	97,6	2785	3
2786	97,5	2786	3
2787	97,5	2787	4
2788	97,5	2788	4
2789	97,5	2789	3
2790	97,4	2790	4
2791	97,4	2791	3
2792	97,4	2792	4
2793	97,3	2793	4
2794	97,3	2794	4
2795	97,3	2795	4
2796	97,1	2796	4
2797	97,1	2797	4
2798	97,1	2798	4
2799	97	2799	3
2800	97	2800	4
2801	97	2801	4
2802	97	2802	4
2803	97	2803	4
2804	97	2804	4
2805	96,9	2805	4
2806	96,9	2806	3
2807	96,9	2807	3
2808	96,8	2808	3
2809	96,8	2809	4
2810	96,8	2810	3
2811	96,6	2811	3
2812	96,6	2812	4
2813	96,6	2813	4
2814	96,6	2814	3
2815	96,5	2815	4
2816	96,5	2816	4
2817	96,5	2817	3
2818	96,5	2818	4
2819	96,5	2819	3
2820	96,5	2820	3
2821	96,5	2821	3
2822	96,4	2822	3
2823	96,4	2823	3
2824	96,4	2824	4
2825	96,4	2825	4
2826	96,3	2826	4
2827	96,3	2827	3
2828	96,3	2828	3
2829	96,3	2829	3
2830	96,3	2830	4
2831	96,1	2831	4
2832	96,1	2832	4
2833	96,1	2833	3
2834	96	2834	3
2835	96	2835	4
2836	96	2836	4
2837	96	2837	3
2838	96	2838	4
2839	96	2839	4
2840	96	2840	3
2841	96	2841	2
2842	96	2842	3
2843	96	2843	3
2844	96	2844	4
2845	96	2845	5
2846	96	2846	4
2847	95,9	2847	3
2848	95,9	2848	3
2849	95,9	2849	3
2850	95,9	2850	3
2851	95,9	2851	3
2852	95,9	2852	3
2853	95,9	2853	3
2854	95,9	2854	3
2855	95,8	2855	3
2856	95,8	2856	3
2857	95,8	2857	3
2858	95,8	2858	3
2859	95,8	2859	3
2860	95,8	2860	3
2861	95,8	2861	3
2862	95,8	2862	3
2863	95,8	2863	4
2864	95,8	2864	3
2865	95,8	2865	3
2866	95,6	2866	3
2867	95,6	2867	3
2868	95,6	2868	2
2869	95,6	2869	3
2870	95,6	2870	3
2871	95,6	2871	3
2872	95,6	2872	3
2873	95,6	2873	3
2874	95,6	2874	2
2875	95,6	2875	2
2876	95,6	2876	2
2877	95,6	2877	3
2878	95,5	2878	3
2879	95,5	2879	2
2880	95,5	2880	3
2881	95,5	2881	3
2882	95,5	2882	3
2883	95,5	2883	3
2884	95,5	2884	3
2885	95,5	2885	3
2886	95,5	2886	3
2887	95,5	2887	3
2888	95,5	2888	3
2889	95,5	2889	2
2890	95,5	2890	2
2891	95,4	2891	2
2892	95,4	2892	2
2893	95,4	2893	2
2894	95,4	2894	3
2895	95,4	2895	3
2896	95,4	2896	2
2897	95,4	2897	2
2898	95,4	2898	3
2899	95,4	2899	2
2900	95,4	2900	2
2901	95,4	2901	2
2902	95,3	2902	2
2903	95,4	2903	2
2904	95,4	2904	2
2905	95,4	2905	2
2906	95,3	2906	2
2907	95,3	2907	3
2908	95,3	2908	2
2909	95,3	2909	2
2910	95,3	2910	2
2911	95,3	2911	2
2912	95,3	2912	2
2913	95,3	2913	2
2914	95,3	2914	2
2915	95,3	2915	2
2916	95,3	2916	1
2917	95,3	2917	2
2918	95,3	2918	2
2919	95,3	2919	2
2920	95,1	2920	2
2921	95,1	2921	2
2922	95,1	2922	2
2923	95,1	2923	2
2924	95,1	2924	2
2925	95,1	2925	2
2926	95,1	2926	2
2927	95,1	2927	2
2928	95,1	2928	2
2929	95,1	2929	2
2930	95,1	2930	2
2931	95,1	2931	1
2932	95,1	2932	2
2933	95,1	2933	2
2934	95,1	2934	2
2935	95,1	2935	2
2936	95,1	2936	2
2937	95,1	2937	2
2938	95,1	2938	2
2939	95,1	2939	1
2940	95,1	2940	2
2941	95,1	2941	2
2942	95,1	2942	2
2943	95,1	2943	2
2944	95,1	2944	2
2945	95,1	2945	1
2946	95	2946	2
2947	95	2947	2
2948	95	2948	2
2949	95	2949	2
2950	95	2950	1
2951	95	2951	2
2952	95	2952	2
2953	95	2953	2
2954	95	2954	2
2955	95	2955	2
2956	95	2956	2
2957	95	2957	1
2958	95	2958	1
2959	95	2959	2
2960	95	2960	1
2961	95	2961	1
2962	95	2962	2
2963	95	2963	1
2964	95	2964	1
2965	95	2965	2
2966	95	2966	2
2967	95	2967	1
2968	95	2968	1
2969	95	2969	2
2970	95	2970	1
2971	95	2971	1
2972	95	2972	1
2973	94,9	2973	1
2974	95	2974	1
2975	94,9	2975	1
2976	94,9	2976	2
2977	94,9	2977	2
2978	94,9	2978	1
2979	94,9	2979	0
2980	94,9	2980	1
2981	94,9	2981	2
2982	94,9	2982	1
2983	94,9	2983	1
2984	94,8	2984	1
2985	94,8	2985	1
2986	94,8	2986	1
2987	94,8	2987	1
2988	94,8	2988	1
2989	94,8	2989	1
2990	94,8	2990	1
2991	94,8	2991	1
2992	94,8	2992	1
2993	94,8	2993	1
2994	94,6	2994	1
2995	94,6	2995	1
2996	94,6	2996	1
2997	94,6	2997	1
2998	94,6	2998	0
2999	94,6	2999	1
3000	94,6	3000	1
3001	94,6	3001	1
3002	94,6	3002	0
3003	94,6	3003	1
3004	94,6	3004	1
3005	94,6	3005	1
3006	94,6	3006	1
3007	94,5	3007	1
3008	94,5	3008	1
3009	94,5	3009	1
3010	94,5	3010	1
3011	94,5	3011	0
3012	94,5	3012	0
3013	94,5	3013	0
3014	94,5	3014	0
3015	94,5	3015	1
3016	94,5	3016	0
3017	94,5	3017	0
3018	94,5	3018	0
3019	94,5	3019	0
3020	94,5	3020	1
3021	94,5	3021	1
3022	94,5	3022	0
3023	94,5	3023	0
3024	94,5	3024	0
3025	94,4	3025	1
3026	94,4	3026	1
3027	94,4	3027	1
3028	94,4	3028	1
3029	94,4	3029	0
3030	94,4	3030	0
3031	94,4	3031	0
3032	94,4	3032	0
3033	94,4	3033	1
3034	94,3	3034	1
3035	94,3	3035	0
3036	94,3	3036	0
3037	94,3	3037	0
3038	94,3	3038	0
3039	94,3	3039	0
3040	94,3	3040	0
3041	94,3	3041	0
3042	94,3	3042	0
3043	94,1	3043	0
3044	94,1	3044	0
3045	94,1	3045	0
3046	94,1	3046	0
3047	94,1	3047	0
3048	94,1	3048	0
3049	94,1	3049	0
3050	94,1	3050	0
3051	94,1	3051	0
3052	94,1	3052	0
3053	94,1	3053	0
3054	94,1	3054	0
3055	94	3055	0
3056	94	3056	0
3057	94	3057	0
3058	94	3058	0
3059	94	3059	0
3060	94	3060	0
3061	94	3061	1
3062	94	3062	0
3063	94	3063	0
3064	94	3064	0
3065	94	3065	0
3066	94	3066	0
3067	94	3067	0
3068	94	3068	0
3069	94	3069	0
3070	94	3070	0
3071	94	3071	0
3072	94	3072	0
3073	93,9	3073	0
3074	93,9	3074	0
3075	93,9	3075	0
3076	93,9	3076	0
3077	93,9	3077	0
3078	93,9	3078	0
3079	93,8	3079	0
3080	93,8	3080	0
3081	93,8	3081	0
3082	93,8	3082	0
3083	93,8	3083	0
3084	93,8	3084	0
3085	93,8	3085	0
3086	93,6	3086	0
3087	93,6	3087	0
3088	93,6	3088	0
3089	93,6	3089	0
3090	93,6	3090	0
3091	93,6	3091	0
3092	93,6	3092	0
3093	93,6	3093	0
3094	93,6	3094	0
3095	93,6	3095	0
3096	93,6	3096	1
3097	93,6	3097	0
3098	93,5	3098	0
3099	93,5	3099	0
3100	93,5	3100	0
3101	93,5	3101	0
3102	93,5	3102	0
3103	93,5	3103	0
3104	93,5	3104	0
3105	93,5	3105	0
3106	93,5	3106	0
3107	93,5	3107	0
3108	93,5	3108	0
3109	93,5	3109	0
3110	93,5	3110	0
3111	93,5	3111	0
3112	93,5	3112	0
3113	93,5	3113	0
3114	93,5	3114	0
3115	93,5	3115	0
3116	93,5	3116	0
3117	93,5	3117	0
3118	93,5	3118	0
3119	93,5	3119	0
3120	93,4	3120	0
3121	93,4	3121	0
3122	93,4	3122	0
3123	93,4	3123	0
3124	93,4	3124	0
3125	93,4	3125	0
3126	93,4	3126	0
3127	93,4	3127	0
3128	93,4	3128	0
3129	93,3	3129	0
3130	93,3	3130	0
3131	93,3	3131	0
3132	93,3	3132	0
3133	93,3	3133	0
3134	93,3	3134	0
3135	93,3	3135	0
3136	93,3	3136	0
3137	93,3	3137	0
3138	93,3	3138	0
3139	93,3	3139	0
3140	93,3	3140	0
3141	93,3	3141	0
3142	93,3	3142	0
3143	93,3	3143	0
3144	93,1	3144	0
3145	93,3	3145	0
3146	93,3	3146	0
3147	93,3	3147	0
3148	93,1	3148	0
3149	93,1	3149	0
3150	93,1	3150	0
3151	93,1	3151	0
3152	93,1	3152	0
3153	93,1	3153	0
3154	93,1	3154	0
3155	93,1	3155	0
3156	93,1	3156	0
3157	93,1	3157	0
3158	93,1	3158	0
3159	93	3159	0
3160	93	3160	0
3161	93	3161	0
3162	93	3162	0
3163	93	3163	0
3164	93	3164	0
3165	93	3165	0
3166	93	3166	0
3167	93	3167	0
3168	93	3168	0
3169	93	3169	0
3170	93	3170	0
3171	93	3171	0
3172	93	3172	0
3173	93	3173	0
3174	93	3174	0
3175	93	3175	0
3176	93	3176	0
3177	93	3177	0
3178	93	3178	0
3179	93	3179	0
3180	93	3180	0
3181	92,9	3181	0
3182	92,9	3182	0
3183	92,9	3183	0
3184	92,9	3184	0
3185	92,9	3185	0
3186	92,9	3186	0
3187	92,9	3187	0
3188	92,9	3188	0
3189	92,9	3189	0
3190	92,8	3190	0
3191	92,8	3191	0
3192	92,8	3192	0
3193	92,8	3193	0
3194	92,8	3194	0
3195	92,8	3195	0
3196	92,8	3196	0
3197	92,8	3197	0
3198	92,8	3198	0
3199	92,8	3199	0
3200	92,8	3200	0
3201	92,8	3201	0
3202	92,8	3202	0
3203	92,8	3203	0
3204	92,8	3204	0
3205	92,8	3205	0
3206	92,8	3206	0
3207	92,8	3207	0
3208	92,6	3208	0
3209	92,6	3209	0
3210	92,6	3210	0
3211	92,6	3211	0
3212	92,6	3212	0
3213	92,6	3213	0
3214	92,6	3214	0
3215	92,6	3215	0
3216	92,6	3216	0
3217	92,6	3217	0
3218	92,6	3218	0
3219	92,6	3219	0
3220	92,5	3220	0
3221	92,5	3221	0
3222	92,5	3222	0
3223	92,5	3223	0
3224	92,5	3224	0
3225	92,5	3225	0
3226	92,5	3226	0
3227	92,5	3227	0
3228	92,5	3228	0
3229	92,5	3229	0
3230	92,5	3230	0
3231	92,5	3231	0
3232	92,5	3232	0
3233	92,5	3233	0
3234	92,5	3234	0
3235	92,5	3235	0
3236	92,5	3236	0
3237	92,5	3237	0
3238	92,5	3238	0
3239	92,5	3239	0
3240	92,5	3240	0
3241	92,5	3241	0
3242	92,5	3242	0
3243	92,5	3243	0
3244	92,5	3244	0
3245	92,5	3245	0
3246	92,5	3246	0
3247	92,5	3247	0
3248	92,5	3248	0
3249	92,5	3249	0
3250	92,5	3250	0
3251	92,5	3251	0
3252	92,5	3252	0
3253	92,5	3253	0
3254	92,4	3254	0
3255	92,4	3255	0
3256	92,4	3256	0
3257	92,4	3257	0
3258	92,4	3258	0
3259	92,4	3259	0
3260	92,4	3260	0
3261	92,4	3261	0
3262	92,4	3262	0
3263	92,4	3263	0
3264	92,4	3264	0
3265	92,4	3265	0
3266	92,4	3266	0
3267	92,4	3267	0
3268	92,4	3268	0
3269	92,4	3269	0
3270	92,3	3270	0
3271	92,3	3271	0
3272	92,3	3272	0
3273	92,3	3273	0
3274	92,3	3274	0
3275	92,3	3275	0
3276	92,3	3276	0
3277	92,3	3277	0
3278	92,3	3278	0
3279	92,3	3279	0
3280	92,3	3280	0
3281	92,3	3281	0
3282	92,3	3282	0
3283	92,3	3283	0
3284	92,3	3284	0
3285	92,3	3285	0
3286	92,3	3286	0
3287	92,3	3287	0
3288	92,3	3288	0
3289	92,3	3289	0
3290	92,3	3290	0
3291	92,3	3291	0
3292	92,3	3292	0
3293	92,1	3293	0
3294	92,1	3294	0
3295	92,1	3295	0
3296	92,1	3296	0
3297	92,1	3297	0
3298	92,1	3298	0
3299	92,1	3299	0
3300	92,1	3300	0
3301	92,1	3301	0
3302	92,1	3302	0
3303	92	3303	0
3304	92	3304	0
3305	92	3305	0
3306	92	3306	0
3307	92	3307	0
3308	92	3308	0
3309	92	3309	0
3310	92	3310	0
3311	92	3311	0
3312	92	3312	0
3313	92	3313	0
3314	92	3314	0
3315	92	3315	0
3316	92	3316	0
3317	92	3317	0
3318	92	3318	0
3319	92	3319	0
3320	92	3320	0
3321	92	3321	0
3322	92	3322	0
3323	92	3323	0
3324	92	3324	0
3325	92	3325	0
3326	92	3326	0
3327	92	3327	0
3328	92	3328	0
3329	92	3329	0
3330	92	3330	0
3331	92	3331	0
3332	92	3332	0
3333	92	3333	0
3334	92	3334	0
3335	92	3335	0
3336	92	3336	0
3337	92	3337	0
3338	92	3338	0
3339	92	3339	0
3340	92	3340	0
3341	92	3341	0
3342	92	3342	0
3343	92	3343	0
3344	92	3344	0
3345	92	3345	0
3346	92	3346	0
3347	92	3347	0
3348	92	3348	0
3349	92	3349	0
3350	92	3350	0
3351	92	3351	0
3352	92	3352	0
3353	92	3353	0
3354	91,9	3354	0
3355	92	3355	0
3356	91,9	3356	0
3357	91,9	3357	0
3358	91,9	3358	0
3359	91,9	3359	0
3360	91,9	3360	0
3361	91,9	3361	0
3362	91,9	3362	0
3363	91,9	3363	0
3364	91,9	3364	0
3365	91,9	3365	0
3366	91,9	3366	0
3367	91,9	3367	0
3368	91,9	3368	0
3369	91,8	3369	0
3370	91,8	3370	0
3371	91,8	3371	0
3372	91,8	3372	0
3373	91,8	3373	0
3374	91,8	3374	0
3375	91,8	3375	0
3376	91,8	3376	0
3377	91,8	3377	0
3378	91,8	3378	0
3379	91,8	3379	0
3380	91,8	3380	0
3381	91,8	3381	0
3382	91,8	3382	0
3383	91,8	3383	0
3384	91,8	3384	0
3385	91,8	3385	0
3386	91,8	3386	0
3387	91,8	3387	0
3388	91,8	3388	0
3389	91,8	3389	0
3390	91,6	3390	0
3391	91,6	3391	0
3392	91,6	3392	0
3393	91,6	3393	0
3394	91,6	3394	0
3395	91,6	3395	0
3396	91,6	3396	0
3397	91,6	3397	0
3398	91,6	3398	0
3399	91,6	3399	0
3400	91,6	3400	0
3401	91,6	3401	0
3402	91,6	3402	0
3403	91,5	3403	0
3404	91,5	3404	0
3405	91,5	3405	0
3406	91,5	3406	0
3407	91,5	3407	0
3408	91,5	3408	0
3409	91,5	3409	0
3410	91,5	3410	0
3411	91,5	3411	0
3412	91,5	3412	0
3413	91,5	3413	0
3414	91,5	3414	0
3415	91,5	3415	0
3416	91,5	3416	0
3417	91,5	3417	0
3418	91,5	3418	0
3419	91,5	3419	0
3420	91,5	3420	0
3421	91,5	3421	0
3422	91,5	3422	0
3423	91,5	3423	0
3424	91,5	3424	0
3425	91,5	3425	0
3426	91,5	3426	0
3427	91,5	3427	0
3428	91,5	3428	0
3429	91,5	3429	0
3430	91,5	3430	0
3431	91,5	3431	0
3432	91,5	3432	0
3433	91,5	3433	0
3434	91,5	3434	0
3435	91,4	3435	0
3436	91,4	3436	0
3437	91,4	3437	0
3438	91,4	3438	0
3439	91,4	3439	0
3440	91,4	3440	0
3441	91,4	3441	0
3442	91,4	3442	0
3443	91,4	3443	0
3444	91,4	3444	0
3445	91,4	3445	0
3446	91,4	3446	0
3447	91,4	3447	0
3448	91,4	3448	0
3449	91,4	3449	0
3450	91,4	3450	0
3451	91,4	3451	0
3452	91,4	3452	0
3453	91,4	3453	0
3454	91,4	3454	0
3455	91,4	3455	0
3456	91,5	3456	0
3457	91,5	3457	0
3458	91,5	3458	0
3459	91,5	3459	0
3460	91,5	3460	0
3461	91,5	3461	0
3462	91,5	3462	0
3463	91,5	3463	0
3464	91,5	3464	0
3465	91,5	3465	0
3466	91,5	3466	0
3467	91,5	3467	0
3468	91,5	3468	0
3469	91,5	3469	0
3470	91,5	3470	0
3471	91,5	3471	0
3472	91,5	3472	0
3473	91,5	3473	0
3474	91,4	3474	0
3475	91,4	3475	0
3476	91,4	3476	0
3477	91,3	3477	0
3478	91,3	3478	0
3479	91,3	3479	0
3480	91,3	3480	0
3481	91,1	3481	0
3482	91,1	3482	0
3483	91	3483	0
3484	91	3484	0
3485	91	3485	0
3486	91	3486	0
3487	91	3487	0
3488	90,9	3488	0
3489	90,8	3489	0
3490	90,6	3490	0
3491	90,6	3491	0
3492	90,5	3492	0
3493	90,5	3493	0
3494	90,4	3494	0
3495	90,3	3495	0
3496	90,1	3496	0
3497	90	3497	0
3498	90	3498	0
3499	89,9	3499	0
3500	89,8	3500	0
3501	89,6	3501	0
3502	89,5	3502	0
3503	89,5	3503	0
3504	89,4	3504	0
3505	89,3	3505	0
3506	89,1	3506	0
3507	89	3507	0
3508	88,9	3508	0
3509	88,8	3509	0
3510	88,6	3510	0
3511	88,5	3511	0
3512	88,5	3512	0
3513	88,4	3513	0
3514	88,3	3514	0
3515	88,1	3515	0
3516	88	3516	0
3517	88	3517	0
3518	87,9	3518	0
3519	87,8	3519	0
3520	87,6	3520	0
3521	87,5	3521	0
3522	87,5	3522	0
3523	87,4	3523	0
3524	87,3	3524	0
3525	87,1	3525	0
3526	87	3526	0
3527	87	3527	0
3528	86,9	3528	0
3529	86,8	3529	0
3530	86,6	3530	0
3531	86,5	3531	0
3532	86,4	3532	0
3533	86,3	3533	0
3534	86	3534	0
3535	86	3535	0
3536	85,8	3536	0
3537	85,6	3537	0
3538	85,5	3538	0
3539	85,3	3539	0
3540	85	3540	0
3541	84,8	3541	0
3542	84,5	3542	0
3543	84,4	3543	0
3544	84,1	3544	0
3545	83,9	3545	0
3546	83,6	3546	0
3547	83,5	3547	0
3548	83,1	3548	0
3549	83	3549	0
3550	82,8	3550	0
3551	82,5	3551	0
3552	82,3	3552	0
3553	82	3553	0
3554	81,9	3554	0
3555	81,6	3555	0
3556	81,5	3556	0
3557	81,3	3557	0
3558	81	3558	0
3559	80,9	3559	0
3560	80,6	3560	0
3561	80,5	3561	0
3562	80,3	3562	0
3563	80,1	3563	0
3564	80	3564	0
3565	79,9	3565	0
3566	79,6	3566	0
3567	79,5	3567	0
3568	79,4	3568	0
3569	79,3	3569	0
3570	79,1	3570	0
3571	79	3571	0
3572	78,9	3572	0
3573	78,8	3573	0
3574	78,5	3574	0
3575	78,5	3575	0
3576	78,4	3576	0
3577	78,1	3577	0
3578	78	3578	0
3579	78	3579	0
3580	77,9	3580	0
3581	77,6	3581	0
3582	77,5	3582	0
3583	77,5	3583	0
3584	77,3	3584	0
3585	77,1	3585	0
3586	77	3586	0
3587	77	3587	0
3588	76,9	3588	0
3589	76,8	3589	0
3590	76,6	3590	0
3591	76,5	3591	0
3592	76,4	3592	0
3593	76,3	3593	0
3594	76,1	3594	0
3595	76	3595	0
3596	76	3596	0
3597	75,9	3597	0
3598	75,8	3598	0
3599	75,6	3599	0
3600	75,5	3600	0
3601	75,4	3601	0
3602	75,3	3602	0
3603	75,1	3603	0
3604	75	3604	0
3605	74,9	3605	0
3606	74,8	3606	0
3607	74,6	3607	0
3608	74,5	3608	0
3609	74,4	3609	0
3610	74,3	3610	0
3611	74,1	3611	0
3612	74	3612	0
3613	74	3613	0
3614	73,9	3614	0
3615	73,6	3615	0
3616	73,5	3616	0
3617	73,5	3617	0
3618	73,5	3618	0
3619	73,4	3619	0
3620	73,1	3620	0
3621	73,1	3621	0
3622	73	3622	0
3623	73	3623	0
3624	72,9	3624	0
3625	72,8	3625	0
3626	72,6	3626	0
3627	72,5	3627	0
3628	72,5	3628	0
3629	72,4	3629	0
3630	72,3	3630	0
3631	72,1	3631	0
3632	72	3632	0
3633	72	3633	0
3634	71,9	3634	0
3635	71,9	3635	0
3636	71,8	3636	0
3637	71,6	3637	0
3638	71,5	3638	0
3639	71,5	3639	0
3640	71,5	3640	0
3641	71,4	3641	0
3642	71,3	3642	0
3643	71,1	3643	0
3644	71	3644	0
3645	71	3645	0
3646	71	3646	0
3647	70,9	3647	0
3648	70,8	3648	0
3649	70,6	3649	0
3650	70,5	3650	0
3651	70,5	3651	0
3652	70,5	3652	0
3653	70,4	3653	0
3654	70,3	3654	0
3655	70,3	3655	0
3656	70,1	3656	0
3657	70	3657	0
3658	70	3658	0
3659	70	3659	0
3660	69,9	3660	0
3661	69,8	3661	0
3662	69,6	3662	0
3663	69,5	3663	0
3664	69,5	3664	0
3665	69,5	3665	0
3666	69,4	3666	0
3667	69,3	3667	0
3668	69,1	3668	0
3669	69	3669	0
3670	69	3670	0
3671	68,9	3671	0
3672	68,9	3672	0
3673	68,8	3673	0
3674	68,6	3674	0
3675	68,5	3675	0
3676	68,5	3676	0
3677	68,4	3677	0
3678	68,4	3678	0
3679	68,3	3679	0
3680	68,1	3680	0
3681	68	3681	0
3682	68	3682	0
3683	68	3683	0
3684	67,9	3684	0
3685	67,9	3685	0
3686	67,8	3686	0
3687	67,8	3687	0
3688	67,6	3688	0
3689	67,5	3689	0
3690	67,5	3690	0
3691	67,5	3691	0
3692	67,4	3692	0
3693	67,4	3693	0
3694	67,3	3694	0
3695	67,1	3695	0
3696	67,1	3696	0
3697	67	3697	0
3698	67	3698	0
3699	67	3699	0
3700	66,9	3700	0
3701	66,8	3701	0
3702	66,8	3702	0
3703	66,6	3703	0
3704	66,5	3704	0
3705	66,5	3705	0
3706	66,5	3706	0
3707	66,5	3707	0
3708	66,4	3708	0
3709	66,3	3709	0
3710	66,3	3710	0
3711	66,3	3711	0
3712	66,1	3712	0
3713	66	3713	0
3714	66	3714	0
3715	66	3715	0
3716	66	3716	0
3717	65,9	3717	0
3718	65,8	3718	0
3719	65,8	3719	0
3720	65,6	3720	0
3721	65,6	3721	0
3722	65,5	3722	0
3723	65,5	3723	0
3724	65,5	3724	0
3725	65,5	3725	0
3726	65,4	3726	0
3727	65,4	3727	0
3728	65,3	3728	0
3729	65,3	3729	0
3730	65,1	3730	0
3731	65,1	3731	0
