Time - Temeperatura (°C)	Temperatura (°C) & Presión (kPa) - Temeperatura (°C)	Time - Presión (kPa)	Temperatura (°C) & Presión (kPa) - Presión (kPa)						
0	62,5	0	59						
1	62,5	1	59						
2	62,5	2	60						
3	62,7	3	61						
4	62,7	4	61						
5	62,7	5	62						
6	62,7	6	63						
7	62,9	7	63						
8	62,9	8	63						
9	63	9	63						
10	63	10	63						
11	63	11	63						
12	63	12	63						
13	63	13	63						
14	63	14	63						
15	63,2	15	62						
16	63,2	16	62						121,8
17	63,2	17	61						
18	63,2	18	61						
19	63,2	19	60						
20	63,4	20	59						
21	63,4	21	59						
22	63,5	22	59						
23	63,5	23	59						
24	63,5	24	60						
25	63,5	25	61						
26	63,5	26	63						
27	63,5	27	64						
28	63,7	28	62						
29	63,7	29	62						
30	63,7	30	63						
31	63,7	31	64						
32	63,7	32	63						
33	63,9	33	62						
34	63,9	34	62						
35	63,9	35	62						
36	64	36	61						
37	64	37	61						
38	64	38	61						
39	64	39	61						
40	64	40	61						
41	64	41	60						
42	64,1	42	60						
43	64,1	43	60						
44	64,1	44	61						
45	64,3	45	61						
46	64,3	46	62						
47	64,3	47	62						
48	64,4	48	62						
49	64,4	49	63						
50	64,4	50	63						
51	64,5	51	64						
52	64,5	52	64						
53	64,5	53	63						
54	64,5	54	63						
55	64,5	55	63						
56	64,5	56	63						
57	64,6	57	63						
58	64,6	58	64						
59	64,6	59	64						
60	64,6	60	63						
61	64,8	61	63						
62	64,8	62	62						
63	64,9	63	61						
64	64,9	64	60						
65	64,9	65	61						
66	65	66	61						
67	65	67	61						
68	65	68	61						
69	65	69	60						
70	65,1	70	60						
71	65,1	71	60						
72	65,1	72	60						
73	65,3	73	59						
74	65,3	74	61						
75	65,4	75	61						
76	65,4	76	61						
77	65,5	77	62						
78	65,5	78	62						
79	65,5	79	63						
80	65,6	80	64						
81	65,8	81	64						
82	65,9	82	64						
83	66	83	65						
84	66	84	65						
85	66,1	85	65						
86	66,3	86	64						
87	66,5	87	63						
88	66,5	88	63						
89	66,6	89	63						
90	66,9	90	63						
91	67	91	62						
92	67,1	92	62						
93	67,3	93	61						
94	67,5	94	61						
95	67,5	95	62						
96	67,8	96	61						
97	68	97	62						
98	68	98	62						
99	68,3	99	62						
100	68,4	100	63						
101	68,5	101	63						
102	68,6	102	64						
103	68,9	103	64						
104	69	104	65						
105	69	105	65						
106	69,3	106	65						
107	69,4	107	65						
108	69,5	108	65						
109	69,6	109	64						
110	69,8	110	64						
111	70	111	63						
112	70,1	112	64						
113	70,3	113	64						
114	70,4	114	64						
115	70,5	115	63						
116	70,6	116	63						
117	70,8	117	62						
118	70,9	118	61						
119	71	119	61						
120	71	120	61						
121	71,3	121	61						
122	71,4	122	62						
123	71,5	123	63						
124	71,5	124	62						
125	71,6	125	63						
126	71,8	126	63						
127	71,9	127	63						
128	72	128	63						
129	72	129	64						
130	72,1	130	64						
131	72,3	131	65						
132	72,5	132	65						
133	72,5	133	65						
134	72,8	134	65						
135	72,9	135	64						
136	73	136	63						
137	73,1	137	62						
138	73,3	138	61						
139	73,4	139	61						
140	73,5	140	64						
141	73,6	141	66						
142	73,8	142	66						
143	74	143	65						
144	74	144	65						
145	74,3	145	64						
146	74,5	146	64						
147	74,5	147	63						
148	74,8	148	64						
149	75	149	64						
150	75,1	150	65						
151	75,3	151	68						
152	75,5	152	68						
153	75,5	153	67						
154	75,8	154	66						
155	76	155	66						
156	76,1	156	65						
157	76,4	157	64						
158	76,5	158	65						
159	76,8	159	67						
160	77	160	68						
161	77	161	68						
162	77,3	162	67						
163	77,5	163	67						
164	77,6	164	68						
165	77,9	165	67						
166	78	166	66						
167	78,1	167	64						
168	78,4	168	65						
169	78,5	169	66						
170	78,8	170	67						
171	79	171	68						
172	79	172	68						
173	79,3	173	67						
174	79,4	174	66						
175	79,5	175	65						
176	79,5	176	66						
177	79,8	177	66						
178	79,9	178	67						
179	80	179	68						
180	80	180	69						
181	80,1	181	69						
182	80,3	182	68						
183	80,3	183	67						
184	80,4	184	67						
185	80,5	185	66						
186	80,5	186	65						
187	80,5	187	65						
188	80,6	188	67						
189	80,8	189	68						
190	80,9	190	69						
191	81	191	69						
192	81	192	68						
193	81	193	68						
194	81,1	194	66						
195	81,3	195	65						
196	81,4	196	66						
197	81,5	197	68						
198	81,6	198	69						
199	81,8	199	68						
200	81,9	200	68						
201	82	201	67						
202	82,1	202	66						
203	82,1	203	67						
204	82,3	204	69						
205	82,5	205	69						
206	82,5	206	69						
207	82,6	207	68						
208	82,8	208	67						
209	82,9	209	68						
210	83	210	69						
211	83	211	70						
212	83,1	212	70						
213	83,4	213	69						
214	83,5	214	67						
215	83,5	215	67						
216	83,5	216	68						
217	83,8	217	69						
218	83,8	218	70						
219	83,9	219	69						
220	84	220	68						
221	84	221	68						
222	84,1	222	68						
223	84,3	223	69						
224	84,4	224	70						
225	84,5	225	70						
226	84,5	226	69						
227	84,6	227	68						
228	84,8	228	68						
229	84,9	229	69						
230	84,9	230	70						
231	85	231	70						
232	85	232	69						
233	85,1	233	68						
234	85,3	234	67						
235	85,4	235	67						
236	85,5	236	69						
237	85,5	237	70						
238	85,6	238	70						
239	85,8	239	70						
240	85,9	240	69						
241	86	241	69						
242	86	242	69						
243	86,1	243	68						
244	86,3	244	69						
245	86,4	245	71						
246	86,5	246	71						
247	86,5	247	71						
248	86,6	248	70						
249	86,6	249	68						
250	86,8	250	68						
251	87	251	70						
252	87	252	70						
253	87	253	72						
254	87,1	254	72						
255	87,3	255	72						
256	87,4	256	71						
257	87,5	257	71						
258	87,5	258	71						
259	87,6	259	70						
260	87,8	260	70						
261	87,9	261	70						
262	87,9	262	71						
263	88	263	72						
264	88	264	73						
265	88,1	265	72						
266	88,3	266	70						
267	88,4	267	70						
268	88,4	268	70						
269	88,5	269	72						
270	88,5	270	73						
271	88,6	271	73						
272	88,8	272	72						
273	88,9	273	70						
274	88,9	274	70						
275	89	275	72						
276	89	276	74						
277	89	277	74						
278	89,1	278	72						
279	89,3	279	71						
280	89,4	280	71						
281	89,5	281	73						
282	89,5	282	74						
283	89,5	283	74						
284	89,6	284	74						
285	89,8	285	73						
286	89,9	286	72						
287	89,9	287	74						
288	90	288	75						
289	90	289	75						
290	90	290	74						
291	90,1	291	72						
292	90,3	292	72						
293	90,3	293	73						
294	90,4	294	75						
295	90,5	295	75						
296	90,5	296	74						
297	90,5	297	73						
298	90,5	298	74						
299	90,6	299	75						
300	90,8	300	75						
301	90,9	301	75						
302	90,9	302	74						
303	91	303	72						
304	91	304	73						
305	91,1	305	75						
306	91,1	306	75						
307	91,3	307	76						
308	91,4	308	76						
309	91,5	309	74						
310	91,5	310	74						
311	91,6	311	75						
312	91,6	312	76						
313	91,8	313	77						
314	91,9	314	77						
315	92	315	76						
316	92	316	75						
317	92	317	74						
318	92,1	318	75						
319	92,3	319	76						
320	92,3	320	77						
321	92,4	321	79						
322	92,5	322	79						
323	92,5	323	78						
324	92,5	324	77						
325	92,6	325	75						
326	92,8	326	75						
327	92,8	327	75						
328	92,9	328	77						
329	93	329	79						
330	93	330	79						
331	93,1	331	79						
332	93,1	332	79						
333	93,3	333	78						
334	93,4	334	79						
335	93,4	335	80						
336	93,5	336	78						
337	93,5	337	76						
338	93,6	338	76						
339	93,6	339	77						
340	93,8	340	78						
341	93,9	341	80						
342	93,9	342	81						
343	94	343	81						
344	94	344	80						
345	94	345	81						
346	94,1	346	82						
347	94,3	347	81						
348	94,3	348	80						
349	94,3	349	79						
350	94,4	350	78						
351	94,4	351	79						
352	94,5	352	80						
353	94,5	353	82						
354	94,5	354	82						
355	94,6	355	81						
356	94,8	356	80						
357	94,8	357	81						
358	94,9	358	81						
359	94,9	359	81						
360	95	360	82						
361	95	361	83						
362	95	362	82						
363	95	363	80						
364	95	364	79						
365	95	365	80						
366	95,1	366	82						
367	95,1	367	83						
368	95,1	368	84						
369	95,3	369	82						
370	95,3	370	81						
371	95,3	371	79						
372	95,3	372	81						
373	95,4	373	83						
374	95,4	374	84						
375	95,4	375	84						
376	95,4	376	83						
377	95,5	377	82						
378	95,5	378	81						
379	95,5	379	83						
380	95,5	380	85						
381	95,5	381	84						
382	95,6	382	82						
383	95,6	383	82						
384	95,8	384	82						
385	95,8	385	84						
386	95,9	386	85						
387	95,9	387	85						
388	96	388	83						
389	96	389	82						
390	96	390	83						
391	96	391	85						
392	96,1	392	87						
393	96,1	393	87						
394	96,3	394	85						
395	96,4	395	83						
396	96,4	396	83						
397	96,4	397	83						
398	96,5	398	84						
399	96,5	399	85						
400	96,5	400	86						
401	96,6	401	87						
402	96,6	402	86						
403	96,6	403	85						
404	96,8	404	85						
405	96,8	405	85						
406	96,8	406	84						
407	96,9	407	84						
408	96,9	408	84						
409	96,9	409	86						
410	96,9	410	88						
411	96,9	411	88						
412	96,9	412	88						
413	96,9	413	87						
414	97	414	86						
415	97	415	85						
416	97	416	85						
417	97	417	85						
418	97	418	86						
419	97	419	87						
420	97	420	88						
421	97	421	89						
422	97,1	422	89						
423	97,1	423	88						
424	97,1	424	88						
425	97,3	425	89						
426	97,4	426	88						
427	97,4	427	88						
428	97,5	428	91						
429	97,6	429	92						
430	97,8	430	93						
431	98	431	93						
432	98,3	432	92						
433	98,5	433	91						
434	98,6	434	91						
435	99	435	91						
436	99,1	436	91						
437	99,5	437	92						
438	99,6	438	94						
439	99,9	439	95						
440	100	440	96						
441	100,1	441	96						
442	100,4	442	95						
443	100,5	443	95						
444	100,8	444	95						
445	101	445	94						
446	101,1	446	94						
447	101,3	447	95						
448	101,4	448	96						
449	101,5	449	98						
450	101,5	450	98						
451	101,5	451	99						
452	101,6	452	99						
453	101,8	453	97						
454	101,9	454	97						
455	102	455	97						
456	102,1	456	97						
457	102,4	457	99						
458	102,5	458	100						
459	102,8	459	101						
460	103	460	102						
461	103,1	461	101						
462	103,3	462	100						
463	103,5	463	100						
464	103,5	464	100						
465	103,8	465	101						
466	103,9	466	102						
467	104	467	104						
468	104,1	468	104						
469	104,4	469	104						
470	104,5	470	103						
471	104,5	471	102						
472	104,8	472	102						
473	104,8	473	103						
474	104,9	474	104						
475	105	475	105						
476	105	476	107						
477	105	477	107						
478	105,1	478	105						
479	105,1	479	103						
480	105,1	480	102						
481	105,3	481	102						
482	105,3	482	103						
483	105,3	483	105						
484	105,3	484	107						
485	105,3	485	106						
486	105,1	486	104						
487	105,1	487	103						
488	105,1	488	104						
489	105,1	489	104						
490	105,1	490	105						
491	105,3	491	107						
492	105,3	492	108						
493	105,4	493	108						
494	105,5	494	108						
495	105,5	495	108						
496	105,5	496	107						
497	105,6	497	107						
498	105,8	498	107						
499	105,9	499	109						
500	106	500	111						
501	106	501	112						
502	106,3	502	113						
503	106,4	503	114						
504	106,5	504	113						
505	106,6	505	112						
506	106,8	506	112						
507	106,9	507	111						
508	107	508	111						
509	107	509	111						
510	107,1	510	111						
511	107,1	511	112						
512	107,3	512	113						
513	107,4	513	114						
514	107,5	514	113						
515	107,5	515	113						
516	107,6	516	114						
517	107,8	517	115						
518	107,9	518	116						
519	107,9	519	117						
520	108	520	118						
521	108	521	118						
522	108,1	522	119						
523	108,3	523	120						
524	108,4	524	119						
525	108,5	525	118						
526	108,5	526	118						
527	108,6	527	120						
528	108,8	528	122						
529	108,9	529	123						
530	109	530	123						
531	109	531	122						
532	109,1	532	122						
533	109,3	533	121						
534	109,4	534	121						
535	109,5	535	121						
536	109,5	536	121						
537	109,6	537	122						
538	109,8	538	123						
539	109,9	539	125						
540	110	540	126						
541	110	541	126						
542	110,1	542	125						
543	110,1	543	124						
544	110,1	544	124						
545	110,1	545	122						
546	110,3	546	122						
547	110,3	547	121						
548	110,3	548	122						
549	110,3	549	122						
550	110,3	550	123						
551	110,3	551	125						
552	110,3	552	125						
553	110,3	553	125						
554	110,4	554	127						
555	110,4	555	128						
556	110,4	556	127						
557	110,4	557	127						
558	110,4	558	127						
559	110,5	559	127						
560	110,5	560	127						
561	110,5	561	127						
562	110,6	562	126						
563	110,8	563	126						
564	110,9	564	127						
565	111	565	127						
566	111	566	127						
567	111,1	567	128						
568	111,3	568	130						
569	111,4	569	131						
570	111,5	570	132						
571	111,5	571	133						
572	111,6	572	133						
573	111,8	573	132						
574	111,9	574	131						
575	112	575	131						
576	112	576	132						
577	112	577	134						
578	112,1	578	136						
579	112,3	579	136						
580	112,4	580	135						
581	112,5	581	134						
582	112,5	582	133						
583	112,6	583	134						
584	112,6	584	134						
585	112,8	585	136						
586	112,9	586	138						
587	112,9	587	138						
588	113	588	139						
589	113	589	140						
590	113	590	140						
591	113,1	591	139						
592	113,3	592	139						
593	113,4	593	139						
594	113,5	594	140						
595	113,5	595	140						
596	113,5	596	140						
597	113,6	597	139						
598	113,8	598	140						
599	113,9	599	140						
600	114	600	139						
601	114	601	140						
602	114	602	142						
603	114,1	603	143						
604	114,3	604	144						
605	114,4	605	145						
606	114,5	606	145						
607	114,5	607	144						
608	114,5	608	143						
609	114,5	609	142						
610	114,6	610	141						
611	114,6	611	140						
612	114,6	612	139						
613	114,6	613	139						
614	114,6	614	138						
615	114,6	615	138						
616	114,6	616	138						
617	114,6	617	136						
618	114,5	618	137						
619	114,5	619	139						
620	114,5	620	141						
621	114,5	621	143						
622	114,5	622	144						
623	114,5	623	144						
624	114,5	624	145						
625	114,5	625	145						
626	114,5	626	145						
627	114,5	627	144						
628	114,6	628	144						
629	114,6	629	143						
630	114,6	630	142						
631	114,8	631	142						
632	114,8	632	142						
633	114,9	633	143						
634	115	634	143						
635	115	635	143						
636	115	636	144						
637	115,1	637	146						
638	115,3	638	146						
639	115,3	639	147						
640	115,4	640	148						
641	115,4	641	147						
642	115,5	642	148						
643	115,5	643	148						
644	115,5	644	147						
645	115,6	645	147						
646	115,6	646	146						
647	115,6	647	147						
648	115,8	648	147						
649	115,9	649	148						
650	115,9	650	150						
651	116	651	151						
652	116	652	152						
653	116	653	153						
654	116	654	151						
655	116,1	655	150						
656	116,1	656	149						
657	116,3	657	148						
658	116,3	658	147						
659	116,3	659	148						
660	116,4	660	148						
661	116,4	661	149						
662	116,4	662	150						
663	116,5	663	152						
664	116,5	664	152						
665	116,5	665	153						
666	116,5	666	153						
667	116,5	667	153						
668	116,6	668	153						
669	116,6	669	152						
670	116,6	670	151						
671	116,8	671	151						
672	116,8	672	151						
673	116,8	673	153						
674	116,8	674	154						
675	116,9	675	154						
676	116,9	676	151						
677	116,9	677	147						
678	116,8	678	146						
679	116,8	679	148						
680	116,6	680	150						
681	116,6	681	150						
682	116,6	682	150						
683	116,5	683	148						
684	116,5	684	147						
685	116,5	685	148						
686	116,5	686	149						
687	116,5	687	149						
688	116,4	688	150						
689	116,4	689	150						
690	116,4	690	150						
691	116,4	691	150						
692	116,3	692	149						
693	116,4	693	149						
694	116,4	694	150						
695	116,4	695	150						
696	116,5	696	150						
697	116,5	697	152						
698	116,5	698	154						
699	116,5	699	153						
700	116,5	700	153						
701	116,6	701	151						
702	116,6	702	152						
703	116,8	703	153						
704	116,8	704	155						
705	116,9	705	156						
706	116,9	706	154						
707	117	707	154						
708	117	708	155						
709	117	709	155						
710	117	710	155						
711	117	711	154						
712	117,1	712	154						
713	117,1	713	155						
714	117,1	714	157						
715	117,3	715	158						
716	117,3	716	159						
717	117,4	717	157						
718	117,4	718	155						
719	117,5	719	155						
720	117,5	720	156						
721	117,5	721	156						
722	117,5	722	157						
723	117,5	723	159						
724	117,6	724	160						
725	117,6	725	161						
726	117,8	726	161						
727	117,8	727	160						
728	117,9	728	158						
729	117,9	729	158						
730	117,9	730	158						
731	118	731	158						
732	118	732	158						
733	118	733	159						
734	118	734	160						
735	118	735	160						
736	118	736	161						
737	118,1	737	161						
738	118,1	738	161						
739	118,1	739	161						
740	118,1	740	160						
741	118,1	741	160						
742	118,1	742	159						
743	118,1	743	158						
744	118,1	744	156						
745	118,1	745	155						
746	118,1	746	154						
747	118,1	747	153						
748	118	748	154						
749	118	749	155						
750	118	750	157						
751	118	751	158						
752	118	752	158						
753	118	753	158						
754	117,9	754	159						
755	117,9	755	158						
756	117,9	756	157						
757	117,9	757	156						
758	117,9	758	156						
759	117,9	759	156						
760	117,9	760	157						
761	117,9	761	159						
762	117,9	762	161						
763	117,9	763	161						
764	117,9	764	162						
765	118	765	162						
766	118	766	161						
767	118	767	159						
768	118,1	768	159						
769	118,1	769	160						
770	118,3	770	161						
771	118,3	771	163						
772	118,4	772	164						
773	118,4	773	165						
774	118,5	774	166						
775	118,5	775	165						
776	118,5	776	164						
777	118,6	777	163						
778	118,6	778	161						
779	118,6	779	162						
780	118,8	780	164						
781	118,8	781	165						
782	118,9	782	166						
783	118,9	783	167						
784	119	784	166						
785	119	785	164						
786	119	786	163						
787	119	787	163						
788	119	788	163						
789	119	789	163						
790	119,1	790	165						
791	119,1	791	167						
792	119,1	792	169						
793	119,3	793	169						
794	119,3	794	169						
795	119,3	795	169						
796	119,4	796	167						
797	119,4	797	165						
798	119,4	798	164						
799	119,5	799	165						
800	119,5	800	166						
801	119,5	801	167						
802	119,5	802	168						
803	119,5	803	170						
804	119,5	804	171						
805	119,6	805	170						
806	119,6	806	169						
807	119,6	807	167						
808	119,6	808	165						
809	119,6	809	164						
810	119,6	810	164						
811	119,5	811	163						
812	119,5	812	162						
813	119,5	813	162						
814	119,5	814	161						
815	119,5	815	160						
816	119,5	816	162						
817	119,4	817	164						
818	119,4	818	163						
819	119,3	819	163						
820	119,3	820	162						
821	119,1	821	162						
822	119,1	822	163						
823	119	823	165						
824	119	824	168						
825	119	825	168						
826	119,1	826	167						
827	119	827	164						
828	119	828	163						
829	119	829	163						
830	119,1	830	165						
831	119,1	831	166						
832	119,1	832	168						
833	119,1	833	169						
834	119,3	834	170						
835	119,3	835	170						
836	119,4	836	168						
837	119,5	837	167						
838	119,5	838	167						
839	119,5	839	169						
840	119,5	840	171						
841	119,6	841	171						
842	119,6	842	171						
843	119,6	843	170						
844	119,8	844	170						
845	119,9	845	169						
846	119,9	846	170						
847	120	847	171						
848	120	848	172						
849	120	849	172						
850	120	850	172						
851	120,1	851	172						
852	120,1	852	172						
853	120,1	853	171						
854	120,1	854	172						
855	120,3	855	173						
856	120,3	856	173						
857	120,3	857	173						
858	120,3	858	172						
859	120,4	859	172						
860	120,4	860	172						
861	120,4	861	171						
862	120,4	862	172						
863	120,5	863	172						
864	120,5	864	173						
865	120,5	865	173						
866	120,5	866	174						
867	120,5	867	175						
868	120,5	868	176						
869	120,5	869	176						
870	120,5	870	175						
871	120,5	871	175						
872	120,5	872	174						
873	120,6	873	172						
874	120,6	874	171						
875	120,5	875	171						
876	120,5	876	171						
877	120,5	877	169						
878	120,5	878	166						
879	120,5	879	165						
880	120,4	880	164						
881	120,4	881	164						
882	120,3	882	166						
883	120,3	883	167						
884	120,3	884	168						
885	120,1	885	168						
886	120,1	886	168						
887	120,1	887	168						
888	120	888	168						
889	120	889	168						
890	120	890	167						
891	120	891	168						
892	120	892	168						
893	120	893	169						
894	120	894	171						
895	120	895	171						
896	120	896	172						
897	120,1	897	174						
898	120,1	898	174						
899	120,3	899	173						
900	120,3	900	172						
901	120,3	901	171						
902	120,3	902	171						
903	120,4	903	172						
904	120,4	904	172						
905	120,5	905	172						
906	120,5	906	173						
907	120,5	907	175						
908	120,5	908	175						
909	120,5	909	175						
910	120,6	910	176						
911	120,6	911	177						
912	120,6	912	176						
913	120,8	913	175						
914	120,8	914	174						
915	120,9	915	174						
916	120,9	916	174						
917	120,9	917	175						
918	120,9	918	176						
919	120,9	919	177						
920	121	920	178						
921	121	921	178						
922	121	922	177						
923	121	923	177						
924	121	924	177						
925	121	925	177						
926	121	926	177						
927	121	927	176						
928	121,1	928	177						
929	121	929	177						
930	121,1	930	177						
931	121,1	931	177						
932	121,1	932	177						
933	121,1	933	178						
934	121,1	934	177						
935	121,3	935	177						
936	121,3	936	178						
937	121,3	937	177						
938	121,4	938	176						
939	121,4	939	176						
940	121,3	940	177						
941	121,4	941	177						
942	121,4	942	177						
943	121,4	943	177						
944	121,4	944	178						
945	121,4	945	177						
946	121,4	946	178						
947	121,4	947	177						
948	121,4	948	177						
949	121,4	949	176						
950	121,4	950	177						
951	121,4	951	178						
952	121,4	952	178						
953	121,4	953	177						
954	121,4	954	177						
955	121,4	955	177						
956	121,4	956	177						
957	121,4	957	177						
958	121,4	958	176						
959	121,4	959	176						
960	121,4	960	176						
961	121,4	961	177						
962	121,4	962	178						
963	121,5	963	179						
964	121,5	964	179						
965	121,5	965	178						
966	121,5	966	178						
967	121,5	967	178						
968	121,5	968	178						
969	121,5	969	177						
970	121,5	970	178						
971	121,5	971	178						
972	121,5	972	178						
973	121,5	973	178						
974	121,5	974	178						
975	121,5	975	178						
976	121,5	976	177						
977	121,5	977	177						
978	121,5	978	177						
979	121,5	979	177						
980	121,5	980	178						
981	121,5	981	179						
982	121,5	982	179						
983	121,5	983	178						
984	121,5	984	178						
985	121,5	985	178						
986	121,5	986	177						
987	121,5	987	177						
988	121,5	988	176						
989	121,5	989	177						
990	121,5	990	178						
991	121,5	991	178						
992	121,5	992	178						
993	121,5	993	178						
994	121,5	994	178						
995	121,5	995	177						
996	121,5	996	176						
997	121,5	997	176						
998	121,5	998	177						
999	121,5	999	177						
1000	121,5	1000	177						
1001	121,5	1001	179						
1002	121,5	1002	178						
1003	121,5	1003	179						
1004	121,5	1004	178						
1005	121,5	1005	177						
1006	121,5	1006	177						
1007	121,5	1007	177						
1008	121,5	1008	177						
1009	121,5	1009	177						
1010	121,5	1010	178						
1011	121,5	1011	179						
1012	121,5	1012	178						
1013	121,6	1013	178						
1014	121,6	1014	178						
1015	121,6	1015	177						
1016	121,6	1016	177						
1017	121,6	1017	177						
1018	121,6	1018	177						
1019	121,5	1019	177						
1020	121,5	1020	178						
1021	121,5	1021	178						
1022	121,5	1022	178						
1023	121,5	1023	177						
1024	121,5	1024	177						
1025	121,5	1025	177						
1026	121,5	1026	176						
1027	121,5	1027	176						
1028	121,5	1028	176						
1029	121,5	1029	177						
1030	121,5	1030	178						
1031	121,5	1031	177						
1032	121,5	1032	178						
1033	121,5	1033	178						
1034	121,5	1034	178						
1035	121,5	1035	178						
1036	121,5	1036	177						
1037	121,5	1037	176						
1038	121,5	1038	176						
1039	121,5	1039	176						
1040	121,5	1040	177						
1041	121,5	1041	177						
1042	121,5	1042	178						
1043	121,5	1043	178						
1044	121,5	1044	178						
1045	121,5	1045	178						
1046	121,5	1046	178						
1047	121,5	1047	177						
1048	121,5	1048	177						
1049	121,5	1049	177						
1050	121,5	1050	179						
1051	121,5	1051	179						
1052	121,5	1052	179						
1053	121,5	1053	177						
1054	121,5	1054	177						
1055	121,6	1055	177						
1056	121,5	1056	177						
1057	121,6	1057	177						
1058	121,6	1058	176						
1059	121,6	1059	177						
1060	121,6	1060	178						
1061	121,6	1061	178						
1062	121,6	1062	177						
1063	121,6	1063	176						
1064	121,6	1064	177						
1065	121,6	1065	178						
1066	121,6	1066	178						
1067	121,6	1067	178						
1068	121,6	1068	177						
1069	121,6	1069	177						
1070	121,6	1070	177						
1071	121,6	1071	177						
1072	121,6	1072	177						
1073	121,6	1073	177						
1074	121,6	1074	177						
1075	121,6	1075	177						
1076	121,6	1076	177						
1077	121,6	1077	177						
1078	121,6	1078	176						
1079	121,5	1079	177						
1080	121,5	1080	177						
1081	121,5	1081	178						
1082	121,6	1082	178						
1083	121,5	1083	178						
1084	121,5	1084	178						
1085	121,5	1085	177						
1086	121,5	1086	177						
1087	121,5	1087	177						
1088	121,5	1088	178						
1089	121,5	1089	178						
1090	121,5	1090	178						
1091	121,5	1091	178						
1092	121,5	1092	178						
1093	121,5	1093	178						
1094	121,5	1094	178						
1095	121,5	1095	178						
1096	121,5	1096	177						
1097	121,5	1097	176						
1098	121,5	1098	175						
1099	121,5	1099	176						
1100	121,5	1100	178						
1101	121,5	1101	177						
1102	121,5	1102	178						
1103	121,5	1103	178						
1104	121,5	1104	178						
1105	121,5	1105	177						
1106	121,5	1106	177						
1107	121,5	1107	176						
1108	121,5	1108	176						
1109	121,5	1109	176						
1110	121,5	1110	178						
1111	121,5	1111	179						
1112	121,5	1112	179						
1113	121,5	1113	178						
1114	121,5	1114	177						
1115	121,5	1115	177						
1116	121,5	1116	178						
1117	121,5	1117	178						
1118	121,5	1118	177						
1119	121,5	1119	178						
1120	121,5	1120	178						
1121	121,5	1121	178						
1122	121,5	1122	178						
1123	121,6	1123	177						
1124	121,6	1124	177						
1125	121,6	1125	178						
1126	121,6	1126	178						
1127	121,6	1127	178						
1128	121,6	1128	178						
1129	121,6	1129	178						
1130	121,6	1130	178						
1131	121,6	1131	178						
1132	121,6	1132	178						
1133	121,6	1133	179						
1134	121,6	1134	177						
1135	121,6	1135	177						
1136	121,6	1136	177						
1137	121,6	1137	177						
1138	121,6	1138	176						
1139	121,6	1139	176						
1140	121,6	1140	177						
1141	121,6	1141	178						
1142	121,6	1142	179						
1143	121,6	1143	178						
1144	121,5	1144	178						
1145	121,5	1145	179						
1146	121,6	1146	178						
1147	121,5	1147	178						
1148	121,5	1148	177						
1149	121,5	1149	177						
1150	121,5	1150	177						
1151	121,6	1151	178						
1152	121,6	1152	178						
1153	121,6	1153	177						
1154	121,6	1154	177						
1155	121,6	1155	178						
1156	121,6	1156	178						
1157	121,6	1157	178						
1158	121,5	1158	177						
1159	121,6	1159	177						
1160	121,6	1160	178						
1161	121,5	1161	178						
1162	121,6	1162	178						
1163	121,6	1163	178						
1164	121,6	1164	178						
1165	121,6	1165	177						
1166	121,6	1166	178						
1167	121,5	1167	178						
1168	121,6	1168	177						
1169	121,5	1169	177						
1170	121,5	1170	177						
1171	121,5	1171	178						
1172	121,5	1172	179						
1173	121,6	1173	177						
1174	121,5	1174	177						
1175	121,5	1175	178						
1176	121,5	1176	177						
1177	121,5	1177	177						
1178	121,5	1178	177						
1179	121,5	1179	177						
1180	121,5	1180	177						
1181	121,5	1181	178						
1182	121,6	1182	179						
1183	121,6	1183	178						
1184	121,6	1184	177						
1185	121,6	1185	178						
1186	121,6	1186	178						
1187	121,6	1187	178						
1188	121,6	1188	177						
1189	121,5	1189	177						
1190	121,5	1190	177						
1191	121,6	1191	178						
1192	121,6	1192	178						
1193	121,6	1193	178						
1194	121,6	1194	178						
1195	121,6	1195	178						
1196	121,6	1196	178						
1197	121,6	1197	179						
1198	121,6	1198	178						
1199	121,6	1199	178						
1200	121,6	1200	179						
1201	121,6	1201	178						
1202	121,6	1202	178						
1203	121,6	1203	178						
1204	121,6	1204	178						
1205	121,6	1205	178						
1206	121,6	1206	177						
1207	121,6	1207	177						
1208	121,6	1208	177						
1209	121,6	1209	177						
1210	121,5	1210	178						
1211	121,5	1211	179						
1212	121,5	1212	178						
1213	121,5	1213	177						
1214	121,5	1214	177						
1215	121,5	1215	178						
1216	121,5	1216	178						
1217	121,5	1217	178						
1218	121,5	1218	178						
1219	121,5	1219	178						
1220	121,5	1220	178						
1221	121,5	1221	178						
1222	121,5	1222	178						
1223	121,5	1223	178						
1224	121,5	1224	177						
1225	121,5	1225	176						
1226	121,5	1226	178						
1227	121,5	1227	178						
1228	121,5	1228	177						
1229	121,5	1229	178						
1230	121,5	1230	179						
1231	121,5	1231	178						
1232	121,5	1232	178						
1233	121,5	1233	178						
1234	121,5	1234	178						
1235	121,6	1235	177						
1236	121,5	1236	178						
1237	121,6	1237	178						
1238	121,6	1238	177						
1239	121,6	1239	178						
1240	121,6	1240	179						
1241	121,6	1241	179						
1242	121,6	1242	179						
1243	121,6	1243	179						
1244	121,6	1244	179						
1245	121,6	1245	178						
1246	121,6	1246	178						
1247	121,6	1247	177						
1248	121,6	1248	176						
1249	121,6	1249	177						
1250	121,6	1250	177						
1251	121,6	1251	178						
1252	121,6	1252	178						
1253	121,6	1253	178						
1254	121,6	1254	177						
1255	121,6	1255	178						
1256	121,6	1256	178						
1257	121,6	1257	177						
1258	121,6	1258	177						
1259	121,6	1259	176						
1260	121,6	1260	178						
1261	121,6	1261	178						
1262	121,6	1262	178						
1263	121,6	1263	177						
1264	121,6	1264	177						
1265	121,6	1265	178						
1266	121,6	1266	178						
1267	121,6	1267	178						
1268	121,6	1268	177						
1269	121,6	1269	177						
1270	121,6	1270	178						
1271	121,6	1271	178						
1272	121,6	1272	178						
1273	121,6	1273	178						
1274	121,6	1274	177						
1275	121,6	1275	177						
1276	121,6	1276	178						
1277	121,6	1277	178						
1278	121,5	1278	177						
1279	121,6	1279	177						
1280	121,6	1280	178						
1281	121,6	1281	178						
1282	121,6	1282	178						
1283	121,6	1283	178						
1284	121,6	1284	177						
1285	121,6	1285	177						
1286	121,6	1286	178						
1287	121,6	1287	177						
1288	121,6	1288	175						
1289	121,6	1289	177						
1290	121,6	1290	178						
1291	121,6	1291	177						
1292	121,6	1292	178						
1293	121,6	1293	179						
1294	121,6	1294	179						
1295	121,6	1295	178						
1296	121,6	1296	177						
1297	121,6	1297	177						
1298	121,6	1298	177						
1299	121,6	1299	177						
1300	121,6	1300	178						
1301	121,6	1301	179						
1302	121,6	1302	178						
1303	121,6	1303	178						
1304	121,6	1304	178						
1305	121,6	1305	179						
1306	121,6	1306	178						
1307	121,6	1307	178						
1308	121,6	1308	177						
1309	121,5	1309	177						
1310	121,5	1310	178						
1311	121,5	1311	177						
1312	121,5	1312	178						
1313	121,5	1313	178						
1314	121,6	1314	179						
1315	121,6	1315	179						
1316	121,6	1316	178						
1317	121,6	1317	177						
1318	121,6	1318	176						
1319	121,5	1319	177						
1320	121,5	1320	178						
1321	121,6	1321	179						
1322	121,6	1322	179						
1323	121,6	1323	178						
1324	121,6	1324	178						
1325	121,6	1325	179						
1326	121,6	1326	178						
1327	121,6	1327	177						
1328	121,6	1328	177						
1329	121,6	1329	177						
1330	121,6	1330	178						
1331	121,5	1331	179						
1332	121,6	1332	178						
1333	121,5	1333	178						
1334	121,5	1334	179						
1335	121,5	1335	178						
1336	121,5	1336	178						
1337	121,6	1337	178						
1338	121,5	1338	177						
1339	121,5	1339	178						
1340	121,5	1340	178						
1341	121,5	1341	179						
1342	121,5	1342	179						
1343	121,6	1343	179						
1344	121,6	1344	179						
1345	121,6	1345	179						
1346	121,6	1346	179						
1347	121,6	1347	178						
1348	121,6	1348	176						
1349	121,6	1349	177						
1350	121,6	1350	178						
1351	121,6	1351	179						
1352	121,6	1352	179						
1353	121,6	1353	179						
1354	121,6	1354	178						
1355	121,6	1355	178						
1356	121,6	1356	178						
1357	121,6	1357	178						
1358	121,6	1358	178						
1359	121,6	1359	178						
1360	121,6	1360	178						
1361	121,6	1361	177						
1362	121,6	1362	177						
1363	121,5	1363	178						
1364	121,5	1364	178						
1365	121,6	1365	178						
1366	121,6	1366	178						
1367	121,6	1367	177						
1368	121,6	1368	177						
1369	121,6	1369	177						
1370	121,6	1370	178						
1371	121,6	1371	178						
1372	121,6	1372	179						
1373	121,6	1373	179						
1374	121,6	1374	179						
1375	121,6	1375	178						
1376	121,6	1376	178						
1377	121,6	1377	178						
1378	121,6	1378	178						
1379	121,6	1379	178						
1380	121,6	1380	178						
1381	121,8	1381	178						
1382	121,8	1382	179						
1383	121,8	1383	179						
1384	121,8	1384	178						
1385	121,8	1385	178						
1386	121,8	1386	179						
1387	121,8	1387	178						
1388	121,8	1388	177						
1389	121,8	1389	178						
1390	121,8	1390	179						
1391	121,8	1391	178						
1392	121,8	1392	177						
1393	121,8	1393	177						
1394	121,8	1394	178						
1395	121,8	1395	178						
1396	121,6	1396	178						
1397	121,6	1397	178						
1398	121,6	1398	177						
1399	121,6	1399	177						
1400	121,6	1400	179						
1401	121,6	1401	180						
1402	121,6	1402	179						
1403	121,6	1403	179						
1404	121,6	1404	179						
1405	121,6	1405	178						
1406	121,6	1406	178						
1407	121,6	1407	178						
1408	121,6	1408	178						
1409	121,6	1409	177						
1410	121,6	1410	179						
1411	121,6	1411	179						
1412	121,6	1412	178						
1413	121,6	1413	178						
1414	121,6	1414	179						
1415	121,6	1415	180						
1416	121,6	1416	179						
1417	121,6	1417	177						
1418	121,6	1418	178						
1419	121,6	1419	179						
1420	121,6	1420	179						
1421	121,6	1421	179						
1422	121,6	1422	178						
1423	121,6	1423	179						
1424	121,6	1424	180						
1425	121,6	1425	179						
1426	121,6	1426	178						
1427	121,6	1427	178						
1428	121,6	1428	178						
1429	121,6	1429	177						
1430	121,6	1430	178						
1431	121,6	1431	178						
1432	121,6	1432	178						
1433	121,6	1433	178						
1434	121,6	1434	178						
1435	121,6	1435	177						
1436	121,6	1436	178						
1437	121,6	1437	177						
1438	121,6	1438	177						
1439	121,6	1439	177						
1440	121,6	1440	179						
1441	121,6	1441	179						
1442	121,6	1442	177						
1443	121,6	1443	178						
1444	121,6	1444	179						
1445	121,6	1445	179						
1446	121,6	1446	178						
1447	121,6	1447	176						
1448	121,6	1448	177						
1449	121,6	1449	178						
1450	121,6	1450	179						
1451	121,6	1451	179						
1452	121,6	1452	177						
1453	121,6	1453	178						
1454	121,6	1454	178						
1455	121,6	1455	178						
1456	121,6	1456	179						
1457	121,6	1457	179						
1458	121,6	1458	178						
1459	121,6	1459	178						
1460	121,6	1460	178						
1461	121,6	1461	179						
1462	121,6	1462	179						
1463	121,6	1463	179						
1464	121,6	1464	179						
1465	121,6	1465	179						
1466	121,6	1466	178						
1467	121,6	1467	179						
1468	121,6	1468	179						
1469	121,6	1469	178						
1470	121,6	1470	177						
1471	121,6	1471	177						
1472	121,6	1472	178						
1473	121,6	1473	178						
1474	121,6	1474	179						
1475	121,6	1475	178						
1476	121,6	1476	177						
1477	121,8	1477	177						
1478	121,8	1478	178						
1479	121,8	1479	178						
1480	121,6	1480	178						
1481	121,6	1481	179						
1482	121,6	1482	180						
1483	121,6	1483	179						
1484	121,6	1484	179						
1485	121,6	1485	179						
1486	121,6	1486	178						
1487	121,6	1487	178						
1488	121,6	1488	177						
1489	121,6	1489	177						
1490	121,6	1490	178						
1491	121,6	1491	179						
1492	121,6	1492	179						
1493	121,6	1493	179						
1494	121,6	1494	179						
1495	121,6	1495	177						
1496	121,6	1496	177						
1497	121,6	1497	178						
1498	121,6	1498	177						
1499	121,6	1499	178						
1500	121,6	1500	178						
1501	121,6	1501	178						
1502	121,6	1502	178						
1503	121,6	1503	178						
1504	121,6	1504	178						
1505	121,6	1505	177						
1506	121,6	1506	178						
1507	121,6	1507	179						
1508	121,6	1508	178						
1509	121,6	1509	177						
1510	121,6	1510	177						
1511	121,6	1511	178						
1512	121,6	1512	179						
1513	121,6	1513	179						
1514	121,6	1514	177						
1515	121,6	1515	177						
1516	121,6	1516	178						
1517	121,6	1517	179						
1518	121,6	1518	178						
1519	121,6	1519	178						
1520	121,6	1520	179						
1521	121,6	1521	179						
1522	121,6	1522	179						
1523	121,6	1523	180						
1524	121,6	1524	179						
1525	121,6	1525	179						
1526	121,6	1526	179						
1527	121,6	1527	179						
1528	121,6	1528	178						
1529	121,6	1529	178						
1530	121,6	1530	179						
1531	121,6	1531	179						
1532	121,6	1532	179						
1533	121,6	1533	179						
1534	121,6	1534	179						
1535	121,6	1535	180						
1536	121,6	1536	180						
1537	121,6	1537	179						
1538	121,6	1538	178						
1539	121,6	1539	177						
1540	121,6	1540	177						
1541	121,6	1541	178						
1542	121,6	1542	179						
1543	121,6	1543	179						
1544	121,6	1544	179						
1545	121,6	1545	178						
1546	121,6	1546	178						
1547	121,6	1547	178						
1548	121,6	1548	178						
1549	121,6	1549	179						
1550	121,6	1550	178						
1551	121,6	1551	179						
1552	121,6	1552	178						
1553	121,6	1553	179						
1554	121,6	1554	180						
1555	121,6	1555	180						
1556	121,8	1556	180						
1557	121,8	1557	179						
1558	121,8	1558	178						
1559	121,8	1559	178						
1560	121,8	1560	179						
1561	121,8	1561	180						
1562	121,8	1562	179						
1563	121,8	1563	178						
1564	121,8	1564	178						
1565	121,8	1565	179						
1566	121,8	1566	179						
1567	121,8	1567	179						
1568	121,8	1568	178						
1569	121,8	1569	178						
1570	121,8	1570	179						
1571	121,8	1571	179						
1572	121,8	1572	179						
1573	121,8	1573	179						
1574	121,8	1574	178						
1575	121,8	1575	178						
1576	121,8	1576	178						
1577	121,8	1577	178						
1578	121,8	1578	177						
1579	121,8	1579	178						
1580	121,6	1580	178						
1581	121,6	1581	178						
1582	121,6	1582	179						
1583	121,6	1583	179						
1584	121,6	1584	179						
1585	121,6	1585	178						
1586	121,6	1586	178						
1587	121,6	1587	179						
1588	121,6	1588	178						
1589	121,6	1589	177						
1590	121,6	1590	177						
1591	121,6	1591	178						
1592	121,6	1592	178						
1593	121,6	1593	178						
1594	121,6	1594	177						
1595	121,6	1595	178						
1596	121,8	1596	178						
1597	121,8	1597	178						
1598	121,6	1598	178						
1599	121,6	1599	178						
1600	121,6	1600	178						
1601	121,6	1601	178						
1602	121,6	1602	179						
1603	121,6	1603	179						
1604	121,6	1604	179						
1605	121,6	1605	179						
1606	121,6	1606	179						
1607	121,8	1607	178						
1608	121,6	1608	178						
1609	121,6	1609	178						
1610	121,6	1610	178						
1611	121,6	1611	179						
1612	121,6	1612	179						
1613	121,6	1613	179						
1614	121,6	1614	179						
1615	121,6	1615	179						
1616	121,6	1616	179						
1617	121,6	1617	179						
1618	121,6	1618	179						
1619	121,6	1619	179						
1620	121,6	1620	179						
1621	121,6	1621	178						
1622	121,6	1622	178						
1623	121,6	1623	179						
1624	121,6	1624	179						
1625	121,6	1625	178						
1626	121,6	1626	178						
1627	121,6	1627	178						
1628	121,6	1628	179						
1629	121,6	1629	178						
1630	121,6	1630	178						
1631	121,6	1631	179						
1632	121,6	1632	179						
1633	121,6	1633	178						
1634	121,6	1634	179						
1635	121,6	1635	179						
1636	121,6	1636	179						
1637	121,6	1637	178						
1638	121,6	1638	178						
1639	121,6	1639	178						
1640	121,8	1640	178						
1641	121,6	1641	178						
1642	121,8	1642	179						
1643	121,8	1643	179						
1644	121,8	1644	178						
1645	121,8	1645	178						
1646	121,8	1646	179						
1647	121,8	1647	179						
1648	121,8	1648	179						
1649	121,8	1649	179						
1650	121,8	1650	179						
1651	121,8	1651	180						
1652	121,8	1652	179						
1653	121,8	1653	179						
1654	121,8	1654	179						
1655	121,8	1655	178						
1656	121,8	1656	178						
1657	121,8	1657	178						
1658	121,8	1658	177						
1659	121,6	1659	177						
1660	121,6	1660	177						
1661	121,6	1661	177						
1662	121,6	1662	178						
1663	121,6	1663	179						
1664	121,6	1664	179						
1665	121,6	1665	179						
1666	121,6	1666	179						
1667	121,6	1667	179						
1668	121,6	1668	178						
1669	121,6	1669	177						
1670	121,6	1670	178						
1671	121,6	1671	178						
1672	121,6	1672	180						
1673	121,6	1673	180						
1674	121,6	1674	179						
1675	121,6	1675	179						
1676	121,6	1676	179						
1677	121,6	1677	179						
1678	121,6	1678	179						
1679	121,6	1679	178						
1680	121,6	1680	178						
1681	121,6	1681	178						
1682	121,6	1682	179						
1683	121,6	1683	179						
1684	121,6	1684	179						
1685	121,6	1685	179						
1686	121,6	1686	179						
1687	121,6	1687	179						
1688	121,6	1688	178						
1689	121,6	1689	178						
1690	121,6	1690	178						
1691	121,6	1691	179						
1692	121,6	1692	180						
1693	121,6	1693	179						
1694	121,6	1694	178						
1695	121,6	1695	178						
1696	121,6	1696	178						
1697	121,6	1697	179						
1698	121,6	1698	179						
1699	121,6	1699	179						
1700	121,6	1700	179						
1701	121,6	1701	180						
1702	121,6	1702	179						
1703	121,6	1703	179						
1704	121,6	1704	180						
1705	121,6	1705	180						
1706	121,6	1706	180						
1707	121,6	1707	179						
1708	121,6	1708	178						
1709	121,6	1709	178						
1710	121,6	1710	179						
1711	121,6	1711	180						
1712	121,6	1712	179						
1713	121,6	1713	178						
1714	121,6	1714	178						
1715	121,6	1715	180						
1716	121,6	1716	179						
1717	121,6	1717	179						
1718	121,6	1718	179						
1719	121,6	1719	179						
1720	121,6	1720	179						
1721	121,6	1721	179						
1722	121,6	1722	179						
1723	121,6	1723	180						
1724	121,6	1724	180						
1725	121,6	1725	179						
1726	121,6	1726	179						
1727	121,6	1727	179						
1728	121,6	1728	179						
1729	121,6	1729	178						
1730	121,6	1730	178						
1731	121,6	1731	179						
1732	121,6	1732	179						
1733	121,6	1733	179						
1734	121,8	1734	179						
1735	121,8	1735	178						
1736	121,8	1736	178						
1737	121,8	1737	178						
1738	121,8	1738	178						
1739	121,8	1739	178						
1740	121,8	1740	178						
1741	121,8	1741	180						
1742	121,8	1742	181						
1743	121,8	1743	180						
1744	121,8	1744	179						
1745	121,8	1745	179						
1746	121,8	1746	179						
1747	121,8	1747	178						
1748	121,8	1748	179						
1749	121,8	1749	179						
1750	121,8	1750	179						
1751	121,8	1751	179						
1752	121,8	1752	179						
1753	121,8	1753	180						
1754	121,8	1754	180						
1755	121,8	1755	180						
1756	121,8	1756	179						
1757	121,6	1757	179						
1758	121,8	1758	179						
1759	121,8	1759	177						
1760	121,8	1760	177						
1761	121,6	1761	179						
1762	121,8	1762	179						
1763	121,8	1763	178						
1764	121,8	1764	178						
1765	121,6	1765	178						
1766	121,6	1766	179						
1767	121,8	1767	179						
1768	121,6	1768	178						
1769	121,6	1769	178						
1770	121,6	1770	177						
1771	121,6	1771	177						
1772	121,6	1772	178						
1773	121,6	1773	180						
1774	121,8	1774	180						
1775	121,8	1775	178						
1776	121,8	1776	178						
1777	121,8	1777	178						
1778	121,6	1778	178						
1779	121,6	1779	178						
1780	121,6	1780	178						
1781	121,6	1781	178						
1782	121,6	1782	179						
1783	121,6	1783	180						
1784	121,6	1784	179						
1785	121,6	1785	177						
1786	121,6	1786	177						
1787	121,6	1787	178						
1788	121,6	1788	178						
1789	121,6	1789	178						
1790	121,6	1790	178						
1791	121,6	1791	179						
1792	121,6	1792	180						
1793	121,6	1793	179						
1794	121,6	1794	179						
1795	121,6	1795	179						
1796	121,6	1796	179						
1797	121,6	1797	179						
1798	121,6	1798	179						
1799	121,6	1799	178						
1800	121,6	1800	178						
1801	121,6	1801	179						
1802	121,6	1802	178						
1803	121,6	1803	178						
1804	121,6	1804	179						
1805	121,6	1805	179						
1806	121,6	1806	179						
1807	121,6	1807	178						
1808	121,6	1808	178						
1809	121,6	1809	178						
1810	121,6	1810	178						
1811	121,6	1811	178						
1812	121,6	1812	178						
1813	121,6	1813	179						
1814	121,6	1814	179						
1815	121,6	1815	178						
1816	121,6	1816	178						
1817	121,6	1817	178						
1818	121,6	1818	177						
1819	121,6	1819	178						
1820	121,6	1820	179						
1821	121,6	1821	179						
1822	121,6	1822	180						
1823	121,6	1823	178						
1824	121,6	1824	175						
1825	121,5	1825	174						
1826	121,5	1826	172						
1827	121,5	1827	172						
1828	121,5	1828	171						
1829	121,4	1829	169						
1830	121,3	1830	168						
1831	121,1	1831	167						
1832	121	1832	165						
1833	121	1833	164						
1834	120,8	1834	164						
1835	120,6	1835	163						
1836	120,5	1836	163						
1837	120,4	1837	162						
1838	120,1	1838	161						
1839	120	1839	161						
1840	119,9	1840	160						
1841	119,6	1841	159						
1842	119,5	1842	158						
1843	119,4	1843	157						
1844	119,1	1844	155						
1845	119	1845	155						
1846	118,9	1846	155						
1847	118,6	1847	153						
1848	118,5	1848	154						
1849	118,5	1849	153						
1850	118,3	1850	153						
1851	118,1	1851	153						
1852	118	1852	152						
1853	118	1853	151						
1854	117,8	1854	150						
1855	117,6	1855	149						
1856	117,5	1856	148						
1857	117,4	1857	149						
1858	117,1	1858	149						
1859	117	1859	147						
1860	116,9	1860	146						
1861	116,8	1861	144						
1862	116,6	1862	144						
1863	116,5	1863	144						
1864	116,4	1864	144						
1865	116,3	1865	143						
1866	116,1	1866	142						
1867	116	1867	142						
1868	115,9	1868	142						
1869	115,6	1869	140						
1870	115,5	1870	139						
1871	115,5	1871	139						
1872	115,3	1872	139						
1873	115,1	1873	138						
1874	115	1874	137						
1875	115	1875	137						
1876	114,9	1876	137						
1877	114,6	1877	136						
1878	114,5	1878	135						
1879	114,5	1879	134						
1880	114,3	1880	135						
1881	114,1	1881	133						
1882	114	1882	133						
1883	113,9	1883	131						
1884	113,8	1884	130						
1885	113,6	1885	129						
1886	113,5	1886	129						
1887	113,4	1887	129						
1888	113,3	1888	128						
1889	113,1	1889	127						
1890	113	1890	127						
1891	113	1891	127						
1892	112,8	1892	127						
1893	112,6	1893	126						
1894	112,5	1894	126						
1895	112,4	1895	126						
1896	112,3	1896	125						
1897	112,1	1897	124						
1898	112	1898	123						
1899	112	1899	122						
1900	111,9	1900	122						
1901	111,6	1901	122						
1902	111,5	1902	122						
1903	111,5	1903	122						
1904	111,4	1904	122						
1905	111,1	1905	121						
1906	111	1906	120						
1907	111	1907	119						
1908	110,9	1908	120						
1909	110,8	1909	119						
1910	110,6	1910	118						
1911	110,5	1911	116						
1912	110,4	1912	116						
1913	110,3	1913	116						
1914	110,1	1914	115						
1915	110	1915	115						
1916	110	1916	115						
1917	109,9	1917	114						
1918	109,8	1918	114						
1919	109,5	1919	114						
1920	109,5	1920	113						
1921	109,4	1921	113						
1922	109,3	1922	113						
1923	109,1	1923	114						
1924	109	1924	112						
1925	109	1925	111						
1926	108,9	1926	111						
1927	108,8	1927	110						
1928	108,5	1928	110						
1929	108,5	1929	109						
1930	108,5	1930	109						
1931	108,3	1931	108						
1932	108,1	1932	108						
1933	108	1933	107						
1934	108	1934	107						
1935	107,9	1935	107						
1936	107,8	1936	107						
1937	107,6	1937	107						
1938	107,5	1938	106						
1939	107,5	1939	107						
1940	107,4	1940	106						
1941	107,3	1941	105						
1942	107,1	1942	105						
1943	107,1	1943	105						
1944	107	1944	105						
1945	107	1945	103						
1946	106,9	1946	102						
1947	106,6	1947	102						
1948	106,6	1948	103						
1949	106,5	1949	102						
1950	106,5	1950	102						
1951	106,4	1951	102						
1952	106,3	1952	101						
1953	106,1	1953	100						
1954	106	1954	101						
1955	106	1955	102						
1956	105,9	1956	101						
1957	105,8	1957	100						
1958	105,6	1958	99						
1959	105,6	1959	98						
1960	105,5	1960	98						
1961	105,4	1961	98						
1962	105,3	1962	98						
1963	105,1	1963	97						
1964	105,1	1964	97						
1965	105	1965	98						
1966	105	1966	97						
1967	104,8	1967	97						
1968	104,8	1968	97						
1969	104,5	1969	96						
1970	104,5	1970	95						
1971	104,4	1971	95						
1972	104,3	1972	95						
1973	104,3	1973	94						
1974	104,1	1974	94						
1975	104	1975	94						
1976	104	1976	93						
1977	103,9	1977	93						
1978	103,8	1978	93						
1979	103,8	1979	92						
1980	103,6	1980	92						
1981	103,5	1981	94						
1982	103,5	1982	93						
1983	103,4	1983	92						
1984	103,3	1984	91						
1985	103,3	1985	91						
1986	103,1	1986	90						
1987	103	1987	90						
1988	103	1988	90						
1989	102,9	1989	89						
1990	102,9	1990	89						
1991	102,8	1991	89						
1992	102,6	1992	89						
1993	102,5	1993	89						
1994	102,5	1994	88						
1995	102,4	1995	87						
1996	102,3	1996	88						
1997	102,3	1997	88						
1998	102,1	1998	87						
1999	102	1999	86						
2000	102	2000	86						
2001	101,9	2001	87						
2002	101,8	2002	87						
2003	101,8	2003	88						
2004	101,6	2004	88						
2005	101,5	2005	87						
2006	101,5	2006	86						
2007	101,4	2007	86						
2008	101,3	2008	86						
2009	101,3	2009	86						
2010	101,1	2010	85						
2011	101	2011	85						
2012	101	2012	84						
2013	100,9	2013	84						
2014	100,9	2014	84						
2015	100,8	2015	83						
2016	100,6	2016	83						
2017	100,5	2017	82						
2018	100,5	2018	82						
2019	100,5	2019	83						
2020	100,4	2020	83						
2021	100,3	2021	83						
2022	100,3	2022	83						
2023	100,1	2023	84						
2024	100	2024	83						
2025	100	2025	82						
2026	100	2026	82						
2027	99,9	2027	81						
2028	99,8	2028	81						
2029	99,8	2029	80						
2030	99,6	2030	79						
2031	99,5	2031	79						
2032	99,5	2032	80						
2033	99,5	2033	80						
2034	99,4	2034	80						
2035	99,4	2035	80						
2036	99,3	2036	80						
2037	99,1	2037	79						
2038	99,1	2038	78						
2039	99	2039	78						
2040	99	2040	77						
2041	99	2041	77						
2042	98,9	2042	78						
2043	98,8	2043	78						
2044	98,8	2044	78						
2045	98,6	2045	77						
2046	98,6	2046	76						
2047	98,5	2047	76						
2048	98,5	2048	77						
2049	98,5	2049	77						
2050	98,4	2050	77						
2051	98,3	2051	76						
2052	98,3	2052	76						
2053	98,1	2053	77						
2054	98	2054	76						
2055	98	2055	75						
2056	98	2056	75						
2057	97,9	2057	75						
2058	97,9	2058	74						
2059	97,8	2059	75						
2060	97,8	2060	75						
2061	97,6	2061	74						
2062	97,5	2062	74						
2063	97,5	2063	75						
2064	97,5	2064	75						
2065	97,4	2065	75						
2066	97,4	2066	74						
2067	97,3	2067	75						
2068	97,3	2068	74						
2069	97,1	2069	73						
2070	97	2070	73						
2071	97	2071	74						
2072	97	2072	73						
2073	96,9	2073	73						
2074	96,9	2074	73						
2075	96,9	2075	73						
2076	96,8	2076	73						
2077	96,6	2077	72						
2078	96,6	2078	71						
2079	96,5	2079	72						
2080	96,5	2080	72						
2081	96,5	2081	73						
2082	96,4	2082	73						
2083	96,4	2083	72						
2084	96,4	2084	72						
2085	96,3	2085	72						
2086	96,3	2086	72						
2087	96,1	2087	72						
2088	96,1	2088	71						
2089	96	2089	71						
2090	96	2090	71						
2091	96	2091	71						
2092	95,9	2092	71						
2093	95,9	2093	70						
2094	95,8	2094	69						
2095	95,8	2095	70						
2096	95,6	2096	70						
2097	95,6	2097	70						
2098	95,6	2098	69						
2099	95,5	2099	69						
2100	95,5	2100	69						
2101	95,5	2101	69						
2102	95,4	2102	69						
2103	95,4	2103	68						
2104	95,3	2104	67						
2105	95,3	2105	67						
2106	95,1	2106	68						
2107	95,1	2107	69						
2108	95	2108	69						
2109	95	2109	69						
2110	95	2110	69						
2111	95	2111	70						
2112	95	2112	70						
2113	94,9	2113	69						
2114	94,9	2114	69						
2115	94,8	2115	69						
2116	94,8	2116	68						
2117	94,6	2117	68						
2118	94,6	2118	68						
2119	94,5	2119	67						
2120	94,5	2120	66						
2121	94,5	2121	66						
2122	94,5	2122	67						
2123	94,5	2123	67						
2124	94,5	2124	67						
2125	94,4	2125	68						
2126	94,4	2126	67						
2127	94,4	2127	67						
2128	94,3	2128	67						
2129	94,3	2129	67						
2130	94,3	2130	67						
2131	94,1	2131	67						
2132	94,1	2132	67						
2133	94,1	2133	67						
2134	94	2134	66						
2135	94	2135	66						
2136	94	2136	67						
2137	94	2137	68						
2138	94	2138	67						
2139	93,9	2139	67						
2140	93,9	2140	66						
2141	93,8	2141	65						
2142	93,8	2142	65						
2143	93,8	2143	65						
2144	93,6	2144	65						
2145	93,6	2145	65						
2146	93,6	2146	65						
2147	93,6	2147	65						
2148	93,5	2148	65						
2149	93,5	2149	65						
2150	93,5	2150	65						
2151	93,5	2151	64						
2152	93,5	2152	65						
2153	93,4	2153	64						
2154	93,4	2154	64						
2155	93,3	2155	64						
2156	93,3	2156	64						
2157	93,3	2157	65						
2158	93,1	2158	65						
2159	93,1	2159	64						
2160	93	2160	64						
2161	93	2161	64						
2162	93	2162	64						
2163	93	2163	65						
2164	93	2164	65						
2165	93	2165	64						
2166	93	2166	64						
2167	93	2167	64						
2168	93	2168	64						
2169	92,9	2169	64						
2170	92,9	2170	63						
2171	92,9	2171	63						
2172	92,9	2172	64						
2173	92,8	2173	64						
2174	92,8	2174	64						
2175	92,8	2175	64						
2176	92,8	2176	64						
2177	92,6	2177	64						
2178	92,6	2178	63						
2179	92,6	2179	63						
2180	92,6	2180	62						
2181	92,5	2181	63						
2182	92,5	2182	64						
2183	92,5	2183	64						
2184	92,5	2184	64						
2185	92,5	2185	63						
2186	92,5	2186	63						
2187	92,5	2187	63						
2188	92,5	2188	63						
2189	92,5	2189	63						
2190	92,4	2190	63						
2191	92,4	2191	63						
2192	92,4	2192	62						
2193	92,4	2193	62						
2194	92,4	2194	63						
2195	92,4	2195	62						
2196	92,3	2196	63						
2197	92,3	2197	62						
2198	92,3	2198	63						
2199	92,1	2199	63						
2200	92,1	2200	62						
2201	92,1	2201	62						
2202	92,1	2202	62						
2203	92,1	2203	61						
2204	92,1	2204	61						
2205	92	2205	62						
2206	92	2206	62						
2207	92	2207	62						
2208	92	2208	61						
2209	92	2209	62						
2210	92	2210	62						
2211	92	2211	62						
2212	92	2212	61						
2213	92	2213	61						
2214	92	2214	61						
2215	92	2215	61						
2216	92	2216	61						
2217	92	2217	62						
2218	92	2218	61						
2219	92	2219	61						
2220	92	2220	61						
2221	91,9	2221	62						
2222	91,9	2222	62						
2223	91,9	2223	62						
2224	91,9	2224	61						
2225	91,9	2225	61						
2226	91,9	2226	61						
2227	91,9	2227	62						
2228	91,8	2228	61						
2229	91,8	2229	60						
2230	91,8	2230	61						
2231	91,8	2231	61						
2232	91,8	2232	61						
2233	91,8	2233	61						
2234	91,8	2234	61						
2235	91,6	2235	61						
2236	91,6	2236	61						
2237	91,6	2237	61						
2238	91,6	2238	61						
2239	91,6	2239	61						
2240	91,6	2240	62						
2241	91,6	2241	61						
2242	91,6	2242	61						
2243	91,6	2243	62						
2244	91,5	2244	62						
2245	91,5	2245	61						
2246	91,5	2246	60						
2247	91,5	2247	61						
2248	91,5	2248	62						
2249	91,5	2249	61						
2250	91,5	2250	60						
2251	91,5	2251	61						
2252	91,5	2252	62						
2253	91,5	2253	62						
2254	91,5	2254	61						
2255	91,5	2255	61						
2256	91,5	2256	62						
2257	91,5	2257	61						
2258	91,5	2258	61						
2259	91,5	2259	61						
2260	91,5	2260	60						
2261	91,5	2261	60						
2262	91,5	2262	62						
2263	91,5	2263	62						
2264	91,5	2264	61						
2265	91,5	2265	61						
2266	91,5	2266	61						
2267	91,5	2267	61						
2268	91,5	2268	60						
2269	91,5	2269	61						
2270	91,5	2270	62						
2271	91,5	2271	61						
2272	91,5	2272	61						
2273	91,5	2273	61						
2274	91,5	2274	61						
2275	91,5	2275	60						
2276	91,5	2276	60						
2277	91,5	2277	60						
2278	91,5	2278	60						
2279	91,5	2279	60						
2280	91,5	2280	60						
2281	91,5	2281	62						
2282	91,5	2282	62						
2283	91,5	2283	60						
2284	91,5	2284	61						
2285	91,5	2285	62						
2286	91,5	2286	62						
2287	91,5	2287	61						
2288	91,5	2288	61						
2289	91,4	2289	62						
2290	91,4	2290	61						
2291	91,4	2291	60						
2292	91,4	2292	60						
2293	91,4	2293	61						
2294	91,4	2294	61						
2295	91,4	2295	61						
2296	91,4	2296	61						
2297	91,4	2297	61						
2298	91,4	2298	61						
2299	91,4	2299	61						
2300	91,3	2300	60						
2301	91,4	2301	60						
2302	91,3	2302	61						
2303	91,3	2303	61						
2304	91,3	2304	61						
2305	91,3	2305	60						
2306	91,3	2306	60						
2307	91,3	2307	60						
2308	91,3	2308	60						
2309	91,3	2309	60						
2310	91,3	2310	60						
2311	91,3	2311	60						
2312	91,3	2312	59						
2313	91,3	2313	60						
2314	91,3	2314	60						
2315	91,3	2315	60						
2316	91,3	2316	61						
2317	91,3	2317	61						
2318	91,3	2318	61						
2319	91,3	2319	61						
2320	91,3	2320	61						
2321	91,3	2321	61						
2322	91,3	2322	61						
2323	91,3	2323	61						
2324	91,3	2324	60						
2325	91,3	2325	61						
2326	91,3	2326	61						
2327	91,3	2327	60						
2328	91,3	2328	60						
2329	91,3	2329	60						
2330	91,3	2330	61						
2331	91,3	2331	61						
2332	91,3	2332	60						
2333	91,3	2333	60						
2334	91,3	2334	60						
2335	91,3	2335	61						
2336	91,3	2336	61						
2337	91,3	2337	62						
2338	91,3	2338	61						
2339	91,3	2339	61						
2340	91,3	2340	61						
2341	91,3	2341	60						
2342	91,3	2342	60						
2343	91,3	2343	60						
2344	91,3	2344	61						
2345	91,3	2345	60						
2346	91,3	2346	61						
2347	91,3	2347	61						
2348	91,3	2348	61						
2349	91,3	2349	60						
2350	91,3	2350	60						
2351	91,3	2351	59						
2352	91,3	2352	60						
2353	91,3	2353	61						
2354	91,3	2354	61						
2355	91,3	2355	60						
2356	91,3	2356	60						
2357	91,3	2357	60						
2358	91,3	2358	60						
2359	91,3	2359	60						
2360	91,3	2360	60						
2361	91,3	2361	60						
2362	91,3	2362	61						
2363	91,3	2363	60						
2364	91,3	2364	61						
2365	91,3	2365	61						
2366	91,3	2366	60						
2367	91,3	2367	60						
2368	91,3	2368	60						
2369	91,3	2369	61						
2370	91,3	2370	60						
2371	91,3	2371	60						
2372	91,3	2372	60						
2373	91,3	2373	60						
2374	91,3	2374	60						
2375	91,3	2375	60						
2376	91,3	2376	60						
2377	91,3	2377	60						
2378	91,3	2378	60						
2379	91,3	2379	61						
2380	91,3	2380	60						
2381	91,3	2381	60						
2382	91,3	2382	60						
2383	91,1	2383	60						
2384	91,1	2384	60						
2385	91,1	2385	61						
2386	91,1	2386	60						
2387	91,1	2387	60						
2388	91,1	2388	60						
2389	91,1	2389	60						
2390	91,1	2390	60						
2391	91,1	2391	60						
2392	91,1	2392	59						
2393	91,3	2393	61						
2394	91,3	2394	60						
2395	91,3	2395	60						
2396	91,3	2396	60						
2397	91,3	2397	59						
2398	91,1	2398	59						
2399	91,1	2399	60						
2400	91,1	2400	60						
2401	91,1	2401	61						
2402	91,1	2402	61						
2403	91,1	2403	60						
2404	91,1	2404	61						
2405	91,1	2405	61						
2406	91,1	2406	60						
2407	91,1	2407	61						
2408	91,1	2408	61						
2409	91,1	2409	60						
2410	91,1	2410	60						
2411	91,1	2411	60						
2412	91,1	2412	60						
2413	91,1	2413	60						
2414	91,1	2414	60						
2415	91,1	2415	60						
2416	91,1	2416	60						
2417	91,1	2417	60						
2418	91,1	2418	61						
2419	91,1	2419	60						
2420	91,1	2420	60						
2421	91	2421	60						
2422	91,1	2422	61						
2423	91,1	2423	61						
2424	91,1	2424	60						
2425	91,1	2425	62						
2426	91,1	2426	62						
2427	91,1	2427	60						
2428	91,1	2428	61						
2429	91,1	2429	60						
2430	91,1	2430	60						
2431	91,1	2431	60						
2432	91,1	2432	60						
2433	91,1	2433	60						
2434	91,1	2434	60						
2435	91,1	2435	59						
2436	91,1	2436	60						
2437	91,1	2437	60						
2438	91,1	2438	60						
2439	91,1	2439	61						
2440	91,1	2440	61						
2441	91,1	2441	60						
2442	91,1	2442	61						
2443	91,1	2443	60						
2444	91,1	2444	61						
2445	91,1	2445	61						
2446	91,1	2446	60						
2447	91,1	2447	61						
2448	91,1	2448	60						
2449	91,1	2449	59						
2450	91,1	2450	60						
2451	91,1	2451	60						
2452	91,1	2452	60						
2453	91,3	2453	60						
2454	91,3	2454	60						
2455	91,3	2455	60						
2456	91,3	2456	60						
2457	91,3	2457	60						
2458	91,3	2458	60						
2459	91,3	2459	60						
2460	91,3	2460	61						
2461	91,3	2461	60						
2462	91,3	2462	60						
2463	91,3	2463	61						
2464	91,3	2464	60						
2465	91,3	2465	60						
2466	91,3	2466	60						
2467	91,3	2467	60						
2468	91,3	2468	60						
2469	91,3	2469	60						
2470	91,1	2470	60						
2471	91,3	2471	59						
2472	91,3	2472	61						
2473	91,1	2473	62						
2474	91,3	2474	61						
2475	91,3	2475	59						
2476	91,3	2476	60						
2477	91,3	2477	61						
2478	91,1	2478	61						
2479	91,1	2479	61						
2480	91,1	2480	60						
2481	91,1	2481	60						
2482	91,1	2482	60						
2483	91,1	2483	60						
2484	91,1	2484	60						
2485	91,1	2485	60						
2486	91,1	2486	61						
2487	91,1	2487	60						
2488	91,1	2488	61						
2489	91,3	2489	61						
2490	91,3	2490	60						
2491	91,3	2491	62						
2492	91,3	2492	61						
2493	91,3	2493	60						
2494	91,3	2494	60						
2495	91,3	2495	60						
2496	91,3	2496	61						
2497	91,3	2497	61						
2498	91,3	2498	60						
2499	91,3	2499	60						
2500	91,3	2500	60						
2501	91,3	2501	61						
2502	91,3	2502	60						
2503	91,3	2503	60						
2504	91,3	2504	61						
2505	91,3	2505	61						
2506	91,3	2506	61						
2507	91,3	2507	60						
2508	91,3	2508	60						
2509	91,3	2509	60						
2510	91,3	2510	60						
2511	91,3	2511	60						
2512	91,3	2512	59						
2513	91,3	2513	60						
2514	91,3	2514	60						
2515	91,3	2515	60						
2516	91,1	2516	60						
2517	91,1	2517	60						
2518	91,1	2518	59						
2519	91,1	2519	60						
2520	91,1	2520	60						
2521	91,1	2521	60						
2522	91,1	2522	60						
2523	91,1	2523	61						
2524	91,1	2524	60						
2525	91,1	2525	59						
2526	91,1	2526	60						
2527	91,1	2527	60						
2528	91,1	2528	61						
2529	91,1	2529	61						
2530	91,1	2530	60						
2531	91,1	2531	60						
2532	91,1	2532	60						
2533	91,1	2533	60						
2534	91,1	2534	60						
2535	91,1	2535	60						
2536	91,1	2536	59						
2537	91,1	2537	59						
2538	91	2538	59						
2539	91	2539	59						
2540	91	2540	61						
2541	91	2541	61						
2542	91	2542	60						
2543	91	2543	60						
2544	91,1	2544	61						
2545	91,1	2545	60						
2546	91	2546	61						
2547	91	2547	61						
2548	91	2548	59						
2549	91	2549	60						
2550	91	2550	60						
2551	91	2551	60						
2552	91	2552	60						
2553	91,1	2553	59						
2554	91	2554	59						
2555	91	2555	59						
2556	91	2556	60						
2557	91	2557	60						
2558	91	2558	60						
2559	91	2559	60						
2560	91	2560	61						
2561	91	2561	60						
2562	91	2562	60						
2563	91	2563	60						
2564	91	2564	61						
2565	91	2565	60						
2566	91	2566	60						
2567	91	2567	60						
2568	91	2568	60						
2569	91	2569	59						
2570	91	2570	59						
2571	91	2571	60						
2572	91	2572	61						
2573	91	2573	60						
2574	91	2574	59						
2575	91	2575	60						
2576	91	2576	61						
2577	91	2577	61						
2578	91	2578	60						
2579	91	2579	60						
2580	91	2580	59						
2581	91	2581	59						
2582	91	2582	61						
2583	91	2583	61						
2584	91	2584	60						
2585	91	2585	59						
2586	91	2586	60						
2587	91	2587	60						
2588	91	2588	60						
2589	91	2589	60						
2590	91	2590	60						
2591	91	2591	59						
2592	91	2592	59						
2593	91	2593	60						
2594	91	2594	60						
2595	91	2595	60						
2596	91	2596	59						
2597	91	2597	60						
2598	91	2598	61						
2599	91	2599	60						
2600	91	2600	60						
2601	91	2601	60						
2602	91	2602	60						
2603	91	2603	60						
2604	91	2604	61						
2605	91	2605	60						
2606	91	2606	59						
2607	91	2607	59						
2608	91	2608	59						
2609	91	2609	59						
2610	91	2610	59						
2611	91	2611	60						
2612	91	2612	60						
2613	91	2613	60						
2614	91	2614	60						
2615	91	2615	60						
2616	91	2616	60						
2617	91	2617	60						
2618	91	2618	60						
2619	91	2619	60						
2620	91	2620	60						
2621	91	2621	60						
2622	91	2622	60						
2623	91	2623	60						
2624	91	2624	60						
2625	91	2625	61						
2626	91	2626	60						
2627	91	2627	60						
2628	91	2628	59						
2629	91	2629	59						
2630	91	2630	60						
2631	91	2631	60						
2632	91	2632	60						
2633	91	2633	60						
2634	91	2634	61						
2635	91	2635	60						
2636	91	2636	60						
2637	91	2637	60						
2638	91	2638	59						
2639	91	2639	60						
2640	91	2640	59						
2641	91	2641	59						
2642	91	2642	60						
2643	91	2643	59						
2644	91	2644	59						
2645	91	2645	61						
2646	91	2646	61						
2647	91	2647	60						
2648	91	2648	60						
2649	91	2649	60						
2650	91	2650	59						
2651	91	2651	59						
2652	91	2652	59						
2653	91	2653	60						
2654	91	2654	60						
2655	91	2655	60						
2656	91	2656	60						
2657	91	2657	59						
2658	91	2658	60						
2659	91	2659	60						
2660	91	2660	60						
2661	91	2661	59						
2662	91	2662	59						
2663	91	2663	60						
2664	91	2664	59						
2665	91	2665	60						
2666	91	2666	60						
2667	91	2667	59						
2668	91	2668	59						
2669	91	2669	60						
2670	91	2670	60						
2671	91	2671	59						
2672	91	2672	60						
2673	91	2673	60						
2674	91	2674	59						
2675	91	2675	60						
2676	91	2676	60						
2677	91	2677	61						
2678	91	2678	60						
2679	91	2679	59						
2680	91	2680	59						
2681	91	2681	59						
2682	91	2682	59						
2683	91	2683	59						
2684	91	2684	60						
2685	91	2685	60						
2686	91	2686	60						
2687	91	2687	60						
2688	91	2688	59						
2689	91	2689	59						
2690	91	2690	60						
2691	91	2691	59						
2692	91	2692	60						
2693	91	2693	60						
2694	91	2694	60						
2695	91	2695	61						
2696	91	2696	60						
2697	91	2697	60						
2698	91	2698	61						
2699	91	2699	60						
2700	91	2700	60						
2701	91	2701	61						
2702	91	2702	59						
2703	91	2703	60						
2704	91	2704	59						
2705	91	2705	59						
2706	91	2706	60						
2707	91	2707	59						
2708	91	2708	59						
2709	91	2709	60						
2710	91	2710	59						
2711	91	2711	60						
2712	91	2712	60						
2713	91	2713	60						
2714	91	2714	60						
2715	91	2715	60						
2716	91	2716	60						
2717	91	2717	60						
2718	91	2718	59						
2719	91	2719	59						
2720	91	2720	60						
2721	91	2721	59						
2722	91	2722	60						
2723	91	2723	59						
2724	91	2724	59						
2725	91	2725	60						
2726	91	2726	60						
2727	91	2727	60						
2728	91	2728	60						
2729	91	2729	60						
2730	91	2730	60						
2731	91	2731	59						
2732	91	2732	60						
2733	91	2733	60						
2734	91	2734	60						
2735	91	2735	60						
2736	91	2736	59						
2737	91	2737	59						
2738	91	2738	58						
2739	91	2739	59						
2740	91	2740	60						
2741	91	2741	60						
2742	91	2742	59						
2743	91	2743	60						
2744	91	2744	59						
2745	91	2745	59						
2746	91	2746	59						
2747	91	2747	60						
2748	90,9	2748	60						
2749	90,9	2749	60						
2750	91	2750	59						
2751	90,9	2751	58						
2752	90,9	2752	60						
2753	91	2753	60						
2754	91	2754	60						
2755	91	2755	60						
2756	91	2756	59						
2757	91	2757	60						
2758	91	2758	60						
2759	91	2759	59						
2760	90,9	2760	60						
2761	91	2761	60						
2762	91	2762	60						
2763	91	2763	60						
2764	91	2764	60						
2765	91	2765	60						
2766	91	2766	60						
2767	91	2767	60						
2768	91	2768	59						
2769	91	2769	60						
2770	91	2770	60						
2771	91	2771	60						
2772	91	2772	61						
2773	91	2773	60						
2774	91	2774	59						
2775	91	2775	59						
2776	91	2776	60						
2777	91	2777	60						
2778	91	2778	61						
2779	91	2779	61						
2780	91	2780	60						
2781	91	2781	59						
2782	91	2782	59						
2783	90,9	2783	59						
2784	90,9	2784	60						
2785	90,9	2785	59						
2786	90,9	2786	60						
2787	90,9	2787	59						
2788	90,9	2788	60						
2789	90,9	2789	60						
2790	90,9	2790	60						
2791	90,9	2791	60						
2792	90,9	2792	59						
2793	90,9	2793	59						
2794	90,9	2794	60						
2795	90,9	2795	59						
2796	90,9	2796	59						
2797	90,9	2797	60						
2798	90,8	2798	59						
2799	90,8	2799	59						
2800	90,9	2800	59						
2801	90,9	2801	59						
2802	90,8	2802	60						
2803	90,8	2803	59						
2804	90,8	2804	59						
2805	90,8	2805	60						
2806	90,8	2806	59						
2807	90,9	2807	60						
2808	90,8	2808	60						
2809	90,8	2809	59						
2810	90,8	2810	60						
2811	90,8	2811	60						
2812	90,8	2812	61						
2813	90,8	2813	61						
2814	90,8	2814	60						
2815	90,8	2815	60						
2816	90,8	2816	60						
2817	90,8	2817	58						
2818	90,8	2818	59						
2819	90,6	2819	60						
2820	90,6	2820	59						
2821	90,6	2821	59						
2822	90,6	2822	60						
2823	90,6	2823	59						
2824	90,6	2824	59						
2825	90,6	2825	60						
2826	90,6	2826	60						
2827	90,6	2827	59						
2828	90,6	2828	59						
2829	90,6	2829	60						
2830	90,6	2830	60						
2831	90,6	2831	59						
2832	90,6	2832	59						
2833	90,6	2833	60						
2834	90,6	2834	59						
2835	90,6	2835	60						
2836	90,6	2836	60						
2837	90,5	2837	59						
2838	90,5	2838	60						
2839	90,5	2839	60						
2840	90,5	2840	60						
2841	90,5	2841	60						
2842	90,5	2842	59						
2843	90,5	2843	59						
2844	90,5	2844	59						
2845	90,5	2845	60						
2846	90,5	2846	61						
2847	90,5	2847	60						
2848	90,5	2848	59						
2849	90,5	2849	59						
2850	90,5	2850	60						
2851	90,5	2851	60						
2852	90,5	2852	59						
2853	90,5	2853	60						
2854	90,5	2854	60						
2855	90,5	2855	60						
2856	90,5	2856	59						
2857	90,5	2857	60						
2858	90,5	2858	60						
2859	90,5	2859	60						
2860	90,5	2860	59						
2861	90,5	2861	59						
2862	90,5	2862	59						
2863	90,5	2863	58						
2864	90,5	2864	59						
2865	90,5	2865	60						
2866	90,5	2866	59						
2867	90,5	2867	60						
2868	90,5	2868	59						
2869	90,5	2869	60						
2870	90,5	2870	59						
2871	90,5	2871	60						
2872	90,5	2872	60						
2873	90,5	2873	60						
2874	90,5	2874	61						
2875	90,5	2875	59						
2876	90,5	2876	59						
2877	90,5	2877	60						
2878	90,5	2878	59						
2879	90,5	2879	60						
2880	90,5	2880	59						
2881	90,5	2881	60						
2882	90,5	2882	59						
2883	90,4	2883	59						
2884	90,4	2884	59						
2885	90,4	2885	60						
2886	90,4	2886	60						
2887	90,4	2887	60						
2888	90,4	2888	60						
2889	90,4	2889	60						
2890	90,4	2890	61						
2891	90,4	2891	60						
2892	90,4	2892	59						
2893	90,4	2893	60						
2894	90,4	2894	60						
2895	90,4	2895	60						
2896	90,4	2896	59						
2897	90,4	2897	59						
2898	90,4	2898	59						
2899	90,4	2899	59						
2900	90,4	2900	59						
2901	90,4	2901	59						
2902	90,4	2902	60						
2903	90,4	2903	60						
2904	90,4	2904	60						
2905	90,3	2905	60						
2906	90,4	2906	60						
2907	90,4	2907	60						
2908	90,4	2908	59						
2909	90,3	2909	60						
2910	90,3	2910	59						
2911	90,3	2911	61						
2912	90,3	2912	60						
2913	90,3	2913	59						
2914	90,3	2914	60						
2915	90,3	2915	59						
2916	90,3	2916	59						
2917	90,3	2917	60						
2918	90,3	2918	59						
2919	90,3	2919	60						
2920	90,3	2920	60						
2921	90,3	2921	59						
2922	90,3	2922	59						
2923	90,1	2923	59						
2924	90,1	2924	59						
2925	90,1	2925	60						
2926	90,1	2926	60						
2927	90,1	2927	59						
2928	90,1	2928	59						
2929	90,1	2929	59						
2930	90,1	2930	59						
2931	90,1	2931	59						
2932	90,1	2932	60						
2933	90,1	2933	60						
2934	90,1	2934	59						
2935	90,1	2935	59						
2936	90	2936	59						
2937	90	2937	60						
2938	90	2938	59						
2939	90	2939	60						
2940	90	2940	60						
2941	90	2941	59						
2942	90	2942	60						
2943	90	2943	59						
2944	90	2944	59						
2945	90	2945	60						
2946	90	2946	59						
2947	90	2947	59						
2948	90	2948	59						
2949	90	2949	60						
2950	90	2950	60						
2951	90	2951	60						
2952	90	2952	59						
2953	90	2953	59						
2954	90	2954	60						
2955	90	2955	60						
2956	90	2956	59						
2957	90	2957	60						
2958	90	2958	60						
2959	89,9	2959	59						
2960	89,9	2960	58						
2961	89,9	2961	59						
2962	89,9	2962	61						
2963	89,9	2963	60						
2964	89,9	2964	60						
2965	89,9	2965	60						
2966	89,9	2966	60						
2967	89,9	2967	60						
2968	89,9	2968	60						
2969	89,9	2969	59						
2970	89,9	2970	60						
2971	89,9	2971	59						
2972	89,9	2972	59						
2973	89,9	2973	59						
2974	89,9	2974	60						
2975	89,9	2975	61						
2976	89,9	2976	61						
2977	89,8	2977	60						
2978	89,8	2978	60						
2979	89,8	2979	59						
2980	89,8	2980	59						
2981	89,8	2981	59						
2982	89,8	2982	60						
2983	89,8	2983	60						
2984	89,8	2984	60						
2985	89,8	2985	60						
2986	89,8	2986	60						
2987	89,8	2987	60						
2988	89,8	2988	59						
2989	89,8	2989	60						
2990	89,8	2990	59						
2991	89,8	2991	60						
2992	89,8	2992	60						
2993	89,8	2993	61						
2994	89,8	2994	60						
2995	89,6	2995	59						
2996	89,6	2996	60						
2997	89,6	2997	60						
2998	89,6	2998	60						
2999	89,6	2999	59						
3000	89,6	3000	60						
3001	89,6	3001	60						
3002	89,6	3002	60						
3003	89,6	3003	60						
3004	89,6	3004	60						
3005	89,6	3005	60						
3006	89,6	3006	60						
3007	89,6	3007	59						
3008	89,6	3008	58						
3009	89,6	3009	59						
3010	89,6	3010	59						
3011	89,6	3011	60						
3012	89,6	3012	60						
3013	89,6	3013	60						
3014	89,6	3014	61						
3015	89,5	3015	61						
3016	89,5	3016	60						
3017	89,4	3017	60						
3018	89,1	3018	61						
3019	89	3019	61						
3020	88,8	3020	61						
3021	88,5	3021	61						
3022	88	3022	61						
3023	87,9	3023	60						
3024	87,5	3024	60						
3025	87	3025	59						
3026	86,5	3026	61						
3027	86,3	3027	61						
3028	85,8	3028	61						
3029	85,3	3029	60						
3030	84,8	3030	60						
3031	84,3	3031	60						
3032	83,8	3032	59						
3033	83,3	3033	60						
3034	83	3034	61						
3035	82,5	3035	60						
3036	82,1	3036	60						
3037	81,8	3037	60						
3038	81,5	3038	60						
3039	81,3	3039	60						
3040	81	3040	60						
3041	80,6	3041	60						
3042	80,4	3042	59						
3043	80,1	3043	59						
3044	79,9	3044	60						
3045	79,6	3045	61						
3046	79,5	3046	61						
3047	79,3	3047	60						
3048	79	3048	60						
3049	78,9	3049	60						
3050	78,6	3050	61						
3051	78,5	3051	61						
3052	78,4	3052	60						
3053	78,1	3053	60						
3054	78	3054	60						
3055	77,9	3055	60						
3056	77,8	3056	59						
3057	77,5	3057	60						
3058	77,5	3058	59						
3059	77,4	3059	59						
3060	77,1	3060	60						
3061	77,1	3061	60						
3062	77	3062	60						
3063	76,9	3063	61						
3064	76,8	3064	61						
3065	76,6	3065	61						
3066	76,5	3066	61						
3067	76,5	3067	61						
3068	76,4	3068	60						
3069	76,4	3069	60						
3070	76,3	3070	61						
3071	76,1	3071	60						
3072	76	3072	60						
3073	76	3073	61						
3074	75,9	3074	61						
3075	75,9	3075	61						
3076	75,8	3076	60						
3077	75,6	3077	61						
3078	75,5	3078	61						
3079	75,5	3079	61						
3080	75,5	3080	60						
3081	75,5	3081	59						
3082	75,4	3082	60						
3083	75,4	3083	61						
3084	75,3	3084	60						
3085	75,1	3085	59						
3086	75,1	3086	60						
3087	75	3087	60						
3088	75	3088	59						
3089	75	3089	59						
3090	75	3090	60						
3091	75	3091	61						
3092	75	3092	60						
3093	74,9	3093	60						
3094	74,9	3094	60						
3095	74,9	3095	60						
3096	74,8	3096	60						
3097	74,8	3097	60						
3098	74,8	3098	61						
3099	74,8	3099	60						
3100	74,8	3100	61						
3101	74,8	3101	60						
3102	74,6	3102	61						
3103	74,6	3103	60						
3104	74,6	3104	60						
3105	74,6	3105	59						
3106	74,6	3106	59						
3107	74,6	3107	61						
3108	74,6	3108	60						
3109	74,6	3109	60						
3110	74,6	3110	60						
3111	74,6	3111	61						
3112	74,6	3112	60						
3113	74,5	3113	61						
3114	74,5	3114	60						
3115	74,5	3115	61						
3116	74,5	3116	60						
3117	74,5	3117	60						
3118	74,5	3118	60						
3119	74,5	3119	60						
3120	74,5	3120	60						
3121	74,5	3121	60						
3122	74,4	3122	60						
3123	74,4	3123	60						
3124	74,4	3124	60						
3125	74,3	3125	60						
3126	74,3	3126	60						
3127	74,3	3127	60						
3128	74,3	3128	60						
3129	74,1	3129	61						
3130	74,1	3130	61						
3131	74	3131	61						
3132	74	3132	60						
3133	74	3133	60						
3134	74	3134	59						
3135	74	3135	60						
3136	74	3136	60						
3137	74	3137	60						
3138	73,9	3138	61						
3139	73,9	3139	61						
3140	73,9	3140	60						
3141	73,8	3141	60						
3142	73,8	3142	61						
3143	73,6	3143	60						
3144	73,6	3144	61						
3145	73,5	3145	61						
3146	73,5	3146	61						
3147	73,5	3147	60						
3148	73,5	3148	59						
3149	73,5	3149	59						
3150	73,4	3150	61						
3151	73,4	3151	60						
3152	73,3	3152	60						
3153	73,3	3153	60						
3154	73,1	3154	61						
3155	73,1	3155	61						
