Time - Temeperatura (°C)	Temperatura (°C) & Presión (kPa) - Temeperatura (°C)	Time - Presión (kPa)	Temperatura (°C) & Presión (kPa) - Presión (kPa)
0	54	0	60
1	54	1	60
2	54	2	60
3	54	3	60
4	54,2	4	59
5	54,2	5	59
6	54,2	6	60
7	54,2	7	60
8	54,2	8	60
9	54,2	9	60
10	54,2	10	60
11	54,2	11	60
12	54,2	12	60
13	54,4	13	60
14	54,4	14	60
15	54,4	15	60
16	54,4	16	59
17	54,5	17	60
18	54,5	18	60
19	54,5	19	61
20	54,5	20	60
21	54,5	21	60
22	54,5	22	60
23	54,5	23	60
24	54,5	24	60
25	54,5	25	60
26	54,7	26	60
27	54,7	27	60
28	54,7	28	60
29	54,7	29	60
30	54,7	30	60
31	54,7	31	60
32	54,7	32	59
33	54,7	33	59
34	54,7	34	59
35	54,7	35	60
36	54,7	36	59
37	54,7	37	59
38	54,9	38	59
39	54,9	39	59
40	54,9	40	59
41	54,9	41	60
42	54,9	42	61
43	54,9	43	60
44	54,9	44	60
45	54,9	45	60
46	55	46	60
47	55	47	60
48	55	48	59
49	55	49	60
50	55	50	60
51	55	51	60
52	55	52	60
53	55	53	59
54	55	54	59
55	55	55	60
56	55	56	61
57	55	57	60
58	55	58	60
59	55,2	59	61
60	55,2	60	61
61	55,2	61	60
62	55,2	62	60
63	55,2	63	60
64	55,2	64	60
65	55,2	65	60
66	55,2	66	60
67	55,2	67	60
68	55,2	68	60
69	55,2	69	60
70	55,2	70	60
71	55,2	71	60
72	55,2	72	60
73	55,2	73	60
74	55,4	74	59
75	55,4	75	61
76	55,4	76	61
77	55,4	77	61
78	55,4	78	61
79	55,5	79	61
80	55,5	80	60
81	55,5	81	60
82	55,5	82	60
83	55,5	83	61
84	55,5	84	60
85	55,7	85	60
86	55,7	86	60
87	55,7	87	60
88	55,7	88	59
89	55,9	89	60
90	55,9	90	61
91	56	91	62
92	56	92	61
93	56,2	93	60
94	56,2	94	60
95	56,4	95	60
96	56,5	96	61
97	56,5	97	61
98	56,7	98	61
99	56,9	99	60
100	57	100	61
101	57	101	61
102	57,2	102	61
103	57,4	103	61
104	57,5	104	61
105	57,7	105	61
106	57,9	106	61
107	58	107	61
108	58,2	108	61
109	58,4	109	60
110	58,5	110	60
111	58,7	111	60
112	58,7	112	59
113	59	113	59
114	59	114	60
115	59,2	115	60
116	59,4	116	60
117	59,5	117	61
118	59,5	118	61
119	59,7	119	61
120	59,9	120	61
121	60	121	60
122	60,2	122	60
123	60,2	123	61
124	60,4	124	61
125	60,5	125	61
126	60,7	126	61
127	60,7	127	61
128	61	128	60
129	61	129	60
130	61,2	130	60
131	61,4	131	60
132	61,5	132	59
133	61,5	133	60
134	61,7	134	60
135	61,9	135	60
136	62	136	60
137	62,2	137	61
138	62,2	138	61
139	62,4	139	61
140	62,5	140	60
141	62,7	141	60
142	62,7	142	61
143	62,9	143	60
144	63	144	60
145	63,2	145	60
146	63,4	146	60
147	63,5	147	59
148	63,5	148	60
149	63,7	149	61
150	63,7	150	59
151	64	151	59
152	64	152	60
153	64,1	153	60
154	64,4	154	60
155	64,5	155	60
156	64,5	156	60
157	64,8	157	60
158	64,9	158	60
159	65	159	60
160	65	160	60
161	65,1	161	60
162	65,3	162	60
163	65,4	163	60
164	65,5	164	60
165	65,5	165	60
166	65,6	166	60
167	65,8	167	60
168	65,9	168	60
169	65,9	169	60
170	66	170	60
171	66	171	60
172	66,1	172	60
173	66,3	173	60
174	66,4	174	60
175	66,5	175	60
176	66,5	176	60
177	66,5	177	59
178	66,6	178	60
179	66,8	179	60
180	66,9	180	60
181	67	181	60
182	67	182	61
183	67	183	61
184	67,1	184	61
185	67,3	185	60
186	67,3	186	61
187	67,4	187	61
188	67,5	188	60
189	67,5	189	60
190	67,5	190	61
191	67,5	191	61
192	67,5	192	60
193	67,5	193	60
194	67,5	194	60
195	67,5	195	60
196	67,5	196	60
197	67,5	197	60
198	67,5	198	60
199	67,5	199	61
200	67,5	200	59
201	67,5	201	59
202	67,5	202	60
203	67,5	203	60
204	67,5	204	59
205	67,5	205	59
206	67,5	206	58
207	67,4	207	60
208	67,4	208	58
209	67,4	209	59
210	67,3	210	59
211	67,3	211	59
212	67,3	212	59
213	67,3	213	60
214	67,1	214	60
215	67	215	59
216	66,8	216	59
217	66,4	217	59
218	66	218	59
219	65,4	219	59
220	64,6	220	59
221	64	221	60
222	64	222	60
223	64	223	60
224	63,9	224	61
225	63,5	225	61
226	63	226	60
227	62,5	227	60
228	62,2	228	61
229	61,7	229	60
230	61,2	230	59
231	60,7	231	61
232	60,4	232	61
233	59,9	233	60
234	59,5	234	61
235	59,2	235	60
236	58,7	236	59
237	58,5	237	60
238	58,2	238	60
239	57,9	239	60
240	57,5	240	60
241	57,2	241	59
242	57	242	60
243	56,7	243	60
244	56,4	244	59
245	56	245	58
246	55,7	246	59
247	55,4	247	59
248	55	248	59
249	54,9	249	60
250	54,5	250	59
251	54,4	251	59
252	54	252	60
253	53,7	253	60
254	53,5	254	59
255	53	255	60
256	52,9	256	59
257	52,7	257	60
258	52,5	258	60
259	52,2	259	60
260	52	260	61
261	51,9	261	61
262	51,7	262	60
263	51,4	263	60
264	51,2	264	60
265	50,9	265	60
266	50,7	266	59
267	50,5	267	60
268	50,2	268	59
269	50	269	59
270	49,7	270	60
271	49,5	271	60
272	49,2	272	60
273	49	273	61
274	48,9	274	60
275	48,5	275	60
276	48,5	276	60
277	48,2	277	59
278	48,2	278	59
279	48	279	59
280	48	280	59
281	48	281	60
282	48	282	61
283	48	283	61
284	48	284	61
285	47,9	285	61
286	47,9	286	61
287	47,7	287	61
288	47,7	288	60
289	47,7	289	59
290	47,7	290	59
291	47,7	291	60
292	47,7	292	61
293	47,7	293	61
294	47,7	294	61
295	47,7	295	60
296	47,7	296	61
297	47,7	297	61
298	47,7	298	61
299	47,9	299	60
300	48	300	60
301	48	301	61
302	48	302	60
303	48,2	303	60
304	48,4	304	60
305	48,5	305	61
306	48,7	306	61
307	49	307	62
308	49,2	308	62
309	49,5	309	62
310	49,9	310	63
311	50,2	311	63
312	50,5	312	63
313	51	313	63
314	51,2	314	63
315	51,7	315	63
316	52,2	316	64
317	52,5	317	64
318	53	318	64
319	53,5	319	64
320	54	320	64
321	54,4	321	64
322	54,9	322	64
323	55,2	323	64
324	55,7	324	64
325	56,2	325	63
326	56,5	326	63
327	57	327	63
328	57,5	328	63
329	57,9	329	64
330	58,2	330	64
331	58,7	331	63
332	59	332	63
333	59,5	333	63
334	59,7	334	63
335	60	335	63
336	60,4	336	63
337	60,7	337	63
338	61	338	63
339	61,2	339	63
340	61,5	340	64
341	61,7	341	63
342	62	342	63
343	62,2	343	62
344	62,5	344	62
345	62,9	345	62
346	63	346	62
347	63,4	347	62
348	63,5	348	61
349	63,7	349	61
350	64	350	62
351	64,3	351	62
352	64,5	352	62
353	64,5	353	62
354	64,8	354	62
355	65	355	62
356	65,1	356	62
357	65,3	357	63
358	65,5	358	63
359	65,6	359	62
360	65,8	360	62
361	66	361	62
362	66	362	62
363	66,1	363	63
364	66,3	364	63
365	66,5	365	62
366	66,5	366	62
367	66,6	367	63
368	66,6	368	62
369	66,9	369	62
370	66,9	370	63
371	67	371	63
372	67,1	372	64
373	67,3	373	64
374	67,4	374	63
375	67,4	375	63
376	67,5	376	63
377	67,5	377	63
378	67,6	378	63
379	67,8	379	63
380	67,9	380	63
381	67,9	381	63
382	68	382	63
383	68	383	63
384	68,1	384	63
385	68,1	385	63
386	68,3	386	63
387	68,4	387	64
388	68,5	388	64
389	68,5	389	64
390	68,6	390	64
391	68,8	391	63
392	68,9	392	63
393	69	393	63
394	69	394	63
395	69,1	395	63
396	69,3	396	64
397	69,5	397	63
398	69,5	398	63
399	69,6	399	63
400	69,9	400	63
401	70	401	64
402	70,1	402	63
403	70,4	403	63
404	70,5	404	63
405	70,5	405	63
406	70,8	406	63
407	71	407	65
408	71	408	64
409	71,1	409	64
410	71,4	410	64
411	71,5	411	64
412	71,6	412	63
413	71,8	413	63
414	71,9	414	63
415	72	415	64
416	72,1	416	65
417	72,4	417	63
418	72,5	418	63
419	72,6	419	64
420	72,8	420	64
421	72,9	421	64
422	73	422	64
423	73,1	423	64
424	73,4	424	64
425	73,5	425	63
426	73,6	426	63
427	73,9	427	62
428	74	428	63
429	74	429	63
430	74,3	430	64
431	74,5	431	64
432	74,5	432	64
433	74,6	433	64
434	74,8	434	64
435	75	435	64
436	75	436	64
437	75,1	437	65
438	75,4	438	64
439	75,5	439	63
440	75,5	440	64
441	75,6	441	64
442	75,8	442	64
443	76	443	64
444	76	444	65
445	76,1	445	65
446	76,3	446	64
447	76,4	447	64
448	76,5	448	64
449	76,5	449	64
450	76,8	450	65
451	76,9	451	64
452	77	452	64
453	77	453	64
454	77,1	454	64
455	77,3	455	65
456	77,4	456	64
457	77,5	457	64
458	77,5	458	64
459	77,6	459	64
460	77,8	460	64
461	78	461	64
462	78	462	65
463	78	463	64
464	78,1	464	64
465	78,3	465	64
466	78,4	466	64
467	78,5	467	64
468	78,5	468	65
469	78,6	469	65
470	78,8	470	65
471	78,9	471	64
472	79	472	64
473	79	473	64
474	79,1	474	66
475	79,3	475	65
476	79,5	476	65
477	79,5	477	66
478	79,6	478	65
479	79,8	479	65
480	79,9	480	64
481	80	481	65
482	80,1	482	65
483	80,3	483	65
484	80,4	484	65
485	80,5	485	65
486	80,5	486	65
487	80,6	487	65
488	80,8	488	65
489	80,9	489	65
490	81	490	65
491	81	491	64
492	81	492	65
493	81,1	493	66
494	81,3	494	66
495	81,3	495	66
496	81,4	496	66
497	81,5	497	67
498	81,5	498	67
499	81,6	499	66
500	81,6	500	66
501	81,8	501	66
502	81,9	502	65
503	82	503	65
504	82	504	66
505	82,1	505	67
506	82,3	506	66
507	82,3	507	67
508	82,4	508	68
509	82,5	509	67
510	82,5	510	66
511	82,6	511	66
512	82,8	512	66
513	82,9	513	67
514	83	514	67
515	83	515	67
516	83,1	516	67
517	83,3	517	68
518	83,4	518	68
519	83,5	519	68
520	83,5	520	67
521	83,6	521	67
522	83,8	522	67
523	83,9	523	68
524	84	524	68
525	84	525	68
526	84,1	526	68
527	84,3	527	69
528	84,4	528	69
529	84,4	529	68
530	84,5	530	68
531	84,5	531	68
532	84,6	532	69
533	84,8	533	68
534	84,8	534	68
535	84,9	535	68
536	85	536	68
537	85	537	69
538	85	538	69
539	85,1	539	69
540	85,3	540	69
541	85,4	541	69
542	85,4	542	69
543	85,5	543	69
544	85,5	544	69
545	85,6	545	70
546	85,6	546	69
547	85,8	547	69
548	85,9	548	69
549	85,9	549	70
550	86	550	70
551	86	551	70
552	86	552	70
553	86,1	553	70
554	86,3	554	70
555	86,3	555	70
556	86,4	556	70
557	86,5	557	70
558	86,5	558	70
559	86,6	559	70
560	86,6	560	70
561	86,8	561	71
562	86,9	562	71
563	87	563	71
564	87	564	70
565	87	565	70
566	87,1	566	71
567	87,3	567	71
568	87,3	568	70
569	87,4	569	70
570	87,5	570	71
571	87,5	571	71
572	87,5	572	72
573	87,6	573	72
574	87,8	574	72
575	87,8	575	72
576	87,9	576	71
577	88	577	72
578	88	578	72
579	88	579	72
580	88,1	580	72
581	88,3	581	72
582	88,3	582	72
583	88,4	583	72
584	88,5	584	73
585	88,5	585	72
586	88,5	586	72
587	88,6	587	73
588	88,8	588	73
589	88,9	589	73
590	88,9	590	73
591	89	591	74
592	89	592	74
593	89	593	74
594	89,1	594	74
595	89,3	595	74
596	89,3	596	74
597	89,4	597	74
598	89,5	598	74
599	89,5	599	74
600	89,5	600	74
601	89,6	601	75
602	89,6	602	75
603	89,8	603	74
604	89,9	604	74
605	89,9	605	74
606	90	606	74
607	90	607	75
608	90	608	75
609	90,1	609	75
610	90,1	610	75
611	90,3	611	75
612	90,4	612	76
613	90,4	613	77
614	90,5	614	76
615	90,5	615	75
616	90,5	616	75
617	90,6	617	75
618	90,8	618	76
619	90,8	619	76
620	90,9	620	76
621	91	621	77
622	91	622	76
623	91	623	76
624	91,1	624	77
625	91,1	625	76
626	91,3	626	76
627	91,4	627	77
628	91,5	628	77
629	91,5	629	77
630	91,5	630	77
631	91,5	631	77
632	91,6	632	77
633	91,6	633	76
634	91,8	634	78
635	91,9	635	78
636	91,9	636	78
637	92	637	79
638	92	638	78
639	92	639	78
640	92,1	640	77
641	92,1	641	78
642	92,3	642	77
643	92,4	643	78
644	92,4	644	78
645	92,5	645	78
646	92,5	646	79
647	92,5	647	79
648	92,6	648	79
649	92,6	649	79
650	92,8	650	78
651	92,9	651	79
652	92,9	652	79
653	93	653	80
654	93	654	79
655	93	655	79
656	93,1	656	79
657	93,3	657	80
658	93,3	658	80
659	93,4	659	80
660	93,4	660	81
661	93,5	661	81
662	93,5	662	80
663	93,5	663	80
664	93,6	664	80
665	93,6	665	80
666	93,8	666	81
667	93,9	667	81
668	93,9	668	80
669	94	669	81
670	94	670	81
671	94	671	81
672	94,1	672	81
673	94,1	673	81
674	94,3	674	81
675	94,3	675	81
676	94,4	676	81
677	94,4	677	81
678	94,5	678	82
679	94,5	679	82
680	94,5	680	82
681	94,5	681	82
682	94,6	682	83
683	94,6	683	83
684	94,8	684	83
685	94,9	685	83
686	94,9	686	83
687	95	687	83
688	95	688	83
689	95	689	84
690	95	690	83
691	95,1	691	83
692	95,3	692	83
693	95,3	693	83
694	95,4	694	83
695	95,4	695	83
696	95,5	696	84
697	95,5	697	83
698	95,5	698	83
699	95,5	699	84
700	95,6	700	84
701	95,6	701	84
702	95,8	702	85
703	95,8	703	85
704	95,9	704	85
705	95,9	705	84
706	96	706	84
707	96	707	84
708	96	708	84
709	96	709	85
710	96,1	710	85
711	96,1	711	85
712	96,3	712	85
713	96,3	713	85
714	96,3	714	85
715	96,4	715	85
716	96,5	716	84
717	96,5	717	85
718	96,5	718	85
719	96,5	719	86
720	96,5	720	86
721	96,6	721	86
722	96,6	722	86
723	96,8	723	86
724	96,8	724	86
725	96,9	725	85
726	96,9	726	86
727	97	727	86
728	97	728	86
729	97	729	87
730	97	730	87
731	97,1	731	87
732	97,1	732	87
733	97,3	733	87
734	97,3	734	88
735	97,4	735	89
736	97,5	736	90
737	97,5	737	90
738	97,5	738	90
739	97,6	739	90
740	97,6	740	90
741	97,8	741	90
742	97,9	742	91
743	97,9	743	91
744	98	744	91
745	98	745	91
746	98,1	746	92
747	98,1	747	93
748	98,3	748	93
749	98,4	749	93
750	98,5	750	93
751	98,5	751	93
752	98,5	752	94
753	98,6	753	93
754	98,8	754	93
755	98,9	755	94
756	98,9	756	94
757	99	757	94
758	99,1	758	95
759	99,5	759	95
760	99,6	760	94
761	99,9	761	96
762	100	762	97
763	100,4	763	97
764	100,5	764	97
765	100,9	765	97
766	101	766	98
767	101,3	767	99
768	101,5	768	98
769	101,5	769	98
770	101,8	770	99
771	102	771	98
772	102,1	772	98
773	102,3	773	100
774	102,4	774	100
775	102,5	775	101
776	102,5	776	101
777	102,6	777	101
778	102,8	778	100
779	102,8	779	101
780	102,9	780	101
781	103	781	102
782	103	782	103
783	103	783	103
784	103,1	784	103
785	103,3	785	103
786	103,4	786	103
787	103,4	787	104
788	103,5	788	103
789	103,5	789	103
790	103,6	790	103
791	103,6	791	103
792	103,8	792	103
793	103,8	793	103
794	103,8	794	102
795	103,8	795	102
796	103,6	796	102
797	103,6	797	102
798	103,6	798	103
799	103,5	799	104
800	103,6	800	104
801	103,6	801	104
802	103,8	802	104
803	103,9	803	106
804	104	804	106
805	104	805	107
806	104,1	806	107
807	104,4	807	106
808	104,5	808	107
809	104,6	809	107
810	104,9	810	107
811	105	811	108
812	105,3	812	108
813	105,5	813	108
814	105,8	814	109
815	106	815	109
816	106,1	816	110
817	106,4	817	110
818	106,5	818	110
819	106,5	819	111
820	106,6	820	110
821	106,8	821	111
822	106,9	822	111
823	107	823	111
824	107	824	112
825	107,1	825	112
826	107,3	826	111
827	107,4	827	112
828	107,4	828	114
829	107,5	829	114
830	107,5	830	114
831	107,6	831	114
832	107,8	832	114
833	107,9	833	115
834	107,9	834	116
835	108	835	116
836	108	836	115
837	108,1	837	115
838	108,3	838	116
839	108,4	839	116
840	108,4	840	117
841	108,5	841	117
842	108,5	842	117
843	108,5	843	118
844	108,6	844	118
845	108,8	845	118
846	108,9	846	119
847	108,9	847	119
848	109	848	120
849	109	849	121
850	109	850	120
851	109,1	851	121
852	109,1	852	121
853	109,3	853	120
854	109,3	854	119
855	109,4	855	119
856	109,5	856	120
857	109,5	857	120
858	109,5	858	120
859	109,5	859	120
860	109,6	860	120
861	109,6	861	120
862	109,6	862	120
863	109,8	863	120
864	109,8	864	121
865	109,8	865	122
866	109,9	866	122
867	109,9	867	123
868	110	868	123
869	110	869	122
870	110	870	122
871	110	871	122
872	110,1	872	123
873	110,1	873	123
874	110,3	874	123
875	110,3	875	124
876	110,4	876	125
877	110,5	877	125
878	110,5	878	126
879	110,5	879	127
880	110,6	880	126
881	110,8	881	127
882	110,9	882	126
883	111	883	127
884	111	884	128
885	111	885	128
886	111,1	886	128
887	111,3	887	129
888	111,4	888	129
889	111,4	889	130
890	111,5	890	130
891	111,5	891	130
892	111,6	892	130
893	111,8	893	130
894	111,9	894	131
895	111,9	895	131
896	112	896	132
897	112	897	132
898	112	898	132
899	112,1	899	133
900	112,3	900	134
901	112,3	901	134
902	112,4	902	134
903	112,4	903	134
904	112,5	904	134
905	112,5	905	135
906	112,6	906	135
907	112,6	907	135
908	112,8	908	135
909	112,9	909	135
910	112,9	910	137
911	113	911	137
912	113	912	138
913	113	913	138
914	113,1	914	137
915	113,3	915	138
916	113,4	916	139
917	113,4	917	138
918	113,5	918	139
919	113,5	919	139
920	113,6	920	138
921	113,6	921	138
922	113,8	922	138
923	113,8	923	139
924	113,9	924	138
925	113,9	925	138
926	113,9	926	138
927	113,9	927	138
928	114	928	137
929	114	929	137
930	114	930	137
931	114	931	139
932	114	932	140
933	114	933	140
934	114	934	139
935	114	935	140
936	114	936	140
937	114	937	140
938	114	938	141
939	114,1	939	142
940	114,1	940	143
941	114,1	941	143
942	114,3	942	143
943	114,4	943	143
944	114,4	944	143
945	114,5	945	144
946	114,5	946	144
947	114,6	947	144
948	114,8	948	145
949	114,9	949	145
950	114,9	950	145
951	115	951	146
952	115	952	147
953	115,1	953	147
954	115,3	954	148
955	115,3	955	148
956	115,4	956	148
957	115,5	957	149
958	115,5	958	150
959	115,6	959	149
960	115,8	960	150
961	115,8	961	150
962	115,9	962	152
963	116	963	152
964	116	964	152
965	116	965	152
966	116,1	966	152
967	116,3	967	152
968	116,4	968	153
969	116,4	969	155
970	116,5	970	154
971	116,5	971	154
972	116,5	972	154
973	116,6	973	155
974	116,8	974	156
975	116,9	975	155
976	116,9	976	155
977	117	977	156
978	117	978	156
979	117,1	979	157
980	117,1	980	157
981	117,3	981	158
982	117,4	982	158
983	117,4	983	158
984	117,5	984	158
985	117,5	985	158
986	117,5	986	158
987	117,6	987	159
988	117,6	988	158
989	117,8	989	158
990	117,8	990	157
991	117,8	991	156
992	117,8	992	156
993	117,8	993	156
994	117,9	994	156
995	117,9	995	155
996	117,9	996	156
997	117,9	997	156
998	117,9	998	157
999	117,9	999	158
1000	117,9	1000	158
1001	117,9	1001	159
1002	117,9	1002	160
1003	117,9	1003	160
1004	118	1004	160
1005	118	1005	160
1006	118	1006	160
1007	118	1007	161
1008	118	1008	161
1009	118,1	1009	162
1010	118,1	1010	162
1011	118,3	1011	163
1012	118,3	1012	163
1013	118,4	1013	164
1014	118,5	1014	165
1015	118,5	1015	165
1016	118,5	1016	165
1017	118,5	1017	165
1018	118,6	1018	165
1019	118,8	1019	167
1020	118,8	1020	167
1021	118,9	1021	167
1022	118,9	1022	168
1023	119	1023	169
1024	119	1024	169
1025	119	1025	168
1026	119,1	1026	169
1027	119,3	1027	169
1028	119,3	1028	170
1029	119,4	1029	171
1030	119,5	1030	172
1031	119,5	1031	172
1032	119,5	1032	172
1033	119,6	1033	172
1034	119,8	1034	172
1035	119,8	1035	173
1036	119,9	1036	174
1037	120	1037	175
1038	120	1038	174
1039	120	1039	175
1040	120,1	1040	176
1041	120,3	1041	176
1042	120,3	1042	176
1043	120,4	1043	177
1044	120,4	1044	177
1045	120,5	1045	178
1046	120,5	1046	179
1047	120,5	1047	179
1048	120,6	1048	179
1049	120,8	1049	180
1050	120,8	1050	181
1051	120,9	1051	180
1052	121	1052	180
1053	121	1053	179
1054	121	1054	178
1055	121	1055	177
1056	121	1056	176
1057	121	1057	177
1058	121,1	1058	176
1059	121,1	1059	176
1060	121,1	1060	177
1061	121,1	1061	176
1062	121,1	1062	176
1063	121,1	1063	177
1064	121,1	1064	177
1065	121,1	1065	177
1066	121,1	1066	178
1067	121,1	1067	178
1068	121,1	1068	179
1069	121,1	1069	181
1070	121,1	1070	181
1071	121,1	1071	181
1072	121,3	1072	181
1073	121,3	1073	182
1074	121,3	1074	182
1075	121,4	1075	183
1076	121,5	1076	184
1077	121,5	1077	184
1078	121,5	1078	184
1079	121,5	1079	185
1080	121,6	1080	185
1081	121,8	1081	186
1082	121,9	1082	186
1083	122	1083	187
1084	122	1084	187
1085	122	1085	188
1086	122,1	1086	188
1087	122,1	1087	188
1088	122,3	1088	188
1089	122,4	1089	189
1090	122,5	1090	189
1091	122,5	1091	190
1092	122,5	1092	191
1093	122,6	1093	192
1094	122,8	1094	191
1095	122,8	1095	193
1096	122,9	1096	193
1097	123	1097	193
1098	123	1098	193
1099	123	1099	194
1100	123,1	1100	195
1101	123,1	1101	195
1102	123,3	1102	195
1103	123,4	1103	195
1104	123,5	1104	196
1105	123,5	1105	197
1106	123,5	1106	198
1107	123,6	1107	198
1108	123,6	1108	198
1109	123,8	1109	199
1110	123,9	1110	199
1111	123,9	1111	199
1112	124	1112	200
1113	124	1113	200
1114	124,1	1114	201
1115	124,1	1115	201
1116	124,3	1116	202
1117	124,4	1117	201
1118	124,4	1118	201
1119	124,5	1119	200
1120	124,5	1120	199
1121	124,5	1121	199
1122	124,5	1122	198
1123	124,5	1123	198
1124	124,5	1124	197
1125	124,5	1125	197
1126	124,5	1126	196
1127	124,5	1127	196
1128	124,5	1128	195
1129	124,5	1129	195
1130	124,5	1130	197
1131	124,5	1131	198
1132	124,5	1132	199
1133	124,5	1133	198
1134	124,5	1134	199
1135	124,5	1135	199
1136	124,5	1136	200
1137	124,5	1137	202
1138	124,5	1138	201
1139	124,5	1139	202
1140	124,5	1140	202
1141	124,6	1141	203
1142	124,6	1142	203
1143	124,8	1143	202
1144	124,9	1144	203
1145	124,9	1145	204
1146	125	1146	205
1147	125	1147	206
1148	125	1148	206
1149	125,1	1149	207
1150	125,3	1150	208
1151	125,3	1151	208
1152	125,4	1152	209
1153	125,4	1153	208
1154	125,5	1154	209
1155	125,5	1155	209
1156	125,5	1156	209
1157	125,6	1157	210
1158	125,6	1158	210
1159	125,8	1159	210
1160	125,8	1160	211
1161	125,9	1161	211
1162	126	1162	211
1163	126	1163	212
1164	126	1164	211
1165	126	1165	212
1166	126,1	1166	213
1167	126,1	1167	214
1168	126,3	1168	214
1169	126,3	1169	215
1170	126,4	1170	215
1171	126,4	1171	215
1172	126,5	1172	214
1173	126,5	1173	214
1174	126,5	1174	215
1175	126,6	1175	216
1176	126,6	1176	216
1177	126,8	1177	217
1178	126,8	1178	217
1179	126,9	1179	219
1180	126,9	1180	219
1181	127	1181	219
1182	127	1182	218
1183	127	1183	217
1184	127	1184	216
1185	127	1185	215
1186	127	1186	214
1187	127	1187	213
1188	127	1188	212
1189	127	1189	212
1190	127	1190	213
1191	127	1191	212
1192	127	1192	210
1193	127	1193	208
1194	127	1194	208
1195	127	1195	209
1196	126,9	1196	211
1197	126,9	1197	211
1198	126,9	1198	212
1199	126,9	1199	212
1200	126,8	1200	213
1201	126,8	1201	212
1202	126,8	1202	212
1203	126,8	1203	213
1204	126,8	1204	213
1205	126,8	1205	213
1206	126,8	1206	214
1207	126,8	1207	214
1208	126,8	1208	215
1209	126,8	1209	217
1210	126,9	1210	217
1211	126,9	1211	217
1212	127	1212	216
1213	127	1213	216
1214	127	1214	216
1215	127,1	1215	216
1216	127,1	1216	217
1217	127,3	1217	218
1218	127,3	1218	219
1219	127,3	1219	219
1220	127,4	1220	220
1221	127,5	1221	220
1222	127,5	1222	219
1223	127,5	1223	220
1224	127,5	1224	221
1225	127,6	1225	221
1226	127,6	1226	222
1227	127,6	1227	222
1228	127,8	1228	223
1229	127,8	1229	223
1230	127,9	1230	223
1231	127,9	1231	222
1232	127,9	1232	221
1233	128	1233	222
1234	128	1234	222
1235	128	1235	223
1236	128,1	1236	224
1237	128,1	1237	225
1238	128,1	1238	225
1239	128,1	1239	225
1240	128,1	1240	225
1241	128,1	1241	226
1242	128,1	1242	224
1243	128,3	1243	225
1244	128,3	1244	225
1245	128,3	1245	225
1246	128,3	1246	226
1247	128,3	1247	226
1248	128,5	1248	228
1249	128,5	1249	228
1250	128,5	1250	226
1251	128,5	1251	224
1252	128,6	1252	221
1253	128,5	1253	219
1254	128,5	1254	219
1255	128,5	1255	219
1256	128,3	1256	218
1257	128,3	1257	218
1258	128,3	1258	218
1259	128,3	1259	217
1260	128,3	1260	216
1261	128,1	1261	217
1262	128,1	1262	217
1263	128,1	1263	217
1264	128,1	1264	217
1265	128	1265	218
1266	128	1266	219
1267	128	1267	221
1268	127,9	1268	220
1269	127,9	1269	220
1270	127,9	1270	221
1271	127,9	1271	221
1272	127,9	1272	220
1273	128	1273	220
1274	128	1274	222
1275	128	1275	222
1276	128	1276	223
1277	128,1	1277	223
1278	128,1	1278	223
1279	128,1	1279	224
1280	128,1	1280	224
1281	128,3	1281	225
1282	128,3	1282	224
1283	128,3	1283	224
1284	128,3	1284	225
1285	128,3	1285	225
1286	128,3	1286	226
1287	128,5	1287	226
1288	128,5	1288	226
1289	128,5	1289	226
1290	128,6	1290	227
1291	128,6	1291	226
1292	128,6	1292	226
1293	128,6	1293	227
1294	128,6	1294	227
1295	128,8	1295	227
1296	128,8	1296	228
1297	128,8	1297	228
1298	128,8	1298	229
1299	128,8	1299	229
1300	129	1300	229
1301	129	1301	229
1302	129	1302	229
1303	129	1303	229
1304	129,1	1304	229
1305	129,1	1305	229
1306	129,1	1306	230
1307	129,1	1307	230
1308	129,3	1308	231
1309	129,3	1309	232
1310	129,3	1310	232
1311	129,3	1311	231
1312	129,3	1312	231
1313	129,3	1313	231
1314	129,5	1314	232
1315	129,5	1315	233
1316	129,5	1316	232
1317	129,5	1317	231
1318	129,5	1318	231
1319	129,5	1319	229
1320	129,5	1320	228
1321	129,5	1321	226
1322	129,5	1322	224
1323	129,3	1323	223
1324	129,3	1324	222
1325	129,3	1325	222
1326	129,1	1326	222
1327	129,1	1327	222
1328	129,1	1328	224
1329	129,1	1329	225
1330	129,1	1330	225
1331	129	1331	225
1332	129	1332	225
1333	128,8	1333	226
1334	128,8	1334	226
1335	128,8	1335	226
1336	128,8	1336	227
1337	128,8	1337	227
1338	128,8	1338	228
1339	128,8	1339	229
1340	128,8	1340	230
1341	128,8	1341	230
1342	129	1342	229
1343	129	1343	230
1344	129,1	1344	230
1345	129,1	1345	231
1346	129,1	1346	231
1347	129,3	1347	232
1348	129,3	1348	233
1349	129,3	1349	234
1350	129,3	1350	233
1351	129,5	1351	232
1352	129,5	1352	233
1353	129,6	1353	233
1354	129,6	1354	234
1355	129,6	1355	234
1356	129,6	1356	233
1357	129,6	1357	233
1358	129,8	1358	235
1359	129,8	1359	236
1360	129,8	1360	236
1361	129,8	1361	235
1362	129,8	1362	235
1363	129,8	1363	235
1364	130	1364	236
1365	130	1365	236
1366	130	1366	237
1367	130,1	1367	237
1368	130,1	1368	238
1369	130,1	1369	238
1370	130,1	1370	238
1371	130,1	1371	239
1372	130,3	1372	239
1373	130,3	1373	238
1374	130,3	1374	238
1375	130,3	1375	238
1376	130,3	1376	239
1377	130,3	1377	239
1378	130,5	1378	240
1379	130,5	1379	240
1380	130,5	1380	240
1381	130,6	1381	240
1382	130,6	1382	239
1383	130,6	1383	236
1384	130,6	1384	235
1385	130,6	1385	234
1386	130,5	1386	233
1387	130,5	1387	232
1388	130,5	1388	232
1389	130,3	1389	232
1390	130,3	1390	231
1391	130,3	1391	229
1392	130,3	1392	228
1393	130,1	1393	229
1394	130,1	1394	230
1395	130,1	1395	231
1396	130,1	1396	231
1397	130	1397	231
1398	130	1398	233
1399	129,8	1399	233
1400	129,8	1400	233
1401	129,8	1401	233
1402	129,8	1402	233
1403	129,8	1403	233
1404	129,8	1404	234
1405	129,8	1405	235
1406	129,8	1406	236
1407	129,8	1407	236
1408	130	1408	236
1409	130	1409	238
1410	130,1	1410	238
1411	130,1	1411	239
1412	130,1	1412	238
1413	130,3	1413	238
1414	130,3	1414	238
1415	130,3	1415	239
1416	130,3	1416	239
1417	130,5	1417	240
1418	130,5	1418	241
1419	130,5	1419	241
1420	130,6	1420	242
1421	130,6	1421	241
1422	130,6	1422	241
1423	130,6	1423	241
1424	130,8	1424	241
1425	130,8	1425	241
1426	130,8	1426	243
1427	130,8	1427	244
1428	130,8	1428	245
1429	130,8	1429	244
1430	131	1430	244
1431	131	1431	243
1432	131,1	1432	242
1433	131,1	1433	243
1434	131,1	1434	244
1435	131,1	1435	243
1436	131,1	1436	245
1437	131,1	1437	247
1438	131,1	1438	247
1439	131,1	1439	246
1440	131,3	1440	246
1441	131,3	1441	246
1442	131,3	1442	246
1443	131,3	1443	246
1444	131,3	1444	246
1445	131,3	1445	246
1446	131,5	1446	247
1447	131,5	1447	247
1448	131,5	1448	247
1449	131,5	1449	246
1450	131,5	1450	244
1451	131,5	1451	242
1452	131,5	1452	241
1453	131,5	1453	239
1454	131,3	1454	237
1455	131,3	1455	236
1456	131,3	1456	237
1457	131,3	1457	237
1458	131,3	1458	236
1459	131,1	1459	237
1460	131,1	1460	237
1461	131,1	1461	237
1462	131,1	1462	238
1463	131	1463	238
1464	131	1464	238
1465	130,8	1465	239
1466	130,8	1466	241
1467	130,8	1467	241
1468	130,8	1468	241
1469	130,8	1469	242
1470	130,8	1470	243
1471	130,8	1471	243
1472	130,8	1472	243
1473	131	1473	243
1474	131	1474	244
1475	131	1475	244
1476	131,1	1476	244
1477	131,1	1477	244
1478	131,1	1478	245
1479	131,1	1479	247
1480	131,3	1480	248
1481	131,3	1481	247
1482	131,3	1482	246
1483	131,5	1483	246
1484	131,5	1484	246
1485	131,6	1485	247
1486	131,6	1486	248
1487	131,6	1487	249
1488	131,6	1488	250
1489	131,6	1489	251
1490	131,8	1490	250
1491	131,8	1491	250
1492	131,8	1492	249
1493	131,8	1493	249
1494	132	1494	249
1495	132	1495	251
1496	132,1	1496	252
1497	132,1	1497	252
1498	132,1	1498	252
1499	132,1	1499	252
1500	132,1	1500	253
1501	132,1	1501	252
1502	132,3	1502	252
1503	132,3	1503	253
1504	132,3	1504	253
1505	132,3	1505	253
1506	132,3	1506	253
1507	132,3	1507	253
1508	132,5	1508	254
1509	132,5	1509	255
1510	132,5	1510	255
1511	132,5	1511	255
1512	132,6	1512	255
1513	132,6	1513	254
1514	132,6	1514	253
1515	132,6	1515	251
1516	132,6	1516	250
1517	132,6	1517	250
1518	132,6	1518	249
1519	132,5	1519	248
1520	132,5	1520	246
1521	132,3	1521	245
1522	132,3	1522	242
1523	132,3	1523	242
1524	132,1	1524	241
1525	132,1	1525	241
1526	132,1	1526	242
1527	132	1527	244
1528	131,8	1528	245
1529	131,8	1529	246
1530	131,8	1530	247
1531	131,8	1531	247
1532	131,6	1532	247
1533	131,6	1533	247
1534	131,6	1534	246
1535	131,6	1535	246
1536	131,6	1536	248
1537	131,6	1537	248
1538	131,6	1538	249
1539	131,6	1539	250
1540	131,6	1540	251
1541	131,8	1541	251
1542	131,8	1542	251
1543	131,8	1543	252
1544	132	1544	251
1545	132,1	1545	252
1546	132,1	1546	253
1547	132,1	1547	253
1548	132,1	1548	253
1549	132,1	1549	254
1550	132,3	1550	254
1551	132,3	1551	254
1552	132,3	1552	255
1553	132,5	1553	254
1554	132,5	1554	253
1555	132,5	1555	254
1556	132,5	1556	0
1557	132,6	1557	0
1558	132,6	1558	1
1559	132,6	1559	3
1560	132,6	1560	2
1561	132,6	1561	2
1562	132,8	1562	1
1563	132,8	1563	0
1564	132,8	1564	0
1565	132,8	1565	0
1566	132,8	1566	2
1567	132,8	1567	3
1568	133	1568	3
1569	133	1569	3
1570	133	1570	3
1571	133	1571	3
1572	133,1	1572	3
1573	133,1	1573	3
1574	133,1	1574	3
1575	133,1	1575	3
1576	133,1	1576	4
1577	133,1	1577	6
1578	133,1	1578	6
1579	133,1	1579	6
1580	133,1	1580	4
1581	133,1	1581	3
1582	133,1	1582	255
1583	133,1	1583	253
1584	133,1	1584	251
1585	133,1	1585	251
1586	133,1	1586	249
1587	133	1587	249
1588	133	1588	249
1589	132,8	1589	249
1590	132,8	1590	247
1591	132,8	1591	246
1592	132,6	1592	247
1593	132,6	1593	248
1594	132,6	1594	248
1595	132,5	1595	249
1596	132,3	1596	250
1597	132,3	1597	251
1598	132,3	1598	251
1599	132,3	1599	251
1600	132,3	1600	252
1601	132,1	1601	253
1602	132,1	1602	254
1603	132,1	1603	254
1604	132,3	1604	255
1605	132,3	1605	254
1606	132,3	1606	254
1607	132,3	1607	254
1608	132,3	1608	255
1609	132,5	1609	0
1610	132,5	1610	2
1611	132,6	1611	2
1612	132,6	1612	2
1613	132,6	1613	2
1614	132,8	1614	2
1615	132,8	1615	2
1616	132,8	1616	2
1617	132,8	1617	3
1618	133	1618	4
1619	133,1	1619	5
1620	133,1	1620	6
1621	133,1	1621	4
1622	133,3	1622	4
1623	133,3	1623	3
1624	133,3	1624	4
1625	133,3	1625	4
1626	133,5	1626	4
1627	133,5	1627	6
1628	133,6	1628	7
1629	133,6	1629	7
1630	133,6	1630	7
1631	133,8	1631	6
1632	133,8	1632	6
1633	133,8	1633	5
1634	133,8	1634	5
1635	133,8	1635	5
1636	134	1636	6
1637	134	1637	5
1638	134	1638	7
1639	134	1639	7
1640	134	1640	6
1641	134	1641	6
1642	134,1	1642	7
1643	134,1	1643	7
1644	134,1	1644	6
1645	134,1	1645	6
1646	134,1	1646	7
1647	134,1	1647	7
1648	134,1	1648	7
1649	134,1	1649	8
1650	134,1	1650	8
1651	134,1	1651	7
1652	134,1	1652	7
1653	134,1	1653	7
1654	134,1	1654	7
1655	134,1	1655	7
1656	134,1	1656	8
1657	134,1	1657	8
1658	134,1	1658	8
1659	134,1	1659	7
1660	134,1	1660	7
1661	134,1	1661	7
1662	134,1	1662	8
1663	134,1	1663	7
1664	134,3	1664	6
1665	134,3	1665	8
1666	134,1	1666	8
1667	134,1	1667	9
1668	134,1	1668	8
1669	134,1	1669	8
1670	134,1	1670	8
1671	134,1	1671	8
1672	134,1	1672	7
1673	134,1	1673	8
1674	134,1	1674	8
1675	134,1	1675	7
1676	134,1	1676	8
1677	134,1	1677	9
1678	134,1	1678	9
1679	134,1	1679	9
1680	134,1	1680	8
1681	134,1	1681	8
1682	134,1	1682	7
1683	134,1	1683	7
1684	134,1	1684	7
1685	134,1	1685	8
1686	134,1	1686	9
1687	134,1	1687	9
1688	134,1	1688	9
1689	134,1	1689	10
1690	134,1	1690	10
1691	134,1	1691	10
1692	134,1	1692	10
1693	134,1	1693	10
1694	134,1	1694	9
1695	134,1	1695	9
1696	134,1	1696	10
1697	134,1	1697	11
1698	134,1	1698	11
1699	134,1	1699	10
1700	134,1	1700	9
1701	134,1	1701	10
1702	134,3	1702	10
1703	134,3	1703	10
1704	134,3	1704	11
1705	134,3	1705	11
1706	134,3	1706	12
1707	134,3	1707	12
1708	134,3	1708	12
1709	134,3	1709	11
1710	134,3	1710	10
1711	134,3	1711	10
1712	134,3	1712	10
1713	134,3	1713	10
1714	134,3	1714	11
1715	134,3	1715	12
1716	134,3	1716	12
1717	134,3	1717	13
1718	134,1	1718	12
1719	134,3	1719	12
1720	134,3	1720	12
1721	134,3	1721	12
1722	134,3	1722	11
1723	134,3	1723	10
1724	134,3	1724	11
1725	134,3	1725	12
1726	134,3	1726	12
1727	134,3	1727	12
1728	134,3	1728	12
1729	134,3	1729	12
1730	134,3	1730	11
1731	134,3	1731	12
1732	134,3	1732	12
1733	134,3	1733	11
1734	134,3	1734	11
1735	134,5	1735	12
1736	134,5	1736	12
1737	134,5	1737	12
1738	134,5	1738	11
1739	134,5	1739	11
1740	134,5	1740	11
1741	134,5	1741	10
1742	134,5	1742	12
1743	134,3	1743	12
1744	134,3	1744	12
1745	134,3	1745	12
1746	134,3	1746	12
1747	134,3	1747	12
1748	134,3	1748	13
1749	134,3	1749	12
1750	134,3	1750	12
1751	134,3	1751	13
1752	134,3	1752	12
1753	134,3	1753	11
1754	134,3	1754	10
1755	134,3	1755	12
1756	134,3	1756	13
1757	134,3	1757	14
1758	134,3	1758	13
1759	134,3	1759	14
1760	134,3	1760	14
1761	134,3	1761	12
1762	134,3	1762	11
1763	134,3	1763	11
1764	134,3	1764	11
1765	134,3	1765	12
1766	134,3	1766	13
1767	134,3	1767	14
1768	134,3	1768	14
1769	134,3	1769	14
1770	134,3	1770	14
1771	134,3	1771	13
1772	134,5	1772	13
1773	134,5	1773	12
1774	134,5	1774	12
1775	134,5	1775	13
1776	134,5	1776	13
1777	134,5	1777	14
1778	134,5	1778	13
1779	134,5	1779	13
1780	134,5	1780	13
1781	134,5	1781	13
1782	134,5	1782	12
1783	134,5	1783	12
1784	134,5	1784	12
1785	134,5	1785	13
1786	134,5	1786	13
1787	134,5	1787	13
1788	134,5	1788	13
1789	134,5	1789	13
1790	134,5	1790	13
1791	134,5	1791	13
1792	134,5	1792	12
1793	134,5	1793	12
1794	134,5	1794	12
1795	134,5	1795	13
1796	134,5	1796	14
1797	134,5	1797	13
1798	134,6	1798	14
1799	134,6	1799	13
1800	134,6	1800	13
1801	134,6	1801	14
1802	134,6	1802	14
1803	134,6	1803	13
1804	134,6	1804	12
1805	134,6	1805	12
1806	134,6	1806	12
1807	134,6	1807	13
1808	134,5	1808	13
1809	134,5	1809	14
1810	134,6	1810	13
1811	134,5	1811	13
1812	134,5	1812	12
1813	134,5	1813	11
1814	134,5	1814	11
1815	134,5	1815	12
1816	134,5	1816	13
1817	134,5	1817	13
1818	134,5	1818	12
1819	134,5	1819	12
1820	134,5	1820	13
1821	134,5	1821	12
1822	134,5	1822	11
1823	134,5	1823	11
1824	134,5	1824	11
1825	134,5	1825	12
1826	134,5	1826	13
1827	134,5	1827	13
1828	134,5	1828	13
1829	134,5	1829	12
1830	134,5	1830	13
1831	134,5	1831	13
1832	134,5	1832	12
1833	134,5	1833	12
1834	134,5	1834	13
1835	134,5	1835	12
1836	134,5	1836	13
1837	134,5	1837	14
1838	134,5	1838	13
1839	134,5	1839	12
1840	134,5	1840	13
1841	134,6	1841	13
1842	134,6	1842	12
1843	134,5	1843	12
1844	134,5	1844	12
1845	134,5	1845	13
1846	134,5	1846	13
1847	134,5	1847	13
1848	134,5	1848	13
1849	134,5	1849	13
1850	134,5	1850	14
1851	134,5	1851	14
1852	134,5	1852	13
1853	134,5	1853	12
1854	134,5	1854	12
1855	134,5	1855	13
1856	134,5	1856	13
1857	134,5	1857	12
1858	134,5	1858	13
1859	134,5	1859	14
1860	134,5	1860	13
1861	134,5	1861	13
1862	134,5	1862	13
1863	134,5	1863	12
1864	134,5	1864	13
1865	134,5	1865	13
1866	134,5	1866	14
1867	134,5	1867	14
1868	134,5	1868	13
1869	134,5	1869	13
1870	134,5	1870	13
1871	134,5	1871	14
1872	134,5	1872	14
1873	134,5	1873	12
1874	134,5	1874	13
1875	134,5	1875	13
1876	134,5	1876	14
1877	134,5	1877	14
1878	134,5	1878	13
1879	134,5	1879	14
1880	134,5	1880	13
1881	134,5	1881	13
1882	134,5	1882	12
1883	134,6	1883	12
1884	134,5	1884	14
1885	134,6	1885	14
1886	134,6	1886	13
1887	134,6	1887	13
1888	134,6	1888	13
1889	134,6	1889	13
1890	134,6	1890	13
1891	134,6	1891	12
1892	134,6	1892	12
1893	134,6	1893	12
1894	134,6	1894	12
1895	134,6	1895	13
1896	134,6	1896	15
1897	134,6	1897	15
1898	134,6	1898	14
1899	134,6	1899	13
1900	134,6	1900	14
1901	134,6	1901	14
1902	134,6	1902	13
1903	134,6	1903	13
1904	134,6	1904	12
1905	134,6	1905	13
1906	134,6	1906	14
1907	134,6	1907	14
1908	134,6	1908	14
1909	134,6	1909	13
1910	134,6	1910	13
1911	134,6	1911	12
1912	134,6	1912	12
1913	134,6	1913	12
1914	134,6	1914	12
1915	134,6	1915	13
1916	134,6	1916	13
1917	134,6	1917	13
1918	134,6	1918	13
1919	134,6	1919	14
1920	134,6	1920	13
1921	134,5	1921	13
1922	134,5	1922	13
1923	134,5	1923	13
1924	134,5	1924	13
1925	134,5	1925	13
1926	134,5	1926	13
1927	134,5	1927	13
1928	134,5	1928	13
1929	134,5	1929	14
1930	134,5	1930	14
1931	134,5	1931	13
1932	134,5	1932	13
1933	134,5	1933	13
1934	134,5	1934	13
1935	134,6	1935	12
1936	134,5	1936	12
1937	134,5	1937	13
1938	134,5	1938	12
1939	134,5	1939	12
1940	134,5	1940	11
1941	134,5	1941	12
1942	134,5	1942	10
1943	134,5	1943	9
1944	134,5	1944	8
1945	134,3	1945	8
1946	134,3	1946	7
1947	134,3	1947	6
1948	134,3	1948	6
1949	134,3	1949	6
1950	134,1	1950	4
1951	134,1	1951	2
1952	134,1	1952	2
1953	134,1	1953	2
1954	134	1954	2
1955	134	1955	2
1956	133,8	1956	2
1957	133,8	1957	0
1958	133,6	1958	255
1959	133,6	1959	254
1960	133,6	1960	253
1961	133,5	1961	253
1962	133,3	1962	253
1963	133,3	1963	253
1964	133,3	1964	252
1965	133,1	1965	250
1966	133,1	1966	251
1967	133	1967	251
1968	133	1968	249
1969	132,8	1969	248
1970	132,8	1970	250
1971	132,6	1971	250
1972	132,6	1972	248
1973	132,6	1973	247
1974	132,6	1974	248
1975	132,5	1975	246
1976	132,3	1976	245
1977	132,3	1977	246
1978	132,3	1978	247
1979	132,1	1979	245
1980	132,1	1980	243
1981	132,1	1981	245
1982	132	1982	244
1983	132	1983	244
1984	131,8	1984	243
1985	131,8	1985	244
1986	131,8	1986	243
1987	131,6	1987	240
1988	131,6	1988	242
1989	131,6	1989	241
1990	131,6	1990	241
1991	131,5	1991	239
1992	131,3	1992	241
1993	131,3	1993	240
1994	131,3	1994	239
1995	131,3	1995	239
1996	131,1	1996	239
1997	131,1	1997	238
1998	131,1	1998	237
1999	131,1	1999	238
2000	131	2000	237
2001	131	2001	235
2002	131	2002	235
2003	130,8	2003	236
2004	130,8	2004	235
2005	130,8	2005	234
2006	130,8	2006	235
2007	130,6	2007	234
2008	130,6	2008	233
2009	130,6	2009	233
2010	130,6	2010	235
2011	130,5	2011	233
2012	130,5	2012	231
2013	130,3	2013	231
2014	130,3	2014	232
2015	130,3	2015	230
2016	130,1	2016	229
2017	130,1	2017	230
2018	130,1	2018	231
2019	130	2019	229
2020	129,8	2020	227
2021	129,8	2021	229
2022	129,8	2022	229
2023	129,8	2023	228
2024	129,6	2024	228
2025	129,6	2025	228
2026	129,6	2026	227
2027	129,6	2027	225
2028	129,6	2028	226
2029	129,5	2029	226
2030	129,3	2030	225
2031	129,3	2031	224
2032	129,3	2032	226
2033	129,3	2033	223
2034	129,1	2034	223
2035	129,1	2035	223
2036	129,1	2036	224
2037	129,1	2037	222
2038	129	2038	221
2039	129	2039	222
2040	129	2040	223
2041	128,8	2041	221
2042	128,8	2042	221
2043	128,8	2043	221
2044	128,8	2044	220
2045	128,6	2045	219
2046	128,6	2046	220
2047	128,6	2047	220
2048	128,6	2048	219
2049	128,5	2049	218
2050	128,5	2050	219
2051	128,3	2051	218
2052	128,3	2052	217
2053	128,3	2053	217
2054	128,3	2054	218
2055	128,1	2055	216
2056	128,1	2056	215
2057	128,1	2057	216
2058	128,1	2058	216
2059	128	2059	214
2060	128	2060	214
2061	127,9	2061	215
2062	127,9	2062	215
2063	127,8	2063	213
2064	127,8	2064	213
2065	127,6	2065	213
2066	127,5	2066	212
2067	127,5	2067	212
2068	127,5	2068	212
2069	127,5	2069	212
2070	127,4	2070	211
2071	127,4	2071	211
2072	127,3	2072	211
2073	127,1	2073	209
2074	127,1	2074	209
2075	127	2075	209
2076	127	2076	210
2077	127	2077	208
2078	127	2078	207
2079	126,9	2079	208
2080	126,8	2080	208
2081	126,8	2081	207
2082	126,6	2082	206
2083	126,6	2083	207
2084	126,5	2084	205
2085	126,5	2085	205
2086	126,5	2086	204
2087	126,5	2087	205
2088	126,4	2088	204
2089	126,4	2089	205
2090	126,4	2090	205
2091	126,3	2091	204
2092	126,1	2092	202
2093	126,1	2093	202
2094	126,1	2094	202
2095	126	2095	202
2096	126	2096	201
2097	126	2097	202
2098	126	2098	201
2099	125,9	2099	200
2100	125,9	2100	201
2101	125,8	2101	202
2102	125,8	2102	201
2103	125,6	2103	200
2104	125,6	2104	200
2105	125,5	2105	199
2106	125,5	2106	198
2107	125,5	2107	198
2108	125,4	2108	200
2109	125,3	2109	197
2110	125,3	2110	197
2111	125,1	2111	198
2112	125,1	2112	198
2113	125	2113	197
2114	125	2114	196
2115	125	2115	197
2116	124,9	2116	196
2117	124,9	2117	195
2118	124,8	2118	194
2119	124,8	2119	196
2120	124,6	2120	194
2121	124,6	2121	194
2122	124,5	2122	194
2123	124,5	2123	194
2124	124,5	2124	193
2125	124,5	2125	193
2126	124,5	2126	194
2127	124,4	2127	193
2128	124,4	2128	191
2129	124,3	2129	191
2130	124,3	2130	191
2131	124,1	2131	190
2132	124,1	2132	189
2133	124	2133	191
2134	124	2134	190
2135	124	2135	190
2136	124	2136	189
2137	123,9	2137	190
2138	123,8	2138	190
2139	123,8	2139	189
2140	123,6	2140	188
2141	123,6	2141	189
2142	123,5	2142	188
2143	123,5	2143	188
2144	123,5	2144	187
2145	123,5	2145	187
2146	123,4	2146	187
2147	123,4	2147	186
2148	123,3	2148	185
2149	123,3	2149	185
2150	123,3	2150	185
2151	123,1	2151	186
2152	123,1	2152	185
2153	123	2153	184
2154	123	2154	183
2155	123	2155	185
2156	123	2156	184
2157	123	2157	183
2158	122,9	2158	182
2159	122,9	2159	183
2160	122,8	2160	183
2161	122,8	2161	182
2162	122,6	2162	183
2163	122,6	2163	182
2164	122,6	2164	181
2165	122,5	2165	180
2166	122,5	2166	181
2167	122,5	2167	181
2168	122,5	2168	180
2169	122,4	2169	181
2170	122,4	2170	181
2171	122,3	2171	180
2172	122,3	2172	178
2173	122,1	2173	179
2174	122,1	2174	178
2175	122	2175	177
2176	122	2176	177
2177	122	2177	178
2178	122	2178	177
2179	122	2179	177
2180	121,9	2180	178
2181	121,9	2181	178
2182	121,8	2182	176
2183	121,8	2183	176
2184	121,8	2184	177
2185	121,6	2185	177
2186	121,5	2186	176
2187	121,5	2187	177
2188	121,5	2188	175
2189	121,5	2189	173
2190	121,4	2190	174
2191	121,4	2191	175
2192	121,4	2192	174
2193	121,3	2193	172
2194	121,3	2194	172
2195	121,1	2195	172
2196	121,1	2196	173
2197	121	2197	172
2198	121	2198	173
2199	121	2199	173
2200	120,9	2200	171
2201	120,9	2201	171
2202	120,9	2202	172
2203	120,8	2203	172
2204	120,8	2204	170
2205	120,6	2205	171
2206	120,6	2206	172
2207	120,5	2207	171
2208	120,5	2208	170
2209	120,5	2209	171
2210	120,5	2210	170
2211	120,4	2211	169
2212	120,4	2212	169
2213	120,4	2213	169
2214	120,4	2214	169
2215	120,3	2215	169
2216	120,3	2216	169
2217	120,1	2217	169
2218	120,1	2218	168
2219	120,1	2219	168
2220	120	2220	168
2221	120	2221	167
2222	120	2222	166
2223	120	2223	166
2224	120	2224	166
2225	119,9	2225	167
2226	119,9	2226	166
2227	119,8	2227	166
2228	119,8	2228	166
2229	119,8	2229	166
2230	119,6	2230	165
2231	119,6	2231	165
2232	119,5	2232	165
2233	119,5	2233	165
2234	119,5	2234	165
2235	119,5	2235	164
2236	119,5	2236	164
2237	119,5	2237	163
2238	119,4	2238	164
2239	119,4	2239	163
2240	119,3	2240	162
2241	119,3	2241	161
2242	119,3	2242	163
2243	119,1	2243	162
2244	119,1	2244	162
2245	119,1	2245	161
2246	119	2246	162
2247	119	2247	162
2248	119	2248	162
2249	119	2249	162
2250	119	2250	162
2251	118,9	2251	161
2252	118,9	2252	160
2253	118,9	2253	160
2254	118,8	2254	161
2255	118,8	2255	160
2256	118,6	2256	160
2257	118,6	2257	160
2258	118,5	2258	160
2259	118,5	2259	159
2260	118,5	2260	158
2261	118,5	2261	159
2262	118,4	2262	157
2263	118,4	2263	158
2264	118,3	2264	159
2265	118,3	2265	158
2266	118,1	2266	158
2267	118,1	2267	157
2268	118,1	2268	157
2269	118	2269	156
2270	118	2270	157
2271	118	2271	158
2272	118	2272	157
2273	118	2273	156
2274	117,9	2274	158
2275	117,9	2275	156
2276	117,8	2276	156
2277	117,8	2277	154
2278	117,6	2278	155
2279	117,6	2279	154
2280	117,6	2280	154
2281	117,5	2281	155
2282	117,5	2282	155
2283	117,5	2283	154
2284	117,5	2284	153
2285	117,5	2285	153
2286	117,4	2286	153
2287	117,4	2287	153
2288	117,4	2288	153
2289	117,3	2289	154
2290	117,3	2290	153
2291	117,1	2291	152
2292	117,1	2292	153
2293	117,1	2293	152
2294	117	2294	153
2295	117	2295	152
2296	117	2296	153
2297	117	2297	152
2298	117	2298	151
2299	116,9	2299	150
2300	116,9	2300	150
2301	116,8	2301	150
2302	116,8	2302	149
2303	116,8	2303	150
2304	116,6	2304	150
2305	116,6	2305	150
2306	116,5	2306	149
2307	116,5	2307	150
2308	116,5	2308	149
2309	116,5	2309	148
2310	116,5	2310	148
2311	116,4	2311	150
2312	116,4	2312	149
2313	116,3	2313	148
2314	116,3	2314	146
2315	116,3	2315	147
2316	116,1	2316	146
2317	116,1	2317	147
2318	116,1	2318	148
2319	116	2319	148
2320	116	2320	146
2321	116	2321	146
2322	116	2322	147
2323	116	2323	146
2324	115,9	2324	144
2325	115,9	2325	146
2326	115,9	2326	146
2327	115,9	2327	145
2328	115,8	2328	145
2329	115,8	2329	146
2330	115,6	2330	145
2331	115,6	2331	145
2332	115,6	2332	145
2333	115,5	2333	146
2334	115,5	2334	145
2335	115,5	2335	144
2336	115,5	2336	144
2337	115,5	2337	144
2338	115,4	2338	143
2339	115,4	2339	143
2340	115,3	2340	143
2341	115,3	2341	142
2342	115,3	2342	141
2343	115,1	2343	143
2344	115,1	2344	143
2345	115	2345	142
2346	115	2346	141
2347	115	2347	142
2348	115	2348	141
2349	115	2349	141
2350	114,9	2350	141
2351	114,9	2351	143
2352	114,8	2352	141
2353	114,8	2353	139
2354	114,8	2354	141
2355	114,8	2355	140
2356	114,6	2356	139
2357	114,6	2357	139
2358	114,6	2358	141
2359	114,5	2359	140
2360	114,5	2360	139
2361	114,5	2361	139
2362	114,5	2362	140
2363	114,5	2363	139
2364	114,5	2364	139
2365	114,5	2365	140
2366	114,4	2366	139
2367	114,4	2367	138
2368	114,3	2368	138
2369	114,3	2369	139
2370	114,3	2370	138
2371	114,1	2371	137
2372	114,1	2372	137
2373	114	2373	137
2374	114	2374	136
2375	114	2375	136
2376	114	2376	136
2377	114	2377	136
2378	114	2378	136
2379	113,9	2379	136
2380	113,9	2380	136
2381	113,9	2381	135
2382	113,8	2382	135
2383	113,8	2383	135
2384	113,8	2384	136
2385	113,6	2385	136
2386	113,6	2386	135
2387	113,6	2387	134
2388	113,5	2388	134
2389	113,5	2389	134
2390	113,5	2390	134
2391	113,5	2391	135
2392	113,5	2392	134
2393	113,5	2393	133
2394	113,5	2394	134
2395	113,4	2395	134
2396	113,4	2396	133
2397	113,4	2397	133
2398	113,3	2398	135
2399	113,3	2399	133
2400	113,3	2400	132
2401	113,1	2401	133
2402	113,1	2402	133
2403	113	2403	132
2404	113	2404	131
2405	113	2405	132
2406	113	2406	132
2407	113	2407	132
2408	113	2408	132
2409	113	2409	132
2410	112,9	2410	131
2411	112,9	2411	130
2412	112,8	2412	130
2413	112,8	2413	131
2414	112,6	2414	132
2415	112,6	2415	131
2416	112,5	2416	132
2417	112,5	2417	130
2418	112,5	2418	130
2419	112,5	2419	130
2420	112,4	2420	130
2421	112,4	2421	129
2422	112,4	2422	129
2423	112,3	2423	129
2424	112,3	2424	130
2425	112,3	2425	129
2426	112,1	2426	129
2427	112,1	2427	129
2428	112,1	2428	129
2429	112	2429	128
2430	112	2430	128
2431	112	2431	129
2432	112	2432	127
2433	112	2433	128
2434	112	2434	128
2435	111,9	2435	128
2436	111,9	2436	127
2437	111,9	2437	127
2438	111,8	2438	127
2439	111,8	2439	127
2440	111,6	2440	126
2441	111,6	2441	126
2442	111,6	2442	127
2443	111,6	2443	126
2444	111,5	2444	127
2445	111,5	2445	126
2446	111,5	2446	126
2447	111,5	2447	125
2448	111,5	2448	126
2449	111,5	2449	126
2450	111,5	2450	125
2451	111,4	2451	125
2452	111,4	2452	126
2453	111,3	2453	124
2454	111,3	2454	125
2455	111,3	2455	125
2456	111,1	2456	125
2457	111,1	2457	124
2458	111,1	2458	124
2459	111	2459	125
2460	111	2460	124
2461	111	2461	124
2462	111	2462	123
2463	111	2463	124
2464	110,9	2464	123
2465	110,9	2465	123
2466	110,9	2466	123
2467	110,8	2467	124
2468	110,8	2468	123
2469	110,8	2469	123
2470	110,6	2470	122
2471	110,6	2471	122
2472	110,6	2472	123
2473	110,5	2473	123
2474	110,5	2474	122
2475	110,5	2475	122
2476	110,5	2476	122
2477	110,5	2477	122
2478	110,5	2478	122
2479	110,4	2479	121
2480	110,4	2480	122
2481	110,4	2481	121
2482	110,3	2482	121
2483	110,3	2483	121
2484	110,3	2484	122
2485	110,3	2485	120
2486	110,1	2486	121
2487	110,1	2487	120
2488	110	2488	121
2489	110	2489	120
2490	110	2490	121
2491	110	2491	120
2492	110	2492	121
2493	110	2493	120
2494	110	2494	119
2495	110	2495	119
2496	109,9	2496	119
2497	109,9	2497	119
2498	109,8	2498	119
2499	109,8	2499	119
2500	109,8	2500	118
2501	109,8	2501	119
2502	109,6	2502	119
2503	109,6	2503	119
2504	109,6	2504	118
2505	109,5	2505	117
2506	109,5	2506	117
2507	109,5	2507	118
2508	109,5	2508	118
2509	109,5	2509	117
2510	109,5	2510	117
2511	109,5	2511	118
2512	109,4	2512	116
2513	109,4	2513	117
2514	109,4	2514	117
2515	109,3	2515	117
2516	109,3	2516	116
2517	109,3	2517	117
2518	109,1	2518	117
2519	109,1	2519	116
2520	109	2520	116
2521	109	2521	116
2522	109	2522	115
2523	109	2523	115
2524	109	2524	116
2525	109	2525	116
2526	109	2526	116
2527	108,9	2527	115
2528	108,9	2528	116
2529	108,8	2529	115
2530	108,8	2530	115
2531	108,8	2531	114
2532	108,8	2532	115
2533	108,6	2533	114
2534	108,6	2534	113
2535	108,6	2535	113
2536	108,6	2536	114
2537	108,5	2537	114
2538	108,5	2538	114
2539	108,5	2539	113
2540	108,5	2540	114
2541	108,5	2541	113
2542	108,5	2542	114
2543	108,5	2543	114
2544	108,5	2544	112
2545	108,5	2545	112
2546	108,4	2546	113
2547	108,4	2547	113
2548	108,4	2548	113
2549	108,3	2549	113
2550	108,3	2550	112
2551	108,3	2551	112
2552	108,3	2552	112
2553	108,1	2553	112
2554	108,1	2554	112
2555	108	2555	112
2556	108	2556	111
2557	108	2557	111
2558	108	2558	111
2559	108	2559	111
2560	108	2560	111
2561	108	2561	110
2562	107,9	2562	110
2563	107,9	2563	110
2564	107,9	2564	111
2565	107,8	2565	112
2566	107,8	2566	112
2567	107,8	2567	110
2568	107,6	2568	110
2569	107,6	2569	109
2570	107,6	2570	110
2571	107,6	2571	110
2572	107,5	2572	110
2573	107,5	2573	110
2574	107,5	2574	109
2575	107,5	2575	110
2576	107,5	2576	110
2577	107,4	2577	109
2578	107,4	2578	109
2579	107,4	2579	109
2580	107,3	2580	109
2581	107,3	2581	108
2582	107,3	2582	108
2583	107,3	2583	109
2584	107,1	2584	108
2585	107,1	2585	107
2586	107,1	2586	108
2587	107	2587	109
2588	107	2588	109
2589	107	2589	107
2590	107	2590	108
2591	107	2591	108
2592	107	2592	108
2593	107	2593	108
2594	106,9	2594	108
2595	106,9	2595	107
2596	106,9	2596	108
2597	106,9	2597	107
2598	106,8	2598	107
2599	106,8	2599	106
2600	106,8	2600	107
2601	106,6	2601	106
2602	106,6	2602	107
2603	106,6	2603	107
2604	106,6	2604	107
2605	106,5	2605	107
2606	106,5	2606	106
2607	106,5	2607	106
2608	106,5	2608	105
2609	106,5	2609	106
2610	106,5	2610	106
2611	106,5	2611	105
2612	106,5	2612	105
2613	106,4	2613	104
2614	106,4	2614	105
2615	106,4	2615	105
2616	106,4	2616	105
2617	106,3	2617	104
2618	106,3	2618	105
2619	106,3	2619	105
2620	106,1	2620	104
2621	106,1	2621	104
2622	106,1	2622	105
2623	106	2623	105
2624	106	2624	105
2625	106	2625	104
2626	106	2626	105
2627	106	2627	104
2628	106	2628	103
2629	106	2629	103
2630	105,9	2630	104
2631	105,9	2631	104
2632	105,9	2632	104
2633	105,8	2633	103
2634	105,8	2634	103
2635	105,8	2635	101
2636	105,6	2636	102
2637	105,6	2637	102
2638	105,6	2638	103
2639	105,5	2639	101
2640	105,5	2640	102
2641	105,5	2641	103
2642	105,5	2642	102
2643	105,5	2643	101
2644	105,5	2644	102
2645	105,4	2645	102
2646	105,4	2646	102
2647	105,4	2647	102
2648	105,4	2648	102
2649	105,3	2649	101
2650	105,3	2650	101
2651	105,3	2651	101
2652	105,1	2652	101
2653	105,1	2653	101
2654	105,1	2654	101
2655	105,1	2655	101
2656	105	2656	100
2657	105	2657	101
2658	105	2658	101
2659	105	2659	102
2660	105	2660	101
2661	105	2661	100
2662	105	2662	101
2663	105	2663	100
2664	105	2664	100
2665	105	2665	100
2666	104,9	2666	101
2667	104,9	2667	100
2668	104,9	2668	100
2669	104,9	2669	100
2670	104,8	2670	99
2671	104,8	2671	100
2672	104,8	2672	99
2673	104,6	2673	100
2674	104,6	2674	99
2675	104,6	2675	99
2676	104,5	2676	99
2677	104,5	2677	98
2678	104,5	2678	98
2679	104,5	2679	99
2680	104,5	2680	98
2681	104,5	2681	98
2682	104,5	2682	98
2683	104,4	2683	98
2684	104,4	2684	98
2685	104,4	2685	98
2686	104,3	2686	97
2687	104,3	2687	98
2688	104,3	2688	97
2689	104,1	2689	97
2690	104,1	2690	97
2691	104,1	2691	98
2692	104	2692	97
2693	104	2693	97
2694	104	2694	97
2695	104	2695	98
2696	104	2696	97
2697	104	2697	96
2698	104	2698	97
2699	103,9	2699	97
2700	103,9	2700	97
2701	103,9	2701	96
2702	103,9	2702	97
2703	103,8	2703	96
2704	103,8	2704	96
2705	103,8	2705	96
2706	103,8	2706	97
2707	103,6	2707	96
2708	103,6	2708	96
2709	103,6	2709	95
2710	103,6	2710	95
2711	103,6	2711	94
2712	103,5	2712	95
2713	103,5	2713	95
2714	103,5	2714	95
2715	103,5	2715	94
2716	103,5	2716	95
2717	103,5	2717	95
2718	103,5	2718	95
2719	103,5	2719	95
2720	103,4	2720	96
2721	103,4	2721	94
2722	103,4	2722	94
2723	103,4	2723	94
2724	103,4	2724	95
2725	103,3	2725	94
2726	103,3	2726	93
2727	103,3	2727	94
2728	103,3	2728	95
2729	103,1	2729	95
2730	103,1	2730	94
2731	103,1	2731	95
2732	103,1	2732	95
2733	103	2733	94
2734	103	2734	93
2735	103	2735	94
2736	103	2736	93
2737	103	2737	93
2738	103	2738	94
2739	102,9	2739	94
2740	102,9	2740	93
2741	102,9	2741	93
2742	102,9	2742	92
2743	102,8	2743	93
2744	102,8	2744	92
2745	102,8	2745	92
2746	102,6	2746	93
2747	102,6	2747	93
2748	102,6	2748	92
2749	102,6	2749	91
2750	102,6	2750	91
2751	102,5	2751	91
2752	102,5	2752	92
2753	102,5	2753	91
2754	102,5	2754	92
2755	102,5	2755	92
2756	102,5	2756	93
2757	102,5	2757	92
2758	102,5	2758	91
2759	102,5	2759	92
2760	102,5	2760	92
2761	102,4	2761	91
2762	102,4	2762	91
2763	102,4	2763	91
2764	102,4	2764	92
2765	102,3	2765	92
2766	102,3	2766	90
2767	102,3	2767	90
2768	102,3	2768	91
2769	102,3	2769	92
2770	102,1	2770	91
2771	102,1	2771	91
2772	102,1	2772	90
2773	102,1	2773	90
2774	102	2774	90
2775	102	2775	91
2776	102	2776	90
2777	102	2777	89
2778	102	2778	90
2779	102	2779	89
2780	102	2780	88
2781	101,9	2781	89
2782	101,9	2782	89
2783	101,9	2783	88
2784	101,8	2784	89
2785	101,8	2785	88
2786	101,8	2786	89
2787	101,6	2787	88
2788	101,6	2788	89
2789	101,6	2789	89
2790	101,6	2790	89
2791	101,6	2791	88
2792	101,6	2792	88
2793	101,5	2793	88
2794	101,5	2794	88
2795	101,5	2795	89
2796	101,5	2796	89
2797	101,5	2797	88
2798	101,5	2798	88
2799	101,5	2799	89
2800	101,5	2800	88
2801	101,5	2801	88
2802	101,4	2802	87
2803	101,4	2803	89
2804	101,4	2804	88
2805	101,3	2805	87
2806	101,3	2806	86
2807	101,3	2807	87
2808	101,3	2808	87
2809	101,1	2809	87
2810	101,1	2810	87
2811	101,1	2811	87
2812	101	2812	86
2813	101	2813	87
2814	101	2814	87
2815	101	2815	87
2816	101	2816	86
2817	101	2817	86
2818	101	2818	87
2819	101	2819	86
2820	100,9	2820	87
2821	100,9	2821	87
2822	100,9	2822	87
2823	100,9	2823	86
2824	100,9	2824	87
2825	100,9	2825	87
2826	100,8	2826	86
2827	100,8	2827	86
2828	100,8	2828	86
2829	100,8	2829	86
2830	100,8	2830	85
2831	100,8	2831	85
2832	100,6	2832	85
2833	100,6	2833	86
2834	100,6	2834	85
2835	100,5	2835	85
2836	100,5	2836	85
2837	100,5	2837	85
2838	100,5	2838	85
2839	100,5	2839	85
2840	100,5	2840	85
2841	100,5	2841	86
2842	100,5	2842	85
2843	100,5	2843	86
2844	100,4	2844	85
2845	100,4	2845	84
2846	100,4	2846	84
2847	100,3	2847	85
2848	100,3	2848	85
2849	100,3	2849	85
2850	100,3	2850	85
2851	100,3	2851	85
2852	100,1	2852	85
2853	100,1	2853	84
2854	100,1	2854	83
2855	100,1	2855	82
2856	100,1	2856	83
2857	100,1	2857	83
2858	100	2858	84
2859	100	2859	84
2860	100	2860	84
2861	100	2861	83
2862	100	2862	84
2863	100	2863	83
2864	100	2864	84
2865	100	2865	84
2866	99,9	2866	84
2867	99,9	2867	84
2868	99,9	2868	84
2869	99,8	2869	84
2870	99,8	2870	83
2871	99,8	2871	82
2872	99,8	2872	82
2873	99,8	2873	82
2874	99,6	2874	83
2875	99,6	2875	82
2876	99,6	2876	83
2877	99,6	2877	82
2878	99,6	2878	82
2879	99,6	2879	82
2880	99,5	2880	82
2881	99,5	2881	82
2882	99,5	2882	82
2883	99,5	2883	82
2884	99,5	2884	81
2885	99,5	2885	82
2886	99,5	2886	82
2887	99,5	2887	82
2888	99,5	2888	82
2889	99,4	2889	82
2890	99,4	2890	82
2891	99,4	2891	82
2892	99,3	2892	81
2893	99,3	2893	80
2894	99,3	2894	80
2895	99,1	2895	80
2896	99	2896	80
2897	99	2897	79
2898	99	2898	78
2899	98,9	2899	79
2900	98,8	2900	79
2901	98,8	2901	77
2902	98,6	2902	77
2903	98,5	2903	78
2904	98,5	2904	77
2905	98,4	2905	77
2906	98,3	2906	77
2907	98,3	2907	77
2908	98,1	2908	78
2909	98	2909	78
2910	98	2910	77
2911	98	2911	76
2912	97,9	2912	75
2913	97,8	2913	75
2914	97,8	2914	75
2915	97,6	2915	75
2916	97,5	2916	75
2917	97,5	2917	74
2918	97,5	2918	74
2919	97,4	2919	75
2920	97,4	2920	75
2921	97,3	2921	73
2922	97,1	2922	74
2923	97	2923	74
2924	97	2924	74
2925	97	2925	75
2926	97	2926	74
2927	96,9	2927	73
2928	96,8	2928	73
2929	96,8	2929	74
2930	96,6	2930	74
2931	96,5	2931	73
2932	96,5	2932	73
2933	96,5	2933	72
2934	96,4	2934	72
2935	96,3	2935	71
2936	96,3	2936	71
2937	96,1	2937	72
2938	96	2938	72
2939	96	2939	71
2940	96	2940	71
2941	95,9	2941	71
2942	95,9	2942	70
2943	95,8	2943	70
2944	95,6	2944	69
2945	95,6	2945	69
2946	95,5	2946	69
2947	95,5	2947	71
2948	95,5	2948	70
2949	95,5	2949	69
2950	95,4	2950	69
2951	95,3	2951	70
2952	95,3	2952	69
2953	95,1	2953	69
2954	95	2954	68
2955	95	2955	68
2956	95	2956	68
2957	94,9	2957	68
2958	94,9	2958	68
2959	94,8	2959	68
2960	94,8	2960	67
2961	94,6	2961	68
2962	94,6	2962	67
2963	94,5	2963	66
2964	94,5	2964	67
2965	94,5	2965	68
2966	94,5	2966	68
2967	94,4	2967	67
2968	94,3	2968	67
2969	94,3	2969	67
2970	94,3	2970	66
2971	94,1	2971	66
2972	94	2972	66
2973	94	2973	66
2974	94	2974	66
2975	94	2975	66
2976	93,9	2976	65
2977	93,9	2977	66
2978	93,8	2978	65
2979	93,8	2979	64
2980	93,6	2980	64
2981	93,6	2981	65
2982	93,5	2982	65
2983	93,5	2983	64
2984	93,5	2984	64
2985	93,5	2985	65
2986	93,4	2986	65
2987	93,4	2987	64
2988	93,4	2988	64
2989	93,3	2989	63
2990	93,3	2990	62
2991	93,3	2991	63
2992	93,1	2992	64
2993	93,1	2993	63
2994	93	2994	63
2995	93	2995	63
2996	93	2996	62
2997	93	2997	62
2998	93	2998	63
2999	92,9	2999	63
3000	92,9	3000	63
3001	92,9	3001	63
3002	92,8	3002	62
3003	92,8	3003	62
3004	92,6	3004	63
3005	92,6	3005	62
3006	92,6	3006	63
3007	92,5	3007	63
3008	92,5	3008	62
3009	92,5	3009	62
3010	92,5	3010	62
3011	92,5	3011	63
3012	92,4	3012	64
3013	92,4	3013	63
3014	92,4	3014	63
3015	92,3	3015	61
3016	92,3	3016	61
3017	92,3	3017	63
3018	92,3	3018	62
3019	92,1	3019	61
3020	92,1	3020	61
3021	92,1	3021	62
3022	92	3022	62
3023	92	3023	62
3024	92	3024	61
3025	92	3025	60
3026	92	3026	62
3027	92	3027	62
3028	92	3028	60
3029	91,9	3029	61
3030	91,9	3030	62
3031	91,9	3031	60
3032	91,9	3032	60
3033	91,8	3033	61
3034	91,8	3034	62
3035	91,8	3035	62
3036	91,8	3036	59
3037	91,6	3037	59
3038	91,6	3038	60
3039	91,6	3039	60
3040	91,6	3040	60
3041	91,6	3041	61
3042	91,5	3042	60
3043	91,5	3043	60
3044	91,5	3044	61
3045	91,5	3045	61
3046	91,5	3046	61
3047	91,5	3047	61
3048	91,5	3048	61
3049	91,5	3049	59
3050	91,5	3050	59
3051	91,5	3051	60
3052	91,5	3052	61
3053	91,5	3053	59
3054	91,4	3054	60
3055	91,4	3055	61
3056	91,4	3056	61
3057	91,4	3057	60
3058	91,4	3058	60
3059	91,4	3059	60
3060	91,4	3060	60
3061	91,4	3061	60
3062	91,4	3062	60
3063	91,4	3063	59
3064	91,4	3064	59
3065	91,4	3065	60
3066	91,4	3066	59
3067	91,4	3067	59
3068	91,4	3068	60
3069	91,4	3069	59
3070	91,4	3070	59
3071	91,4	3071	59
3072	91,3	3072	60
3073	91,3	3073	60
3074	91,3	3074	58
3075	91,3	3075	59
3076	91,3	3076	60
3077	91,3	3077	59
3078	91,3	3078	59
3079	91,3	3079	59
3080	91,3	3080	60
3081	91,3	3081	59
3082	91,3	3082	59
3083	91,3	3083	60
3084	91,3	3084	59
3085	91,3	3085	58
3086	91,3	3086	58
3087	91,3	3087	60
3088	91,3	3088	60
3089	91,3	3089	61
3090	91,3	3090	60
3091	91,3	3091	60
3092	91,3	3092	60
3093	91,3	3093	60
3094	91,3	3094	58
3095	91,3	3095	58
3096	91,3	3096	59
3097	91,3	3097	58
3098	91,3	3098	60
3099	91,3	3099	59
3100	91,3	3100	58
3101	91,3	3101	58
3102	91,3	3102	59
3103	91,1	3103	58
3104	91,1	3104	59
3105	91,1	3105	59
3106	91,1	3106	58
3107	91,1	3107	59
3108	91,1	3108	60
3109	91,3	3109	59
3110	91,3	3110	59
3111	91,3	3111	60
3112	91,1	3112	59
3113	91,1	3113	59
3114	91,1	3114	59
3115	91,1	3115	61
3116	91,1	3116	60
3117	91,3	3117	59
3118	91,3	3118	60
3119	91,3	3119	60
3120	91,3	3120	60
3121	91,3	3121	60
3122	91,3	3122	59
3123	91,3	3123	59
3124	91,3	3124	59
3125	91,1	3125	59
3126	91,1	3126	60
3127	91,1	3127	60
3128	91,3	3128	59
3129	91,3	3129	60
3130	91,3	3130	60
3131	91,3	3131	60
3132	91,1	3132	60
3133	91,3	3133	61
3134	91,3	3134	59
3135	91,3	3135	59
3136	91,3	3136	60
3137	91,3	3137	59
3138	91,3	3138	60
3139	91,3	3139	60
3140	91,3	3140	60
3141	91,3	3141	61
3142	91,3	3142	61
3143	91,3	3143	61
3144	91,1	3144	60
3145	91,1	3145	61
3146	91,1	3146	61
3147	91,1	3147	60
3148	91,1	3148	59
3149	91,1	3149	60
3150	91,1	3150	61
3151	91,1	3151	60
3152	91,1	3152	59
3153	91,1	3153	59
3154	91,1	3154	59
3155	91,1	3155	59
3156	91,1	3156	58
3157	91,1	3157	59
3158	91,1	3158	59
3159	91,1	3159	58
3160	91,1	3160	58
3161	91,3	3161	59
3162	91,3	3162	58
3163	91,3	3163	59
3164	91,3	3164	60
3165	91,1	3165	60
3166	91,1	3166	61
3167	91,1	3167	60
3168	91	3168	60
3169	91	3169	60
3170	90,9	3170	59
3171	90,6	3171	58
3172	90,5	3172	58
3173	90,4	3173	59
3174	90	3174	59
3175	90	3175	59
3176	89,6	3176	59
3177	89,5	3177	59
3178	89,1	3178	59
3179	89	3179	60
3180	88,6	3180	60
3181	88,4	3181	59
3182	88	3182	59
3183	87,8	3183	60
3184	87,5	3184	60
3185	87,3	3185	60
