Time - Temeperatura (°C)	Temperatura (°C) & Presión (kPa) - Temeperatura (°C)	Time - Presión (kPa)	Temperatura (°C) & Presión (kPa) - Presión (kPa)			
0	48,4	0	59			
1	48,4	1	59			
2	48,4	2	60			
3	48,4	3	60			
4	48,4	4	61			
5	48,4	5	61			
6	48,5	6	60			
7	48,5	7	60			
8	48,5	8	60			
9	48,5	9	60			
10	48,5	10	60			
11	48,5	11	59			
12	48,5	12	58			
13	48,5	13	59			
14	48,5	14	59			
15	48,5	15	60			
16	48,5	16	60			
17	48,5	17	59			
18	48,5	18	58			
19	48,5	19	60			
20	48,5	20	60			
21	48,7	21	60			
22	48,7	22	60			
23	48,7	23	60			
24	48,7	24	60			
25	48,7	25	60			121,8
26	48,7	26	60			
27	48,7	27	60			
28	48,7	28	59			
29	48,7	29	60			
30	48,7	30	60			
31	48,7	31	59			
32	48,7	32	60			
33	48,7	33	60			
34	48,7	34	59			
35	48,7	35	59			
36	48,7	36	59			
37	48,7	37	58			
38	48,7	38	59			
39	48,7	39	60			
40	48,7	40	61			
41	48,7	41	60			
42	48,7	42	60			
43	48,7	43	60			
44	48,7	44	60			
45	48,7	45	59			
46	48,7	46	59			
47	48,7	47	58			
48	48,7	48	59			
49	48,7	49	60			
50	48,7	50	60			
51	48,7	51	61			
52	48,7	52	60			
53	48,7	53	60			
54	48,7	54	60			
55	48,9	55	59			
56	48,7	56	59			
57	48,9	57	59			
58	48,9	58	60			
59	48,9	59	60			
60	48,9	60	60			
61	48,9	61	60			
62	48,9	62	60			
63	48,9	63	59			
64	48,9	64	60			
65	48,9	65	60			
66	48,9	66	60			
67	48,9	67	59			
68	48,9	68	60			
69	48,9	69	60			
70	48,9	70	60			
71	48,9	71	60			
72	48,9	72	61			
73	48,9	73	61			
74	48,9	74	60			
75	48,9	75	60			
76	48,7	76	60			
77	48,7	77	61			
78	48,7	78	61			
79	48,7	79	61			
80	48,7	80	60			
81	48,7	81	61			
82	48,7	82	60			
83	48,7	83	60			
84	48,7	84	60			
85	48,7	85	59			
86	48,7	86	60			
87	48,7	87	60			
88	48,7	88	60			
89	48,7	89	60			
90	48,7	90	60			
91	48,7	91	60			
92	48,7	92	60			
93	48,7	93	60			
94	48,7	94	60			
95	48,7	95	61			
96	48,7	96	61			
97	48,7	97	59			
98	48,7	98	59			
99	48,7	99	60			
100	48,7	100	60			
101	48,7	101	61			
102	48,7	102	60			
103	48,7	103	60			
104	48,7	104	60			
105	48,7	105	60			
106	48,7	106	60			
107	48,7	107	60			
108	48,7	108	59			
109	48,7	109	59			
110	48,7	110	59			
111	48,7	111	59			
112	48,7	112	60			
113	48,7	113	61			
114	48,7	114	61			
115	48,7	115	60			
116	48,7	116	60			
117	48,7	117	60			
118	48,7	118	61			
119	48,7	119	60			
120	48,7	120	59			
121	48,7	121	60			
122	48,7	122	60			
123	48,7	123	60			
124	48,7	124	59			
125	48,5	125	60			
126	48,5	126	60			
127	48,5	127	60			
128	48,5	128	60			
129	48,5	129	60			
130	48,5	130	60			
131	48,5	131	60			
132	48,7	132	60			
133	48,7	133	59			
134	48,7	134	59			
135	48,7	135	60			
136	48,7	136	60			
137	48,7	137	60			
138	48,7	138	60			
139	48,7	139	60			
140	48,7	140	60			
141	48,7	141	60			
142	48,7	142	59			
143	48,7	143	59			
144	48,7	144	60			
145	48,9	145	60			
146	48,9	146	60			
147	48,9	147	60			
148	48,9	148	59			
149	48,9	149	60			
150	48,9	150	59			
151	49	151	59			
152	49	152	60			
153	49	153	60			
154	49	154	60			
155	49	155	60			
156	49	156	60			
157	49	157	60			
158	49,2	158	60			
159	49,2	159	60			
160	49,2	160	60			
161	49,2	161	60			
162	49,2	162	61			
163	49,4	163	61			
164	49,4	164	60			
165	49,4	165	60			
166	49,5	166	59			
167	49,5	167	60			
168	49,5	168	60			
169	49,7	169	59			
170	49,7	170	59			
171	49,7	171	59			
172	49,7	172	59			
173	49,7	173	60			
174	49,9	174	60			
175	49,9	175	59			
176	50	176	60			
177	50	177	60			
178	50	178	60			
179	50	179	59			
180	50,2	180	61			
181	50,2	181	60			
182	50,2	182	59			
183	50,4	183	59			
184	50,4	184	59			
185	50,5	185	60			
186	50,5	186	60			
187	50,5	187	60			
188	50,7	188	60			
189	50,7	189	60			
190	50,7	190	60			
191	50,9	191	60			
192	51	192	61			
193	51	193	60			
194	51	194	59			
195	51,2	195	60			
196	51,2	196	60			
197	51,2	197	60			
198	51,2	198	58			
199	51,4	199	59			
200	51,5	200	59			
201	51,5	201	60			
202	51,5	202	60			
203	51,7	203	59			
204	51,7	204	59			
205	51,7	205	59			
206	51,7	206	60			
207	51,9	207	60			
208	51,9	208	60			
209	52	209	60			
210	52	210	60			
211	52	211	60			
212	52	212	60			
213	52,2	213	60			
214	52,2	214	59			
215	52,2	215	59			
216	52,4	216	59			
217	52,4	217	60			
218	52,5	218	60			
219	52,5	219	60			
220	52,5	220	60			
221	52,7	221	60			
222	52,7	222	59			
223	52,7	223	59			
224	52,7	224	59			
225	52,9	225	59			
226	53	226	60			
227	53	227	60			
228	53	228	60			
229	53,2	229	59			
230	53,2	230	60			
231	53,2	231	60			
232	53,2	232	60			
233	53,4	233	60			
234	53,4	234	60			
235	53,5	235	59			
236	53,5	236	60			
237	53,7	237	59			
238	53,7	238	60			
239	53,7	239	60			
240	53,9	240	60			
241	53,9	241	61			
242	54	242	60			
243	54	243	60			
244	54	244	61			
245	54,2	245	60			
246	54,2	246	60			
247	54,2	247	60			
248	54,4	248	60			
249	54,4	249	61			
250	54,5	250	61			
251	54,5	251	60			
252	54,5	252	60			
253	54,7	253	60			
254	54,7	254	60			
255	54,7	255	60			
256	54,9	256	60			
257	55	257	60			
258	55	258	60			
259	55	259	60			
260	55,2	260	61			
261	55,2	261	60			
262	55,4	262	60			
263	55,4	263	61			
264	55,5	264	61			
265	55,5	265	61			
266	55,5	266	61			
267	55,7	267	60			
268	55,7	268	60			
269	55,9	269	61			
270	56	270	61			
271	56	271	61			
272	56	272	61			
273	56,2	273	60			
274	56,2	274	60			
275	56,4	275	60			
276	56,5	276	60			
277	56,5	277	60			
278	56,5	278	60			
279	56,7	279	61			
280	56,7	280	61			
281	56,9	281	61			
282	57	282	61			
283	57	283	61			
284	57,2	284	61			
285	57,2	285	61			
286	57,4	286	61			
287	57,5	287	61			
288	57,7	288	62			
289	57,7	289	62			
290	57,9	290	62			
291	58	291	62			
292	58	292	61			
293	58,2	293	60			
294	58,4	294	60			
295	58,5	295	61			
296	58,7	296	61			
297	58,7	297	61			
298	58,9	298	62			
299	59	299	61			
300	59	300	60			
301	59,2	301	60			
302	59,4	302	60			
303	59,5	303	60			
304	59,5	304	60			
305	59,7	305	61			
306	59,9	306	61			
307	60	307	61			
308	60	308	61			
309	60,2	309	61			
310	60,2	310	60			
311	60,4	311	60			
312	60,5	312	61			
313	60,5	313	60			
314	60,7	314	60			
315	60,9	315	60			
316	61	316	60			
317	61	317	60			
318	61,2	318	61			
319	61,2	319	60			
320	61,4	320	60			
321	61,5	321	61			
322	61,5	322	60			
323	61,7	323	60			
324	61,7	324	61			
325	61,9	325	61			
326	62	326	61			
327	62	327	61			
328	62,2	328	61			
329	62,2	329	61			
330	62,4	330	60			
331	62,4	331	61			
332	62,5	332	61			
333	62,7	333	61			
334	62,7	334	61			
335	62,9	335	60			
336	63	336	60			
337	63	337	61			
338	63,2	338	60			
339	63,4	339	60			
340	63,5	340	60			
341	63,5	341	60			
342	63,7	342	61			
343	63,7	343	60			
344	63,9	344	60			
345	64	345	61			
346	64,1	346	60			
347	64,3	347	60			
348	64,4	348	60			
349	64,5	349	60			
350	64,5	350	60			
351	64,6	351	61			
352	64,8	352	61			
353	64,9	353	61			
354	65	354	61			
355	65	355	61			
356	65,1	356	60			
357	65,3	357	60			
358	65,4	358	60			
359	65,5	359	60			
360	65,5	360	60			
361	65,6	361	60			
362	65,8	362	60			
363	65,9	363	60			
364	66	364	60			
365	66	365	60			
366	66	366	60			
367	66,1	367	61			
368	66,3	368	61			
369	66,4	369	60			
370	66,5	370	60			
371	66,5	371	61			
372	66,6	372	62			
373	66,6	373	60			
374	66,8	374	59			
375	66,9	375	60			
376	67	376	61			
377	67	377	61			
378	67,1	378	60			
379	67,1	379	59			
380	67,3	380	60			
381	67,4	381	60			
382	67,5	382	60			
383	67,5	383	60			
384	67,6	384	60			
385	67,8	385	61			
386	67,9	386	60			
387	68	387	60			
388	68	388	59			
389	68,1	389	60			
390	68,3	390	60			
391	68,3	391	60			
392	68,4	392	60			
393	68,5	393	61			
394	68,5	394	61			
395	68,6	395	60			
396	68,6	396	60			
397	68,8	397	60			
398	68,9	398	60			
399	69	399	61			
400	69	400	61			
401	69	401	61			
402	69,1	402	60			
403	69,3	403	60			
404	69,4	404	60			
405	69,4	405	61			
406	69,5	406	60			
407	69,5	407	61			
408	69,6	408	61			
409	69,8	409	61			
410	69,9	410	60			
411	70	411	60			
412	70	412	60			
413	70	413	61			
414	70,1	414	61			
415	70,3	415	61			
416	70,4	416	61			
417	70,5	417	61			
418	70,5	418	61			
419	70,5	419	60			
420	70,6	420	60			
421	70,8	421	61			
422	70,9	422	61			
423	70,9	423	61			
424	71	424	61			
425	71	425	61			
426	71	426	60			
427	71,1	427	60			
428	71,3	428	60			
429	71,3	429	60			
430	71,4	430	60			
431	71,5	431	60			
432	71,5	432	60			
433	71,5	433	60			
434	71,6	434	61			
435	71,6	435	61			
436	71,8	436	61			
437	71,8	437	61			
438	71,9	438	60			
439	71,9	439	61			
440	72	440	60			
441	72	441	60			
442	72	442	60			
443	72,1	443	60			
444	72,1	444	60			
445	72,3	445	60			
446	72,3	446	60			
447	72,4	447	60			
448	72,5	448	60			
449	72,5	449	60			
450	72,5	450	59			
451	72,6	451	59			
452	72,6	452	61			
453	72,8	453	62			
454	72,9	454	61			
455	73	455	60			
456	73	456	60			
457	73	457	60			
458	73,1	458	59			
459	73,1	459	59			
460	73,3	460	60			
461	73,3	461	60			
462	73,4	462	60			
463	73,5	463	60			
464	73,5	464	60			
465	73,5	465	60			
466	73,5	466	60			
467	73,6	467	60			
468	73,6	468	60			
469	73,8	469	60			
470	73,8	470	60			
471	73,9	471	61			
472	73,9	472	61			
473	74	473	61			
474	74	474	60			
475	74	475	60			
476	74	476	60			
477	74,1	477	60			
478	74,1	478	60			
479	74,3	479	60			
480	74,4	480	60			
481	74,4	481	61			
482	74,5	482	61			
483	74,5	483	61			
484	74,5	484	60			
485	74,6	485	60			
486	74,8	486	60			
487	74,8	487	60			
488	74,9	488	61			
489	75	489	62			
490	75	490	62			
491	75	491	61			
492	75,1	492	61			
493	75,3	493	61			
494	75,4	494	60			
495	75,4	495	61			
496	75,5	496	61			
497	75,5	497	60			
498	75,5	498	60			
499	75,6	499	61			
500	75,8	500	61			
501	75,8	501	60			
502	75,9	502	61			
503	76	503	61			
504	76	504	61			
505	76	505	61			
506	76	506	61			
507	76,1	507	61			
508	76,1	508	61			
509	76,1	509	61			
510	76,3	510	61			
511	76,4	511	61			
512	76,4	512	60			
513	76,4	513	60			
514	76,5	514	62			
515	76,5	515	62			
516	76,5	516	62			
517	76,6	517	62			
518	76,6	518	61			
519	76,8	519	60			
520	76,8	520	61			
521	76,9	521	61			
522	76,9	522	61			
523	77	523	60			
524	77	524	61			
525	77	525	60			
526	77,1	526	60			
527	77,1	527	61			
528	77,1	528	61			
529	77,3	529	61			
530	77,4	530	61			
531	77,4	531	61			
532	77,5	532	60			
533	77,5	533	60			
534	77,5	534	61			
535	77,5	535	60			
536	77,5	536	61			
537	77,6	537	60			
538	77,6	538	60			
539	77,8	539	61			
540	77,9	540	62			
541	77,9	541	61			
542	78	542	61			
543	78	543	61			
544	78	544	61			
545	78	545	61			
546	78,1	546	62			
547	78,1	547	62			
548	78,3	548	62			
549	78,3	549	61			
550	78,4	550	62			
551	78,4	551	61			
552	78,5	552	60			
553	78,5	553	60			
554	78,5	554	61			
555	78,6	555	60			
556	78,6	556	61			
557	78,8	557	61			
558	78,8	558	61			
559	78,9	559	62			
560	78,9	560	62			
561	79	561	62			
562	79	562	61			
563	79	563	61			
564	79,1	564	61			
565	79,1	565	62			
566	79,3	566	62			
567	79,3	567	61			
568	79,4	568	61			
569	79,4	569	61			
570	79,5	570	61			
571	79,5	571	61			
572	79,5	572	61			
573	79,5	573	62			
574	79,6	574	61			
575	79,6	575	60			
576	79,8	576	61			
577	79,9	577	61			
578	79,9	578	61			
579	80	579	61			
580	80	580	62			
581	80	581	62			
582	80	582	62			
583	80,1	583	61			
584	80,3	584	61			
585	80,3	585	62			
586	80,4	586	62			
587	80,4	587	61			
588	80,5	588	62			
589	80,5	589	62			
590	80,5	590	62			
591	80,5	591	61			
592	80,6	592	61			
593	80,6	593	62			
594	80,6	594	61			
595	80,8	595	61			
596	80,8	596	61			
597	80,9	597	62			
598	80,9	598	61			
599	81	599	61			
600	81	600	60			
601	81	601	61			
602	81	602	61			
603	81,1	603	61			
604	81,1	604	61			
605	81,3	605	61			
606	81,3	606	62			
607	81,4	607	62			
608	81,4	608	62			
609	81,5	609	62			
610	81,5	610	61			
611	81,5	611	61			
612	81,5	612	62			
613	81,6	613	61			
614	81,6	614	61			
615	81,6	615	61			
616	81,8	616	61			
617	81,8	617	62			
618	81,9	618	62			
619	81,9	619	61			
620	82	620	62			
621	82	621	62			
622	82	622	61			
623	82	623	61			
624	82,1	624	62			
625	82,1	625	61			
626	82,1	626	61			
627	82,3	627	62			
628	82,3	628	62			
629	82,4	629	62			
630	82,4	630	61			
631	82,5	631	61			
632	82,5	632	62			
633	82,5	633	62			
634	82,5	634	62			
635	82,6	635	62			
636	82,6	636	62			
637	82,8	637	61			
638	82,8	638	62			
639	82,9	639	62			
640	82,9	640	62			
641	83	641	62			
642	83	642	61			
643	83	643	61			
644	83	644	61			
645	83,1	645	62			
646	83,1	646	61			
647	83,3	647	61			
648	83,3	648	62			
649	83,4	649	62			
650	83,5	650	62			
651	83,5	651	63			
652	83,5	652	63			
653	83,5	653	63			
654	83,6	654	63			
655	83,6	655	63			
656	83,8	656	63			
657	83,8	657	62			
658	83,9	658	61			
659	83,9	659	62			
660	84	660	63			
661	84	661	63			
662	84	662	62			
663	84	663	62			
664	84	664	63			
665	84,1	665	62			
666	84,1	666	62			
667	84,3	667	62			
668	84,3	668	63			
669	84,3	669	63			
670	84,4	670	63			
671	84,4	671	64			
672	84,5	672	63			
673	84,5	673	63			
674	84,5	674	63			
675	84,5	675	63			
676	84,6	676	63			
677	84,6	677	62			
678	84,8	678	62			
679	84,8	679	62			
680	84,9	680	62			
681	84,9	681	63			
682	85	682	63			
683	85	683	64			
684	85	684	63			
685	85	685	63			
686	85,1	686	62			
687	85,1	687	63			
688	85,1	688	63			
689	85,3	689	63			
690	85,3	690	64			
691	85,4	691	64			
692	85,4	692	64			
693	85,5	693	63			
694	85,5	694	63			
695	85,5	695	63			
696	85,5	696	63			
697	85,5	697	63			
698	85,5	698	63			
699	85,6	699	63			
700	85,6	700	63			
701	85,6	701	63			
702	85,8	702	64			
703	85,8	703	65			
704	85,8	704	63			
705	85,9	705	63			
706	85,9	706	64			
707	86	707	64			
708	86	708	64			
709	86	709	64			
710	86	710	65			
711	86	711	64			
712	86,1	712	63			
713	86,1	713	63			
714	86,1	714	63			
715	86,3	715	64			
716	86,3	716	64			
717	86,4	717	64			
718	86,4	718	63			
719	86,5	719	63			
720	86,5	720	64			
721	86,5	721	64			
722	86,5	722	64			
723	86,6	723	64			
724	86,6	724	64			
725	86,8	725	65			
726	86,8	726	65			
727	86,9	727	65			
728	86,9	728	65			
729	86,9	729	64			
730	87	730	64			
731	87	731	64			
732	87	732	65			
733	87	733	65			
734	87,1	734	64			
735	87,1	735	64			
736	87,3	736	65			
737	87,3	737	65			
738	87,3	738	65			
739	87,4	739	65			
740	87,4	740	65			
741	87,5	741	65			
742	87,5	742	64			
743	87,5	743	65			
744	87,5	744	66			
745	87,5	745	65			
746	87,5	746	66			
747	87,6	747	66			
748	87,6	748	65			
749	87,8	749	65			
750	87,8	750	65			
751	87,8	751	66			
752	87,9	752	65			
753	87,9	753	65			
754	88	754	66			
755	88	755	67			
756	88	756	66			
757	88	757	66			
758	88,1	758	66			
759	88,1	759	66			
760	88,1	760	66			
761	88,3	761	67			
762	88,3	762	67			
763	88,3	763	66			
764	88,4	764	66			
765	88,4	765	66			
766	88,5	766	66			
767	88,5	767	66			
768	88,5	768	66			
769	88,5	769	66			
770	88,5	770	67			
771	88,5	771	67			
772	88,5	772	66			
773	88,6	773	66			
774	88,6	774	65			
775	88,6	775	66			
776	88,8	776	65			
777	88,8	777	65			
778	88,8	778	66			
779	88,8	779	67			
780	88,9	780	67			
781	88,9	781	68			
782	88,9	782	68			
783	89	783	68			
784	89	784	68			
785	89	785	68			
786	89	786	67			
787	89	787	67			
788	89,1	788	67			
789	89,1	789	67			
790	89,3	790	67			
791	89,3	791	68			
792	89,3	792	68			
793	89,4	793	68			
794	89,4	794	68			
795	89,5	795	68			
796	89,5	796	68			
797	89,5	797	68			
798	89,5	798	68			
799	89,5	799	68			
800	89,6	800	68			
801	89,8	801	68			
802	89,8	802	67			
803	89,8	803	67			
804	89,9	804	67			
805	89,9	805	68			
806	89,9	806	67			
807	90	807	67			
808	90	808	68			
809	90	809	68			
810	90	810	68			
811	90	811	68			
812	90	812	69			
813	90	813	69			
814	90,1	814	69			
815	90,1	815	69			
816	90,1	816	70			
817	90,1	817	69			
818	90,3	818	69			
819	90,3	819	69			
820	90,3	820	69			
821	90,4	821	69			
822	90,4	822	68			
823	90,4	823	69			
824	90,5	824	70			
825	90,5	825	70			
826	90,5	826	69			
827	90,5	827	70			
828	90,5	828	69			
829	90,6	829	69			
830	90,6	830	69			
831	90,6	831	70			
832	90,8	832	69			
833	90,8	833	69			
834	90,9	834	70			
835	90,9	835	70			
836	91	836	70			
837	91	837	70			
838	91	838	70			
839	91	839	70			
840	91	840	70			
841	91,1	841	70			
842	91,1	842	70			
843	91,3	843	71			
844	91,3	844	70			
845	91,3	845	70			
846	91,4	846	70			
847	91,4	847	70			
848	91,5	848	70			
849	91,5	849	70			
850	91,5	850	70			
851	91,5	851	71			
852	91,5	852	72			
853	91,6	853	70			
854	91,6	854	70			
855	91,6	855	70			
856	91,8	856	71			
857	91,8	857	72			
858	91,8	858	72			
859	91,9	859	72			
860	91,9	860	71			
861	91,9	861	72			
862	92	862	72			
863	92	863	72			
864	92	864	71			
865	92	865	71			
866	92	866	71			
867	92,1	867	72			
868	92,1	868	73			
869	92,1	869	73			
870	92,3	870	72			
871	92,3	871	72			
872	92,3	872	71			
873	92,3	873	71			
874	92,4	874	72			
875	92,4	875	72			
876	92,5	876	72			
877	92,5	877	72			
878	92,5	878	73			
879	92,5	879	73			
880	92,5	880	72			
881	92,5	881	73			
882	92,6	882	72			
883	92,6	883	72			
884	92,6	884	71			
885	92,8	885	71			
886	92,8	886	72			
887	92,8	887	72			
888	92,9	888	73			
889	92,9	889	72			
890	92,9	890	72			
891	93	891	72			
892	93	892	73			
893	93	893	73			
894	93	894	73			
895	93	895	73			
896	93,1	896	74			
897	93,1	897	74			
898	93,1	898	74			
899	93,1	899	73			
900	93,3	900	73			
901	93,3	901	74			
902	93,3	902	75			
903	93,4	903	75			
904	93,4	904	74			
905	93,4	905	75			
906	93,5	906	75			
907	93,5	907	75			
908	93,5	908	74			
909	93,5	909	74			
910	93,5	910	75			
911	93,5	911	75			
912	93,6	912	75			
913	93,6	913	75			
914	93,6	914	74			
915	93,8	915	74			
916	93,8	916	75			
917	93,9	917	75			
918	93,9	918	75			
919	93,9	919	75			
920	94	920	75			
921	94	921	74			
922	94	922	74			
923	94	923	75			
924	94	924	75			
925	94,1	925	75			
926	94,1	926	75			
927	94,1	927	74			
928	94,3	928	74			
929	94,3	929	74			
930	94,4	930	74			
931	94,4	931	75			
932	94,4	932	76			
933	94,5	933	76			
934	94,5	934	76			
935	94,5	935	76			
936	94,5	936	75			
937	94,5	937	75			
938	94,5	938	76			
939	94,6	939	77			
940	94,6	940	77			
941	94,6	941	76			
942	94,8	942	76			
943	94,8	943	76			
944	94,8	944	77			
945	94,8	945	76			
946	94,9	946	76			
947	94,9	947	77			
948	94,9	948	77			
949	94,9	949	77			
950	95	950	77			
951	95	951	77			
952	95	952	77			
953	95	953	77			
954	95	954	77			
955	95	955	77			
956	95	956	77			
957	95,1	957	77			
958	95,1	958	77			
959	95,1	959	77			
960	95,1	960	76			
961	95,3	961	76			
962	95,3	962	77			
963	95,3	963	77			
964	95,3	964	77			
965	95,4	965	77			
966	95,4	966	77			
967	95,4	967	77			
968	95,5	968	77			
969	95,5	969	78			
970	95,5	970	79			
971	95,5	971	79			
972	95,5	972	78			
973	95,5	973	78			
974	95,5	974	77			
975	95,5	975	78			
976	95,6	976	79			
977	95,6	977	78			
978	95,6	978	78			
979	95,6	979	77			
980	95,6	980	77			
981	95,6	981	78			
982	95,8	982	78			
983	95,8	983	78			
984	95,8	984	78			
985	95,8	985	78			
986	95,8	986	78			
987	95,8	987	79			
988	95,9	988	79			
989	95,9	989	79			
990	95,9	990	79			
991	95,9	991	78			
992	96	992	78			
993	96	993	79			
994	96	994	79			
995	96	995	79			
996	96	996	79			
997	96	997	79			
998	96	998	78			
999	96,1	999	80			
1000	96,1	1000	79			
1001	96,1	1001	79			
1002	96,1	1002	78			
1003	96,3	1003	79			
1004	96,3	1004	80			
1005	96,3	1005	80			
1006	96,3	1006	80			
1007	96,4	1007	80			
1008	96,4	1008	80			
1009	96,4	1009	80			
1010	96,5	1010	80			
1011	96,5	1011	81			
1012	96,5	1012	81			
1013	96,5	1013	80			
1014	96,5	1014	80			
1015	96,5	1015	80			
1016	96,5	1016	80			
1017	96,5	1017	81			
1018	96,6	1018	80			
1019	96,6	1019	80			
1020	96,6	1020	80			
1021	96,6	1021	80			
1022	96,6	1022	80			
1023	96,8	1023	80			
1024	96,8	1024	80			
1025	96,8	1025	80			
1026	96,8	1026	81			
1027	96,9	1027	81			
1028	96,9	1028	81			
1029	96,9	1029	80			
1030	96,9	1030	80			
1031	96,9	1031	81			
1032	97	1032	81			
1033	97	1033	82			
1034	97	1034	82			
1035	97	1035	81			
1036	97	1036	82			
1037	97	1037	82			
1038	97	1038	82			
1039	97	1039	81			
1040	97,1	1040	82			
1041	97,1	1041	82			
1042	97,1	1042	82			
1043	97,1	1043	82			
1044	97,3	1044	82			
1045	97,3	1045	82			
1046	97,3	1046	82			
1047	97,3	1047	82			
1048	97,3	1048	83			
1049	97,4	1049	83			
1050	97,4	1050	82			
1051	97,4	1051	82			
1052	97,4	1052	81			
1053	97,5	1053	81			
1054	97,5	1054	82			
1055	97,5	1055	81			
1056	97,5	1056	81			
1057	97,5	1057	82			
1058	97,5	1058	83			
1059	97,5	1059	82			
1060	97,5	1060	82			
1061	97,5	1061	83			
1062	97,6	1062	84			
1063	97,6	1063	84			
1064	97,6	1064	82			
1065	97,6	1065	82			
1066	97,8	1066	83			
1067	97,8	1067	84			
1068	97,8	1068	85			
1069	97,8	1069	85			
1070	97,8	1070	83			
1071	97,9	1071	83			
1072	97,9	1072	83			
1073	97,9	1073	83			
1074	98,9	1074	82			
1075	98	1075	83			
1076	98	1076	84			
1077	98	1077	83			
1078	98	1078	83			
1079	98	1079	84			
1080	98	1080	84			
1081	98,1	1081	83			
1082	98,1	1082	84			
1083	98,1	1083	84			
1084	98,3	1084	84			
1085	98,3	1085	84			
1086	98,3	1086	85			
1087	98,4	1087	84			
1088	98,4	1088	84			
1089	98,4	1089	84			
1090	98,4	1090	85			
1091	98,5	1091	84			
1092	98,5	1092	84			
1093	98,5	1093	84			
1094	98,5	1094	85			
1095	98,5	1095	85			
1096	98,5	1096	84			
1097	98,5	1097	84			
1098	98,5	1098	85			
1099	98,5	1099	84			
1100	98,6	1100	85			
1101	98,6	1101	85			
1102	98,6	1102	84			
1103	98,8	1103	84			
1104	98,8	1104	85			
1105	98,8	1105	85			
1106	98,9	1106	85			
1107	98,9	1107	85			
1108	98,9	1108	85			
1109	98,9	1109	85			
1110	99	1110	86			
1111	99	1111	85			
1112	99	1112	86			
1113	99	1113	85			
1114	99	1114	84			
1115	99	1115	85			
1116	99,1	1116	85			
1117	99,1	1117	86			
1118	99,3	1118	87			
1119	99,4	1119	87			
1120	99,4	1120	87			
1121	99,5	1121	88			
1122	99,5	1122	88			
1123	99,6	1123	88			
1124	99,8	1124	88			
1125	100	1125	89			
1126	100	1126	89			
1127	100,1	1127	89			
1128	100,3	1128	89			
1129	100,4	1129	89			
1130	100,5	1130	89			
1131	100,6	1131	90			
1132	100,8	1132	90			
1133	101	1133	91			
1134	101	1134	90			
1135	101,1	1135	90			
1136	101,3	1136	91			
1137	101,4	1137	92			
1138	101,5	1138	91			
1139	101,5	1139	92			
1140	101,6	1140	92			
1141	101,8	1141	92			
1142	101,9	1142	92			
1143	101,9	1143	92			
1144	102	1144	93			
1145	102	1145	93			
1146	102,1	1146	93			
1147	102,3	1147	94			
1148	102,4	1148	94			
1149	102,5	1149	94			
1150	102,5	1150	94			
1151	102,5	1151	93			
1152	102,6	1152	93			
1153	102,6	1153	94			
1154	102,8	1154	95			
1155	102,8	1155	95			
1156	102,9	1156	94			
1157	103	1157	94			
1158	103	1158	95			
1159	103	1159	96			
1160	103,1	1160	97			
1161	103,1	1161	97			
1162	103,3	1162	96			
1163	103,4	1163	97			
1164	103,5	1164	97			
1165	103,5	1165	97			
1166	103,5	1166	98			
1167	103,6	1167	98			
1168	103,6	1168	98			
1169	103,8	1169	99			
1170	103,8	1170	98			
1171	103,9	1171	98			
1172	104	1172	98			
1173	104	1173	97			
1174	104	1174	97			
1175	104,1	1175	98			
1176	104,1	1176	97			
1177	104,1	1177	98			
1178	104,1	1178	98			
1179	104,1	1179	98			
1180	104,3	1180	98			
1181	104,3	1181	99			
1182	104,3	1182	99			
1183	104,3	1183	99			
1184	104,3	1184	98			
1185	104,4	1185	98			
1186	104,4	1186	99			
1187	104,4	1187	99			
1188	104,4	1188	98			
1189	104,5	1189	99			
1190	104,5	1190	100			
1191	104,5	1191	101			
1192	104,5	1192	101			
1193	104,5	1193	102			
1194	104,6	1194	101			
1195	104,8	1195	100			
1196	104,8	1196	101			
1197	104,9	1197	102			
1198	105	1198	102			
1199	105	1199	103			
1200	105	1200	103			
1201	105,1	1201	103			
1202	105,3	1202	103			
1203	105,3	1203	103			
1204	105,4	1204	103			
1205	105,5	1205	104			
1206	105,5	1206	104			
1207	105,5	1207	105			
1208	105,6	1208	105			
1209	105,6	1209	105			
1210	105,8	1210	105			
1211	105,9	1211	105			
1212	105,9	1212	105			
1213	106	1213	105			
1214	106	1214	105			
1215	106	1215	106			
1216	106,1	1216	107			
1217	106,1	1217	107			
1218	106,3	1218	107			
1219	106,3	1219	108			
1220	106,4	1220	108			
1221	106,5	1221	107			
1222	106,5	1222	106			
1223	106,5	1223	107			
1224	106,5	1224	107			
1225	106,6	1225	108			
1226	106,8	1226	108			
1227	106,8	1227	108			
1228	106,9	1228	108			
1229	107	1229	108			
1230	107	1230	109			
1231	107	1231	110			
1232	107	1232	110			
1233	107,1	1233	110			
1234	107,1	1234	110			
1235	107,3	1235	110			
1236	107,3	1236	110			
1237	107,4	1237	109			
1238	107,4	1238	109			
1239	107,5	1239	110			
1240	107,5	1240	110			
1241	107,5	1241	110			
1242	107,5	1242	110			
1243	107,5	1243	110			
1244	107,5	1244	110			
1245	107,5	1245	110			
1246	107,5	1246	111			
1247	107,5	1247	110			
1248	107,5	1248	110			
1249	107,5	1249	111			
1250	107,5	1250	111			
1251	107,5	1251	111			
1252	107,5	1252	111			
1253	107,5	1253	111			
1254	107,6	1254	111			
1255	107,6	1255	111			
1256	107,6	1256	111			
1257	107,6	1257	112			
1258	107,6	1258	112			
1259	107,8	1259	112			
1260	107,8	1260	113			
1261	107,9	1261	114			
1262	108	1262	114			
1263	108	1263	114			
1264	108	1264	113			
1265	108,1	1265	114			
1266	108,1	1266	115			
1267	108,3	1267	115			
1268	108,4	1268	115			
1269	108,4	1269	115			
1270	108,5	1270	115			
1271	108,5	1271	116			
1272	108,5	1272	116			
1273	108,6	1273	116			
1274	108,6	1274	116			
1275	108,8	1275	117			
1276	108,9	1276	117			
1277	109	1277	116			
1278	109	1278	117			
1279	109	1279	118			
1280	109	1280	118			
1281	109,1	1281	118			
1282	109,3	1282	119			
1283	109,3	1283	120			
1284	109,4	1284	119			
1285	109,4	1285	119			
1286	109,5	1286	119			
1287	109,5	1287	120			
1288	109,5	1288	120			
1289	109,6	1289	120			
1290	109,6	1290	120			
1291	109,8	1291	120			
1292	109,9	1292	120			
1293	109,9	1293	121			
1294	110	1294	121			
1295	110	1295	121			
1296	110	1296	121			
1297	110,1	1297	122			
1298	110,1	1298	122			
1299	110,3	1299	122			
1300	110,3	1300	123			
1301	110,3	1301	123			
1302	110,4	1302	123			
1303	110,4	1303	122			
1304	110,5	1304	122			
1305	110,5	1305	122			
1306	110,5	1306	122			
1307	110,5	1307	122			
1308	110,5	1308	122			
1309	110,6	1309	122			
1310	110,6	1310	122			
1311	110,6	1311	121			
1312	110,6	1312	121			
1313	110,6	1313	121			
1314	110,6	1314	122			
1315	110,6	1315	122			
1316	110,6	1316	123			
1317	110,6	1317	123			
1318	110,6	1318	123			
1319	110,6	1319	124			
1320	110,8	1320	124			
1321	110,8	1321	124			
1322	110,8	1322	124			
1323	110,8	1323	125			
1324	110,8	1324	126			
1325	110,9	1325	126			
1326	110,9	1326	126			
1327	110,9	1327	126			
1328	111	1328	126			
1329	111	1329	126			
1330	111	1330	127			
1331	111	1331	127			
1332	111,1	1332	127			
1333	111,1	1333	127			
1334	111,3	1334	127			
1335	111,3	1335	127			
1336	111,4	1336	128			
1337	111,4	1337	130			
1338	111,5	1338	130			
1339	111,5	1339	129			
1340	111,5	1340	130			
1341	111,5	1341	129			
1342	111,5	1342	129			
1343	111,6	1343	129			
1344	111,8	1344	130			
1345	111,8	1345	131			
1346	111,9	1346	131			
1347	111,9	1347	131			
1348	112	1348	131			
1349	112	1349	132			
1350	112	1350	132			
1351	112	1351	132			
1352	112,1	1352	132			
1353	112,1	1353	133			
1354	112,3	1354	134			
1355	112,3	1355	134			
1356	112,4	1356	134			
1357	112,4	1357	133			
1358	112,4	1358	134			
1359	112,5	1359	135			
1360	112,5	1360	135			
1361	112,5	1361	136			
1362	112,5	1362	135			
1363	112,6	1363	135			
1364	112,6	1364	135			
1365	112,8	1365	136			
1366	112,8	1366	136			
1367	112,9	1367	136			
1368	113	1368	136			
1369	113	1369	136			
1370	113	1370	136			
1371	113	1371	137			
1372	113	1372	136			
1373	113	1373	134			
1374	113	1374	134			
1375	113,1	1375	134			
1376	113,1	1376	134			
1377	113,1	1377	134			
1378	113,1	1378	134			
1379	113,1	1379	134			
1380	113,1	1380	134			
1381	113,1	1381	135			
1382	113,1	1382	135			
1383	113,1	1383	135			
1384	113,1	1384	135			
1385	113,1	1385	135			
1386	113,1	1386	135			
1387	113,1	1387	135			
1388	113,1	1388	135			
1389	113,1	1389	137			
1390	113,1	1390	137			
1391	113,1	1391	137			
1392	113,3	1392	137			
1393	113,3	1393	136			
1394	113,3	1394	136			
1395	113,4	1395	136			
1396	113,4	1396	137			
1397	113,5	1397	137			
1398	113,5	1398	138			
1399	113,5	1399	138			
1400	113,5	1400	139			
1401	113,6	1401	139			
1402	113,6	1402	139			
1403	113,6	1403	139			
1404	113,8	1404	139			
1405	113,8	1405	139			
1406	113,9	1406	140			
1407	113,9	1407	140			
1408	114	1408	140			
1409	114	1409	140			
1410	114	1410	141			
1411	114	1411	141			
1412	114	1412	140			
1413	114	1413	140			
1414	114,1	1414	141			
1415	114,1	1415	141			
1416	114,1	1416	141			
1417	114,3	1417	142			
1418	114,3	1418	142			
1419	114,3	1419	141			
1420	114,4	1420	142			
1421	114,4	1421	143			
1422	114,5	1422	143			
1423	114,5	1423	143			
1424	114,5	1424	142			
1425	114,5	1425	143			
1426	114,5	1426	143			
1427	114,5	1427	144			
1428	114,6	1428	143			
1429	114,6	1429	144			
1430	114,8	1430	144			
1431	114,8	1431	143			
1432	114,8	1432	143			
1433	114,9	1433	144			
1434	114,9	1434	144			
1435	114,9	1435	144			
1436	114,9	1436	143			
1437	114,9	1437	143			
1438	114,9	1438	143			
1439	114,9	1439	143			
1440	114,9	1440	142			
1441	114,9	1441	142			
1442	114,9	1442	140			
1443	114,9	1443	139			
1444	114,9	1444	138			
1445	114,9	1445	139			
1446	114,8	1446	140			
1447	114,8	1447	141			
1448	114,8	1448	143			
1449	114,8	1449	143			
1450	114,8	1450	142			
1451	114,8	1451	141			
1452	114,8	1452	141			
1453	114,6	1453	141			
1454	114,6	1454	141			
1455	114,8	1455	141			
1456	114,8	1456	142			
1457	114,8	1457	142			
1458	114,8	1458	142			
1459	114,8	1459	143			
1460	114,8	1460	144			
1461	114,9	1461	144			
1462	114,9	1462	144			
1463	115	1463	144			
1464	115	1464	145			
1465	115	1465	144			
1466	115	1466	144			
1467	115	1467	144			
1468	115	1468	144			
1469	115	1469	145			
1470	115,1	1470	145			
1471	115,1	1471	145			
1472	115,1	1472	144			
1473	115,3	1473	145			
1474	115,3	1474	146			
1475	115,4	1475	146			
1476	115,4	1476	146			
1477	115,4	1477	146			
1478	115,5	1478	146			
1479	115,5	1479	147			
1480	115,5	1480	148			
1481	115,5	1481	147			
1482	115,5	1482	146			
1483	115,5	1483	146			
1484	115,6	1484	146			
1485	115,6	1485	147			
1486	115,6	1486	147			
1487	115,8	1487	148			
1488	115,8	1488	148			
1489	115,8	1489	148			
1490	115,8	1490	148			
1491	115,9	1491	148			
1492	115,9	1492	147			
1493	115,9	1493	147			
1494	115,9	1494	148			
1495	116	1495	148			
1496	115,9	1496	148			
1497	116	1497	148			
1498	116	1498	149			
1499	116	1499	150			
1500	116	1500	150			
1501	116	1501	148			
1502	116	1502	146			
1503	116	1503	145			
1504	116	1504	145			
1505	116	1505	145			
1506	116	1506	146			
1507	116	1507	147			
1508	116	1508	146			
1509	115,9	1509	145			
1510	115,9	1510	145			
1511	115,9	1511	143			
1512	115,9	1512	143			
1513	115,8	1513	144			
1514	115,8	1514	144			
1515	115,8	1515	144			
1516	115,6	1516	144			
1517	115,6	1517	145			
1518	115,6	1518	146			
1519	115,6	1519	147			
1520	115,5	1520	147			
1521	115,5	1521	147			
1522	115,5	1522	147			
1523	115,5	1523	147			
1524	115,5	1524	146			
1525	115,6	1525	145			
1526	115,6	1526	146			
1527	115,6	1527	148			
1528	115,6	1528	148			
1529	115,8	1529	147			
1530	115,8	1530	148			
1531	115,8	1531	148			
1532	115,9	1532	148			
1533	115,9	1533	147			
1534	115,9	1534	148			
1535	115,9	1535	148			
1536	115,9	1536	149			
1537	115,9	1537	149			
1538	116	1538	150			
1539	116	1539	150			
1540	116	1540	151			
1541	116	1541	150			
1542	116	1542	149			
1543	116,1	1543	148			
1544	116,1	1544	148			
1545	116,1	1545	149			
1546	116,1	1546	150			
1547	116,1	1547	151			
1548	116,1	1548	151			
1549	116,3	1549	151			
1550	116,3	1550	152			
1551	116,3	1551	151			
1552	116,4	1552	151			
1553	116,4	1553	150			
1554	116,4	1554	150			
1555	116,4	1555	150			
1556	116,4	1556	152			
1557	116,5	1557	150			
1558	116,5	1558	151			
1559	116,5	1559	152			
1560	116,5	1560	152			
1561	116,5	1561	152			
1562	116,5	1562	151			
1563	116,6	1563	150			
1564	116,6	1564	151			
1565	116,6	1565	152			
1566	116,8	1566	152			
1567	116,8	1567	152			
1568	116,8	1568	152			
1569	116,9	1569	152			
1570	116,9	1570	152			
1571	116,9	1571	150			
1572	116,9	1572	149			
1573	116,8	1573	147			
1574	116,8	1574	146			
1575	116,8	1575	147			
1576	116,6	1576	148			
1577	116,6	1577	149			
1578	116,5	1578	148			
1579	116,5	1579	150			
1580	116,5	1580	150			
1581	116,5	1581	149			
1582	116,5	1582	149			
1583	116,5	1583	148			
1584	116,4	1584	148			
1585	116,4	1585	150			
1586	116,4	1586	150			
1587	116,4	1587	150			
1588	116,4	1588	150			
1589	116,4	1589	151			
1590	116,4	1590	152			
1591	116,4	1591	152			
1592	116,4	1592	152			
1593	116,5	1593	152			
1594	116,5	1594	151			
1595	116,5	1595	151			
1596	116,5	1596	152			
1597	116,5	1597	152			
1598	116,5	1598	153			
1599	116,6	1599	153			
1600	116,6	1600	154			
1601	116,8	1601	153			
1602	116,8	1602	153			
1603	116,8	1603	152			
1604	116,8	1604	152			
1605	116,9	1605	152			
1606	116,9	1606	153			
1607	116,9	1607	153			
1608	117	1608	153			
1609	117	1609	154			
1610	117	1610	155			
1611	117	1611	155			
1612	117	1612	155			
1613	117,1	1613	154			
1614	117,1	1614	154			
1615	117,1	1615	155			
1616	117,3	1616	155			
1617	117,3	1617	157			
1618	117,3	1618	157			
1619	117,3	1619	156			
1620	117,4	1620	157			
1621	117,4	1621	156			
1622	117,5	1622	157			
1623	117,5	1623	157			
1624	117,5	1624	156			
1625	117,5	1625	156			
1626	117,5	1626	157			
1627	117,5	1627	158			
1628	117,5	1628	158			
1629	117,5	1629	158			
1630	117,5	1630	158			
1631	117,6	1631	158			
1632	117,6	1632	158			
1633	117,6	1633	157			
1634	117,8	1634	156			
1635	117,8	1635	155			
1636	117,8	1636	155			
1637	117,8	1637	155			
1638	117,8	1638	154			
1639	117,8	1639	155			
1640	117,8	1640	155			
1641	117,6	1641	153			
1642	117,6	1642	152			
1643	117,6	1643	151			
1644	117,5	1644	151			
1645	117,5	1645	152			
1646	117,5	1646	154			
1647	117,5	1647	155			
1648	117,4	1648	155			
1649	117,4	1649	155			
1650	117,4	1650	154			
1651	117,4	1651	155			
1652	117,3	1652	154			
1653	117,3	1653	155			
1654	117,3	1654	155			
1655	117,3	1655	155			
1656	117,3	1656	155			
1657	117,3	1657	155			
1658	117,3	1658	156			
1659	117,4	1659	157			
1660	117,4	1660	158			
1661	117,5	1661	158			
1662	117,5	1662	157			
1663	117,5	1663	157			
1664	117,5	1664	157			
1665	117,6	1665	157			
1666	117,6	1666	157			
1667	117,6	1667	157			
1668	117,8	1668	157			
1669	117,8	1669	159			
1670	117,8	1670	159			
1671	117,9	1671	159			
1672	117,9	1672	158			
1673	117,9	1673	158			
1674	118	1674	158			
1675	118	1675	159			
1676	118	1676	159			
1677	118	1677	160			
1678	118	1678	161			
1679	118	1679	161			
1680	118,1	1680	160			
1681	118,1	1681	160			
1682	118,1	1682	160			
1683	118,1	1683	159			
1684	118,3	1684	159			
1685	118,3	1685	160			
1686	118,3	1686	161			
1687	118,4	1687	161			
1688	118,4	1688	161			
1689	118,4	1689	161			
1690	118,5	1690	161			
1691	118,5	1691	162			
1692	118,5	1692	163			
1693	118,5	1693	162			
1694	118,5	1694	162			
1695	118,5	1695	162			
1696	118,5	1696	162			
1697	118,6	1697	163			
1698	118,6	1698	163			
1699	118,6	1699	164			
1700	118,8	1700	163			
1701	118,8	1701	161			
1702	118,8	1702	159			
1703	118,8	1703	159			
1704	118,6	1704	158			
1705	118,6	1705	157			
1706	118,5	1706	157			
1707	118,5	1707	158			
1708	118,5	1708	158			
1709	118,5	1709	157			
1710	118,5	1710	156			
1711	118,4	1711	157			
1712	118,4	1712	158			
1713	118,4	1713	158			
1714	118,3	1714	158			
1715	118,3	1715	157			
1716	118,1	1716	157			
1717	118,1	1717	158			
1718	118,1	1718	159			
1719	118	1719	159			
1720	118,1	1720	160			
1721	118,1	1721	161			
1722	118,1	1722	161			
1723	118,1	1723	160			
1724	118,3	1724	160			
1725	118,3	1725	161			
1726	118,3	1726	162			
1727	118,4	1727	161			
1728	118,4	1728	161			
1729	118,5	1729	162			
1730	118,5	1730	163			
1731	118,5	1731	163			
1732	118,5	1732	163			
1733	118,6	1733	162			
1734	118,6	1734	162			
1735	118,6	1735	163			
1736	118,8	1736	163			
1737	118,8	1737	163			
1738	118,9	1738	163			
1739	118,9	1739	164			
1740	118,9	1740	164			
1741	119	1741	164			
1742	119	1742	163			
1743	119	1743	164			
1744	119	1744	164			
1745	119	1745	165			
1746	119	1746	165			
1747	119	1747	165			
1748	119	1748	166			
1749	119,1	1749	167			
1750	119,1	1750	167			
1751	119,1	1751	166			
1752	119,3	1752	165			
1753	119,3	1753	166			
1754	119,3	1754	165			
1755	119,3	1755	166			
1756	119,4	1756	166			
1757	119,4	1757	166			
1758	119,4	1758	166			
1759	119,4	1759	167			
1760	119,5	1760	167			
1761	119,5	1761	167			
1762	119,5	1762	167			
1763	119,5	1763	166			
1764	119,5	1764	166			
1765	119,5	1765	167			
1766	119,5	1766	167			
1767	119,5	1767	165			
1768	119,5	1768	165			
1769	119,5	1769	166			
1770	119,5	1770	165			
1771	119,5	1771	164			
1772	119,5	1772	163			
1773	119,5	1773	163			
1774	119,5	1774	162			
1775	119,5	1775	161			
1776	119,4	1776	161			
1777	119,4	1777	161			
1778	119,3	1778	162			
1779	119,3	1779	163			
1780	119,3	1780	162			
1781	119,1	1781	163			
1782	119,1	1782	163			
1783	119,1	1783	163			
1784	119,1	1784	163			
1785	119,1	1785	163			
1786	119,1	1786	164			
1787	119,1	1787	165			
1788	119,1	1788	166			
1789	119,1	1789	166			
1790	119,1	1790	166			
1791	119,3	1791	167			
1792	119,3	1792	166			
1793	119,4	1793	166			
1794	119,4	1794	165			
1795	119,5	1795	166			
1796	119,5	1796	166			
1797	119,5	1797	166			
1798	119,5	1798	167			
1799	119,5	1799	168			
1800	119,6	1800	168			
1801	119,6	1801	168			
1802	119,6	1802	167			
1803	119,8	1803	167			
1804	119,8	1804	167			
1805	119,8	1805	167			
1806	119,9	1806	168			
1807	119,9	1807	169			
1808	119,9	1808	170			
1809	119,9	1809	170			
1810	120	1810	170			
1811	120	1811	169			
1812	120	1812	170			
1813	120	1813	169			
1814	120	1814	168			
1815	120	1815	169			
1816	120	1816	169			
1817	120	1817	169			
1818	120	1818	170			
1819	120,1	1819	171			
1820	120,1	1820	171			
1821	120,1	1821	171			
1822	120,1	1822	171			
1823	120,3	1823	170			
1824	120,3	1824	170			
1825	120,3	1825	170			
1826	120,3	1826	170			
1827	120,3	1827	171			
1828	120,4	1828	171			
1829	120,4	1829	171			
1830	120,4	1830	171			
1831	120,4	1831	172			
1832	120,4	1832	172			
1833	120,4	1833	169			
1834	120,4	1834	168			
1835	120,3	1835	167			
1836	120,3	1836	166			
1837	120,3	1837	167			
1838	120,3	1838	167			
1839	120,1	1839	167			
1840	120,1	1840	166			
1841	120,1	1841	165			
1842	120	1842	165			
1843	120	1843	164			
1844	120	1844	165			
1845	119,9	1845	165			
1846	119,9	1846	165			
1847	119,8	1847	167			
1848	119,8	1848	167			
1849	119,8	1849	167			
1850	119,8	1850	168			
1851	119,8	1851	169			
1852	119,8	1852	169			
1853	119,8	1853	167			
1854	119,8	1854	167			
1855	119,8	1855	168			
1856	119,8	1856	168			
1857	119,8	1857	169			
1858	119,9	1858	169			
1859	119,9	1859	170			
1860	120	1860	170			
1861	120	1861	171			
1862	120	1862	171			
1863	120	1863	171			
1864	120	1864	170			
1865	120,1	1865	170			
1866	120,1	1866	171			
1867	120,1	1867	172			
1868	120,3	1868	172			
1869	120,3	1869	173			
1870	120,4	1870	173			
1871	120,4	1871	173			
1872	120,4	1872	174			
1873	120,5	1873	172			
1874	120,5	1874	171			
1875	120,5	1875	172			
1876	120,5	1876	172			
1877	120,5	1877	173			
1878	120,5	1878	174			
1879	120,5	1879	174			
1880	120,6	1880	174			
1881	120,6	1881	173			
1882	120,6	1882	173			
1883	120,8	1883	173			
1884	120,8	1884	173			
1885	120,8	1885	173			
1886	120,8	1886	174			
1887	120,8	1887	174			
1888	120,8	1888	174			
1889	120,8	1889	174			
1890	120,9	1890	175			
1891	120,9	1891	175			
1892	120,9	1892	174			
1893	120,9	1893	173			
1894	120,9	1894	172			
1895	121	1895	171			
1896	121	1896	173			
1897	121	1897	174			
1898	121	1898	175			
1899	121	1899	175			
1900	121	1900	175			
1901	121	1901	174			
1902	121	1902	174			
1903	121	1903	173			
1904	121	1904	173			
1905	121	1905	174			
1906	121	1906	175			
1907	121	1907	176			
1908	121	1908	177			
1909	121,1	1909	176			
1910	121,1	1910	175			
1911	121,1	1911	176			
1912	121,1	1912	176			
1913	121,1	1913	174			
1914	121,1	1914	174			
1915	121,1	1915	175			
1916	121,1	1916	175			
1917	121,1	1917	175			
1918	121,1	1918	175			
1919	121,1	1919	175			
1920	121,3	1920	175			
1921	121,3	1921	174			
1922	121,3	1922	175			
1923	121,3	1923	174			
1924	121,3	1924	175			
1925	121,3	1925	174			
1926	121,3	1926	175			
1927	121,3	1927	176			
1928	121,3	1928	176			
1929	121,3	1929	176			
1930	121,3	1930	177			
1931	121,3	1931	175			
1932	121,3	1932	174			
1933	121,3	1933	175			
1934	121,3	1934	175			
1935	121,3	1935	175			
1936	121,3	1936	176			
1937	121,3	1937	177			
1938	121,3	1938	176			
1939	121,3	1939	176			
1940	121,3	1940	175			
1941	121,3	1941	175			
1942	121,3	1942	176			
1943	121,3	1943	177			
1944	121,3	1944	176			
1945	121,3	1945	175			
1946	121,3	1946	177			
1947	121,3	1947	177			
1948	121,3	1948	177			
1949	121,3	1949	176			
1950	121,3	1950	176			
1951	121,3	1951	176			
1952	121,4	1952	175			
1953	121,4	1953	174			
1954	121,3	1954	174			
1955	121,3	1955	175			
1956	121,3	1956	175			
1957	121,3	1957	176			
1958	121,4	1958	176			
1959	121,3	1959	176			
1960	121,3	1960	176			
1961	121,4	1961	176			
1962	121,4	1962	176			
1963	121,4	1963	175			
1964	121,4	1964	175			
1965	121,4	1965	176			
1966	121,4	1966	176			
1967	121,3	1967	176			
1968	121,3	1968	177			
1969	121,3	1969	177			
1970	121,3	1970	177			
1971	121,3	1971	178			
1972	121,4	1972	177			
1973	121,4	1973	175			
1974	121,4	1974	175			
1975	121,4	1975	175			
1976	121,3	1976	177			
1977	121,4	1977	177			
1978	121,4	1978	178			
1979	121,4	1979	177			
1980	121,4	1980	176			
1981	121,4	1981	176			
1982	121,4	1982	176			
1983	121,4	1983	175			
1984	121,4	1984	175			
1985	121,4	1985	174			
1986	121,4	1986	176			
1987	121,4	1987	177			
1988	121,5	1988	177			
1989	121,5	1989	177			
1990	121,5	1990	176			
1991	121,5	1991	177			
1992	121,5	1992	177			
1993	121,5	1993	177			
1994	121,5	1994	175			
1995	121,5	1995	175			
1996	121,5	1996	176			
1997	121,5	1997	176			
1998	121,5	1998	177			
1999	121,5	1999	176			
2000	121,5	2000	175			
2001	121,5	2001	176			
2002	121,5	2002	175			
2003	121,5	2003	176			
2004	121,5	2004	176			
2005	121,5	2005	176			
2006	121,5	2006	177			
2007	121,5	2007	177			
2008	121,5	2008	178			
2009	121,5	2009	177			
2010	121,5	2010	177			
2011	121,5	2011	176			
2012	121,4	2012	176			
2013	121,4	2013	176			
2014	121,4	2014	176			
2015	121,4	2015	176			
2016	121,4	2016	176			
2017	121,4	2017	178			
2018	121,4	2018	177			
2019	121,4	2019	177			
2020	121,4	2020	176			
2021	121,4	2021	176			
2022	121,4	2022	176			
2023	121,4	2023	176			
2024	121,4	2024	176			
2025	121,4	2025	176			
2026	121,4	2026	178			
2027	121,4	2027	177			
2028	121,4	2028	176			
2029	121,4	2029	176			
2030	121,4	2030	176			
2031	121,4	2031	176			
2032	121,4	2032	176			
2033	121,4	2033	176			
2034	121,4	2034	176			
2035	121,4	2035	176			
2036	121,5	2036	177			
2037	121,4	2037	177			
2038	121,5	2038	177			
2039	121,5	2039	177			
2040	121,5	2040	177			
2041	121,5	2041	178			
2042	121,5	2042	177			
2043	121,5	2043	176			
2044	121,5	2044	176			
2045	121,5	2045	176			
2046	121,5	2046	177			
2047	121,5	2047	178			
2048	121,5	2048	177			
2049	121,5	2049	177			
2050	121,5	2050	177			
2051	121,5	2051	177			
2052	121,5	2052	177			
2053	121,5	2053	177			
2054	121,5	2054	176			
2055	121,5	2055	176			
2056	121,5	2056	176			
2057	121,5	2057	177			
2058	121,5	2058	177			
2059	121,5	2059	177			
2060	121,5	2060	177			
2061	121,5	2061	177			
2062	121,5	2062	178			
2063	121,5	2063	178			
2064	121,5	2064	176			
2065	121,5	2065	176			
2066	121,5	2066	178			
2067	121,5	2067	178			
2068	121,5	2068	178			
2069	121,5	2069	178			
2070	121,5	2070	178			
2071	121,5	2071	177			
2072	121,5	2072	176			
2073	121,5	2073	176			
2074	121,5	2074	176			
2075	121,5	2075	176			
2076	121,5	2076	178			
2077	121,5	2077	178			
2078	121,5	2078	176			
2079	121,5	2079	177			
2080	121,5	2080	176			
2081	121,5	2081	177			
2082	121,5	2082	177			
2083	121,5	2083	176			
2084	121,5	2084	176			
2085	121,5	2085	176			
2086	121,5	2086	177			
2087	121,5	2087	177			
2088	121,5	2088	178			
2089	121,5	2089	178			
2090	121,5	2090	177			
2091	121,5	2091	176			
2092	121,5	2092	177			
2093	121,5	2093	177			
2094	121,5	2094	176			
2095	121,5	2095	176			
2096	121,5	2096	176			
2097	121,5	2097	177			
2098	121,5	2098	178			
2099	121,5	2099	177			
2100	121,5	2100	177			
2101	121,5	2101	177			
2102	121,5	2102	177			
2103	121,5	2103	176			
2104	121,5	2104	176			
2105	121,5	2105	177			
2106	121,5	2106	177			
2107	121,5	2107	177			
2108	121,5	2108	177			
2109	121,5	2109	176			
2110	121,5	2110	176			
2111	121,5	2111	177			
2112	121,5	2112	176			
2113	121,5	2113	177			
2114	121,5	2114	177			
2115	121,5	2115	177			
2116	121,5	2116	177			
2117	121,5	2117	177			
2118	121,5	2118	176			
2119	121,5	2119	177			
2120	121,5	2120	177			
2121	121,5	2121	176			
2122	121,5	2122	177			
2123	121,5	2123	177			
2124	121,5	2124	176			
2125	121,5	2125	176			
2126	121,5	2126	177			
2127	121,5	2127	177			
2128	121,5	2128	177			
2129	121,5	2129	176			
2130	121,5	2130	177			
2131	121,5	2131	177			
2132	121,5	2132	176			
2133	121,5	2133	176			
2134	121,5	2134	175			
2135	121,5	2135	175			
2136	121,5	2136	176			
2137	121,5	2137	177			
2138	121,5	2138	178			
2139	121,5	2139	177			
2140	121,5	2140	178			
2141	121,5	2141	177			
2142	121,5	2142	177			
2143	121,5	2143	177			
2144	121,5	2144	176			
2145	121,5	2145	176			
2146	121,5	2146	178			
2147	121,5	2147	178			
2148	121,5	2148	178			
2149	121,5	2149	178			
2150	121,5	2150	178			
2151	121,5	2151	177			
2152	121,5	2152	176			
2153	121,5	2153	176			
2154	121,5	2154	177			
2155	121,5	2155	177			
2156	121,5	2156	178			
2157	121,5	2157	178			
2158	121,5	2158	178			
2159	121,5	2159	177			
2160	121,5	2160	177			
2161	121,5	2161	177			
2162	121,5	2162	177			
2163	121,5	2163	177			
2164	121,5	2164	177			
2165	121,5	2165	177			
2166	121,5	2166	177			
2167	121,5	2167	178			
2168	121,6	2168	177			
2169	121,6	2169	177			
2170	121,6	2170	177			
2171	121,6	2171	177			
2172	121,5	2172	177			
2173	121,6	2173	177			
2174	121,6	2174	176			
2175	121,5	2175	176			
2176	121,5	2176	177			
2177	121,5	2177	177			
2178	121,5	2178	178			
2179	121,5	2179	178			
2180	121,5	2180	178			
2181	121,5	2181	177			
2182	121,5	2182	176			
2183	121,5	2183	177			
2184	121,5	2184	177			
2185	121,5	2185	178			
2186	121,5	2186	178			
2187	121,5	2187	178			
2188	121,5	2188	177			
2189	121,5	2189	177			
2190	121,5	2190	176			
2191	121,5	2191	177			
2192	121,5	2192	177			
2193	121,5	2193	177			
2194	121,5	2194	177			
2195	121,5	2195	177			
2196	121,5	2196	177			
2197	121,5	2197	177			
2198	121,5	2198	177			
2199	121,5	2199	177			
2200	121,5	2200	178			
2201	121,5	2201	178			
2202	121,5	2202	177			
2203	121,5	2203	176			
2204	121,5	2204	177			
2205	121,5	2205	178			
2206	121,5	2206	177			
2207	121,5	2207	177			
2208	121,5	2208	177			
2209	121,5	2209	177			
2210	121,6	2210	177			
2211	121,5	2211	177			
2212	121,6	2212	177			
2213	121,5	2213	177			
2214	121,5	2214	177			
2215	121,5	2215	177			
2216	121,5	2216	178			
2217	121,5	2217	178			
2218	121,5	2218	177			
2219	121,5	2219	178			
2220	121,5	2220	178			
2221	121,5	2221	178			
2222	121,5	2222	177			
2223	121,5	2223	176			
2224	121,5	2224	176			
2225	121,5	2225	176			
2226	121,5	2226	177			
2227	121,5	2227	178			
2228	121,5	2228	177			
2229	121,5	2229	177			
2230	121,5	2230	177			
2231	121,5	2231	177			
2232	121,5	2232	177			
2233	121,5	2233	176			
2234	121,5	2234	176			
2235	121,5	2235	176			
2236	121,5	2236	177			
2237	121,5	2237	177			
2238	121,5	2238	178			
2239	121,5	2239	178			
2240	121,5	2240	177			
2241	121,5	2241	177			
2242	121,5	2242	177			
2243	121,5	2243	177			
2244	121,5	2244	176			
2245	121,5	2245	176			
2246	121,5	2246	177			
2247	121,5	2247	178			
2248	121,5	2248	178			
2249	121,5	2249	178			
2250	121,5	2250	178			
2251	121,5	2251	178			
2252	121,5	2252	178			
2253	121,5	2253	177			
2254	121,5	2254	176			
2255	121,5	2255	177			
2256	121,5	2256	177			
2257	121,5	2257	178			
2258	121,5	2258	178			
2259	121,5	2259	179			
2260	121,5	2260	178			
2261	121,6	2261	177			
2262	121,6	2262	177			
2263	121,6	2263	178			
2264	121,6	2264	177			
2265	121,5	2265	177			
2266	121,5	2266	177			
2267	121,5	2267	178			
2268	121,5	2268	179			
2269	121,5	2269	179			
2270	121,5	2270	178			
2271	121,5	2271	178			
2272	121,5	2272	178			
2273	121,5	2273	177			
2274	121,5	2274	177			
2275	121,5	2275	177			
2276	121,5	2276	178			
2277	121,5	2277	178			
2278	121,5	2278	177			
2279	121,5	2279	178			
2280	121,5	2280	177			
2281	121,5	2281	177			
2282	121,5	2282	177			
2283	121,5	2283	178			
2284	121,5	2284	177			
2285	121,5	2285	176			
2286	121,5	2286	177			
2287	121,5	2287	178			
2288	121,5	2288	178			
2289	121,5	2289	178			
2290	121,5	2290	178			
2291	121,5	2291	178			
2292	121,5	2292	177			
2293	121,5	2293	178			
2294	121,5	2294	178			
2295	121,5	2295	179			
2296	121,5	2296	179			
2297	121,5	2297	179			
2298	121,5	2298	179			
2299	121,5	2299	178			
2300	121,5	2300	177			
2301	121,5	2301	177			
2302	121,5	2302	178			
2303	121,5	2303	177			
2304	121,5	2304	177			
2305	121,5	2305	177			
2306	121,5	2306	178			
2307	121,6	2307	179			
2308	121,5	2308	179			
2309	121,5	2309	180			
2310	121,5	2310	179			
2311	121,5	2311	178			
2312	121,6	2312	178			
2313	121,6	2313	177			
2314	121,5	2314	177			
2315	121,5	2315	176			
2316	121,5	2316	178			
2317	121,6	2317	179			
2318	121,5	2318	178			
2319	121,5	2319	178			
2320	121,5	2320	178			
2321	121,5	2321	177			
2322	121,5	2322	178			
2323	121,5	2323	178			
2324	121,6	2324	178			
2325	121,5	2325	178			
2326	121,5	2326	178			
2327	121,5	2327	178			
2328	121,5	2328	179			
2329	121,5	2329	178			
2330	121,5	2330	179			
2331	121,5	2331	179			
2332	121,5	2332	179			
2333	121,5	2333	178			
2334	121,5	2334	178			
2335	121,5	2335	178			
2336	121,5	2336	178			
2337	121,5	2337	179			
2338	121,5	2338	179			
2339	121,5	2339	179			
2340	121,5	2340	178			
2341	121,5	2341	178			
2342	121,5	2342	179			
2343	121,6	2343	178			
2344	121,5	2344	178			
2345	121,5	2345	177			
2346	121,5	2346	177			
2347	121,6	2347	178			
2348	121,6	2348	179			
2349	121,6	2349	179			
2350	121,6	2350	178			
2351	121,6	2351	178			
2352	121,6	2352	178			
2353	121,6	2353	178			
2354	121,6	2354	179			
2355	121,6	2355	179			
2356	121,6	2356	179			
2357	121,6	2357	178			
2358	121,6	2358	178			
2359	121,6	2359	178			
2360	121,6	2360	178			
2361	121,6	2361	179			
2362	121,6	2362	179			
2363	121,6	2363	178			
2364	121,6	2364	178			
2365	121,6	2365	179			
2366	121,5	2366	180			
2367	121,5	2367	179			
2368	121,6	2368	178			
2369	121,6	2369	178			
2370	121,6	2370	179			
2371	121,6	2371	179			
2372	121,6	2372	178			
2373	121,6	2373	177			
2374	121,6	2374	177			
2375	121,6	2375	178			
2376	121,6	2376	178			
2377	121,6	2377	179			
2378	121,6	2378	179			
2379	121,6	2379	178			
2380	121,6	2380	177			
2381	121,6	2381	177			
2382	121,6	2382	179			
2383	121,6	2383	179			
2384	121,6	2384	178			
2385	121,6	2385	177			
2386	121,6	2386	178			
2387	121,6	2387	179			
2388	121,6	2388	178			
2389	121,6	2389	178			
2390	121,6	2390	178			
2391	121,6	2391	178			
2392	121,6	2392	178			
2393	121,6	2393	178			
2394	121,6	2394	176			
2395	121,6	2395	176			
2396	121,6	2396	177			
2397	121,6	2397	178			
2398	121,5	2398	179			
2399	121,6	2399	178			
2400	121,6	2400	178			
2401	121,6	2401	178			
2402	121,5	2402	177			
2403	121,5	2403	178			
2404	121,5	2404	178			
2405	121,5	2405	177			
2406	121,5	2406	178			
2407	121,5	2407	177			
2408	121,5	2408	178			
2409	121,5	2409	178			
2410	121,5	2410	178			
2411	121,5	2411	177			
2412	121,5	2412	179			
2413	121,5	2413	179			
2414	121,5	2414	178			
2415	121,5	2415	177			
2416	121,5	2416	178			
2417	121,5	2417	179			
2418	121,5	2418	179			
2419	121,5	2419	180			
2420	121,5	2420	179			
2421	121,5	2421	179			
2422	121,5	2422	178			
2423	121,5	2423	178			
2424	121,5	2424	178			
2425	121,5	2425	178			
2426	121,5	2426	179			
2427	121,5	2427	179			
2428	121,5	2428	179			
2429	121,5	2429	179			
2430	121,5	2430	178			
2431	121,5	2431	178			
2432	121,6	2432	179			
2433	121,6	2433	179			
2434	121,6	2434	178			
2435	121,5	2435	178			
2436	121,5	2436	178			
2437	121,5	2437	178			
2438	121,5	2438	179			
2439	121,5	2439	180			
2440	121,6	2440	179			
2441	121,6	2441	178			
2442	121,6	2442	178			
2443	121,6	2443	178			
2444	121,6	2444	178			
2445	121,6	2445	178			
2446	121,6	2446	178			
2447	121,5	2447	179			
2448	121,6	2448	179			
2449	121,6	2449	179			
2450	121,5	2450	179			
2451	121,6	2451	178			
2452	121,6	2452	177			
2453	121,6	2453	178			
2454	121,6	2454	178			
2455	121,6	2455	177			
2456	121,6	2456	177			
2457	121,6	2457	178			
2458	121,6	2458	179			
2459	121,6	2459	179			
2460	121,6	2460	178			
2461	121,6	2461	178			
2462	121,6	2462	178			
2463	121,6	2463	178			
2464	121,6	2464	178			
2465	121,6	2465	177			
2466	121,6	2466	177			
2467	121,6	2467	178			
2468	121,6	2468	179			
2469	121,6	2469	179			
2470	121,6	2470	179			
2471	121,6	2471	178			
2472	121,6	2472	179			
2473	121,6	2473	179			
2474	121,6	2474	178			
2475	121,6	2475	177			
2476	121,6	2476	178			
2477	121,5	2477	178			
2478	121,5	2478	178			
2479	121,5	2479	179			
2480	121,5	2480	179			
2481	121,5	2481	179			
2482	121,5	2482	178			
2483	121,6	2483	178			
2484	121,6	2484	178			
2485	121,6	2485	178			
2486	121,6	2486	179			
2487	121,6	2487	178			
2488	121,6	2488	179			
2489	121,6	2489	179			
2490	121,6	2490	179			
2491	121,6	2491	179			
2492	121,6	2492	178			
2493	121,6	2493	178			
2494	121,6	2494	178			
2495	121,6	2495	178			
2496	121,6	2496	177			
2497	121,6	2497	177			
2498	121,6	2498	178			
2499	121,6	2499	178			
2500	121,6	2500	178			
2501	121,6	2501	178			
2502	121,6	2502	178			
2503	121,6	2503	178			
2504	121,6	2504	178			
2505	121,6	2505	178			
2506	121,5	2506	178			
2507	121,5	2507	179			
2508	121,5	2508	179			
2509	121,5	2509	179			
2510	121,5	2510	179			
2511	121,5	2511	179			
2512	121,5	2512	179			
2513	121,5	2513	178			
2514	121,5	2514	178			
2515	121,5	2515	177			
2516	121,5	2516	178			
2517	121,5	2517	179			
2518	121,5	2518	179			
2519	121,5	2519	180			
2520	121,5	2520	180			
2521	121,5	2521	179			
2522	121,5	2522	179			
2523	121,5	2523	178			
2524	121,5	2524	178			
2525	121,5	2525	178			
2526	121,5	2526	178			
2527	121,5	2527	178			
2528	121,5	2528	179			
2529	121,5	2529	179			
2530	121,5	2530	178			
2531	121,5	2531	179			
2532	121,5	2532	179			
2533	121,5	2533	179			
2534	121,5	2534	179			
2535	121,5	2535	179			
2536	121,5	2536	179			
2537	121,5	2537	179			
2538	121,5	2538	180			
2539	121,5	2539	180			
2540	121,5	2540	180			
2541	121,5	2541	180			
2542	121,5	2542	179			
2543	121,5	2543	179			
2544	121,5	2544	179			
2545	121,5	2545	179			
2546	121,5	2546	179			
2547	121,5	2547	180			
2548	121,5	2548	180			
2549	121,5	2549	179			
2550	121,5	2550	179			
2551	121,6	2551	180			
2552	121,6	2552	180			
2553	121,6	2553	180			
2554	121,6	2554	179			
2555	121,6	2555	179			
2556	121,6	2556	179			
2557	121,6	2557	180			
2558	121,6	2558	179			
2559	121,6	2559	179			
2560	121,6	2560	180			
2561	121,6	2561	181			
2562	121,6	2562	181			
2563	121,6	2563	180			
2564	121,6	2564	179			
2565	121,6	2565	179			
2566	121,6	2566	179			
2567	121,6	2567	179			
2568	121,6	2568	179			
2569	121,6	2569	179			
2570	121,6	2570	179			
2571	121,6	2571	178			
2572	121,6	2572	179			
2573	121,6	2573	178			
2574	121,6	2574	179			
2575	121,6	2575	178			
2576	121,6	2576	179			
2577	121,8	2577	180			
2578	121,8	2578	180			
2579	121,6	2579	179			
2580	121,6	2580	180			
2581	121,6	2581	180			
2582	121,8	2582	179			
2583	121,6	2583	178			
2584	121,6	2584	178			
2585	121,6	2585	179			
2586	121,6	2586	179			
2587	121,6	2587	180			
2588	121,6	2588	180			
2589	121,6	2589	179			
2590	121,6	2590	180			
2591	121,6	2591	179			
2592	121,6	2592	179			
2593	121,6	2593	179			
2594	121,6	2594	179			
2595	121,6	2595	179			
2596	121,6	2596	179			
2597	121,6	2597	179			
2598	121,6	2598	180			
2599	121,6	2599	180			
2600	121,6	2600	180			
2601	121,6	2601	179			
2602	121,6	2602	179			
2603	121,6	2603	180			
2604	121,6	2604	178			
2605	121,6	2605	178			
2606	121,6	2606	179			
2607	121,6	2607	180			
2608	121,6	2608	180			
2609	121,6	2609	180			
2610	121,6	2610	180			
2611	121,6	2611	179			
2612	121,6	2612	179			
2613	121,6	2613	179			
2614	121,6	2614	179			
2615	121,6	2615	179			
2616	121,6	2616	179			
2617	121,6	2617	179			
2618	121,6	2618	179			
2619	121,6	2619	179			
2620	121,6	2620	179			
2621	121,6	2621	180			
2622	121,8	2622	180			
2623	121,6	2623	179			
2624	121,6	2624	178			
2625	121,8	2625	178			
2626	121,8	2626	178			
2627	121,8	2627	178			
2628	121,8	2628	180			
2629	121,8	2629	180			
2630	121,8	2630	179			
2631	121,8	2631	178			
2632	121,8	2632	179			
2633	121,8	2633	179			
2634	121,8	2634	178			
2635	121,8	2635	177			
2636	121,8	2636	178			
2637	121,8	2637	178			
2638	121,8	2638	179			
2639	121,8	2639	179			
2640	121,8	2640	179			
2641	121,8	2641	179			
2642	121,8	2642	179			
2643	121,6	2643	179			
2644	121,6	2644	179			
2645	121,6	2645	178			
2646	121,6	2646	178			
2647	121,6	2647	179			
2648	121,6	2648	180			
2649	121,6	2649	179			
2650	121,6	2650	179			
2651	121,6	2651	179			
2652	121,6	2652	179			
2653	121,6	2653	178			
2654	121,6	2654	178			
2655	121,6	2655	178			
2656	121,6	2656	179			
2657	121,6	2657	178			
2658	121,6	2658	178			
2659	121,6	2659	179			
2660	121,6	2660	179			
2661	121,6	2661	178			
2662	121,6	2662	178			
2663	121,6	2663	178			
2664	121,6	2664	179			
2665	121,6	2665	179			
2666	121,6	2666	178			
2667	121,6	2667	178			
2668	121,6	2668	179			
2669	121,6	2669	180			
2670	121,8	2670	180			
2671	121,6	2671	179			
2672	121,6	2672	178			
2673	121,8	2673	178			
2674	121,8	2674	178			
2675	121,8	2675	179			
2676	121,6	2676	179			
2677	121,8	2677	181			
2678	121,8	2678	179			
2679	121,8	2679	178			
2680	121,8	2680	179			
2681	121,8	2681	179			
2682	121,8	2682	179			
2683	121,8	2683	178			
2684	121,8	2684	179			
2685	121,8	2685	180			
2686	121,8	2686	179			
2687	121,8	2687	179			
2688	121,8	2688	179			
2689	121,6	2689	179			
2690	121,6	2690	179			
2691	121,6	2691	179			
2692	121,6	2692	179			
2693	121,6	2693	180			
2694	121,6	2694	179			
2695	121,6	2695	177			
2696	121,6	2696	178			
2697	121,6	2697	179			
2698	121,6	2698	179			
2699	121,6	2699	180			
2700	121,6	2700	179			
2701	121,6	2701	179			
2702	121,6	2702	179			
2703	121,6	2703	179			
2704	121,6	2704	178			
2705	121,6	2705	178			
2706	121,6	2706	178			
2707	121,6	2707	179			
2708	121,6	2708	180			
2709	121,6	2709	180			
2710	121,6	2710	179			
2711	121,6	2711	178			
2712	121,6	2712	179			
2713	121,6	2713	180			
2714	121,6	2714	179			
2715	121,6	2715	179			
2716	121,6	2716	179			
2717	121,6	2717	179			
2718	121,6	2718	180			
2719	121,6	2719	179			
2720	121,6	2720	179			
2721	121,6	2721	179			
2722	121,6	2722	179			
2723	121,6	2723	178			
2724	121,6	2724	178			
2725	121,6	2725	178			
2726	121,6	2726	179			
2727	121,6	2727	179			
2728	121,6	2728	180			
2729	121,6	2729	180			
2730	121,6	2730	180			
2731	121,6	2731	180			
2732	121,6	2732	179			
2733	121,6	2733	179			
2734	121,6	2734	179			
2735	121,6	2735	179			
2736	121,6	2736	178			
2737	121,6	2737	179			
2738	121,6	2738	179			
2739	121,6	2739	179			
2740	121,6	2740	180			
2741	121,6	2741	179			
2742	121,6	2742	179			
2743	121,6	2743	179			
2744	121,6	2744	179			
2745	121,6	2745	178			
2746	121,6	2746	177			
2747	121,6	2747	178			
2748	121,6	2748	178			
2749	121,6	2749	179			
2750	121,6	2750	179			
2751	121,6	2751	179			
2752	121,6	2752	179			
2753	121,6	2753	178			
2754	121,6	2754	178			
2755	121,6	2755	179			
2756	121,6	2756	179			
2757	121,6	2757	180			
2758	121,6	2758	180			
2759	121,6	2759	180			
2760	121,6	2760	180			
2761	121,6	2761	180			
2762	121,6	2762	179			
2763	121,6	2763	179			
2764	121,6	2764	179			
2765	121,6	2765	179			
2766	121,6	2766	179			
2767	121,6	2767	179			
2768	121,8	2768	179			
2769	121,8	2769	180			
2770	121,8	2770	179			
2771	121,8	2771	179			
2772	121,8	2772	179			
2773	121,8	2773	179			
2774	121,8	2774	178			
2775	121,8	2775	178			
2776	121,8	2776	179			
2777	121,8	2777	179			
2778	121,8	2778	179			
2779	121,8	2779	179			
2780	121,8	2780	179			
2781	121,8	2781	179			
2782	121,8	2782	179			
2783	121,8	2783	179			
2784	121,8	2784	178			
2785	121,8	2785	178			
2786	121,8	2786	177			
2787	121,8	2787	178			
2788	121,8	2788	179			
2789	121,8	2789	179			
2790	121,8	2790	178			
2791	121,8	2791	179			
2792	121,8	2792	179			
2793	121,6	2793	179			
2794	121,6	2794	178			
2795	121,6	2795	178			
2796	121,6	2796	178			
2797	121,6	2797	179			
2798	121,6	2798	178			
2799	121,6	2799	177			
2800	121,6	2800	177			
2801	121,6	2801	177			
2802	121,6	2802	177			
2803	121,5	2803	175			
2804	121,5	2804	176			
2805	121,5	2805	175			
2806	121,5	2806	175			
2807	121,5	2807	175			
2808	121,5	2808	176			
2809	121,4	2809	174			
2810	121,4	2810	173			
2811	121,3	2811	173			
2812	121,3	2812	173			
2813	121,1	2813	171			
2814	121,1	2814	172			
2815	121	2815	172			
2816	121	2816	171			
2817	121	2817	171			
2818	120,9	2818	171			
2819	120,8	2819	170			
2820	120,8	2820	170			
2821	120,6	2821	170			
2822	120,6	2822	170			
2823	120,5	2823	169			
2824	120,5	2824	168			
2825	120,5	2825	167			
2826	120,4	2826	168			
2827	120,4	2827	168			
2828	120,3	2828	169			
2829	120,3	2829	169			
2830	120,3	2830	168			
2831	120,1	2831	167			
2832	120,1	2832	167			
2833	120	2833	167			
2834	120	2834	167			
2835	120	2835	166			
2836	120	2836	166			
2837	119,9	2837	166			
2838	119,9	2838	165			
2839	119,9	2839	164			
2840	119,8	2840	165			
2841	119,8	2841	165			
2842	119,6	2842	165			
2843	119,6	2843	165			
2844	119,5	2844	165			
2845	119,5	2845	164			
2846	119,5	2846	164			
2847	119,5	2847	163			
2848	119,5	2848	163			
2849	119,4	2849	163			
2850	119,4	2850	163			
2851	119,3	2851	163			
2852	119,3	2852	163			
2853	119,1	2853	162			
2854	119,1	2854	161			
2855	119,1	2855	162			
2856	119,1	2856	162			
2857	119	2857	162			
2858	119	2858	162			
2859	119	2859	162			
2860	119	2860	162			
2861	119	2861	161			
2862	118,9	2862	162			
2863	118,9	2863	161			
2864	118,9	2864	160			
2865	118,8	2865	160			
2866	118,8	2866	160			
2867	118,8	2867	161			
2868	118,6	2868	160			
2869	118,6	2869	160			
2870	118,5	2870	160			
2871	118,5	2871	159			
2872	118,5	2872	159			
2873	118,5	2873	159			
2874	118,5	2874	158			
2875	118,4	2875	158			
2876	118,4	2876	158			
2877	118,4	2877	158			
2878	118,3	2878	157			
2879	118,3	2879	157			
2880	118,3	2880	158			
2881	118,1	2881	157			
2882	118,1	2882	157			
2883	118	2883	157			
2884	118	2884	157			
2885	118	2885	156			
2886	118	2886	157			
2887	118	2887	157			
2888	118	2888	157			
2889	118	2889	155			
2890	118	2890	155			
2891	117,9	2891	156			
2892	117,9	2892	156			
2893	117,9	2893	155			
2894	117,8	2894	155			
2895	117,8	2895	155			
2896	117,8	2896	155			
2897	117,6	2897	155			
2898	117,6	2898	155			
2899	117,6	2899	155			
2900	117,5	2900	154			
2901	117,5	2901	154			
2902	117,5	2902	154			
2903	117,5	2903	153			
2904	117,5	2904	153			
2905	117,4	2905	153			
2906	117,4	2906	153			
2907	117,3	2907	152			
2908	117,3	2908	152			
2909	117,3	2909	153			
2910	117,1	2910	152			
2911	117,1	2911	151			
2912	117,1	2912	151			
2913	117	2913	153			
2914	117	2914	152			
2915	117	2915	151			
2916	117	2916	152			
2917	117	2917	152			
2918	117	2918	151			
2919	116,9	2919	150			
2920	116,9	2920	150			
2921	116,9	2921	150			
2922	116,8	2922	151			
2923	116,8	2923	151			
2924	116,8	2924	150			
2925	116,6	2925	149			
2926	116,6	2926	149			
2927	116,5	2927	149			
2928	116,5	2928	150			
2929	116,5	2929	150			
2930	116,5	2930	149			
2931	116,5	2931	149			
2932	116,5	2932	148			
2933	116,5	2933	148			
2934	116,4	2934	147			
2935	116,4	2935	147			
2936	116,4	2936	147			
2937	116,3	2937	147			
2938	116,3	2938	148			
2939	116,3	2939	147			
2940	116,1	2940	146			
2941	116,1	2941	147			
2942	116,1	2942	148			
2943	116	2943	147			
2944	116	2944	146			
2945	116	2945	147			
2946	116	2946	147			
2947	116	2947	145			
2948	116	2948	144			
2949	115,9	2949	146			
2950	115,9	2950	146			
2951	115,9	2951	145			
2952	115,8	2952	146			
2953	115,8	2953	146			
2954	115,8	2954	145			
2955	115,8	2955	144			
2956	115,6	2956	145			
2957	115,6	2957	146			
2958	115,6	2958	144			
2959	115,5	2959	143			
2960	115,5	2960	144			
2961	115,5	2961	143			
2962	115,5	2962	142			
2963	115,5	2963	143			
2964	115,4	2964	143			
2965	115,4	2965	142			
2966	115,4	2966	142			
2967	115,4	2967	143			
2968	115,3	2968	142			
2969	115,3	2969	141			
2970	115,3	2970	142			
2971	115,1	2971	143			
2972	115,1	2972	142			
2973	115	2973	141			
2974	115	2974	142			
2975	115	2975	142			
2976	115	2976	141			
2977	115	2977	141			
2978	115	2978	141			
2979	114,9	2979	140			
2980	114,9	2980	139			
2981	114,9	2981	140			
2982	114,8	2982	141			
2983	114,8	2983	140			
2984	114,8	2984	140			
2985	114,6	2985	141			
2986	114,6	2986	140			
2987	114,5	2987	139			
2988	114,5	2988	139			
2989	114,5	2989	140			
2990	114,5	2990	139			
2991	114,5	2991	138			
2992	114,5	2992	138			
2993	114,5	2993	139			
2994	114,4	2994	138			
2995	114,4	2995	138			
2996	114,4	2996	138			
2997	114,3	2997	137			
2998	114,3	2998	137			
2999	114,3	2999	137			
3000	114,1	3000	139			
3001	114,1	3001	138			
3002	114,1	3002	138			
3003	114	3003	137			
3004	114	3004	136			
3005	114	3005	135			
3006	114	3006	135			
3007	114	3007	136			
3008	113,9	3008	136			
3009	113,9	3009	135			
3010	113,9	3010	135			
3011	113,8	3011	136			
3012	113,8	3012	135			
3013	113,8	3013	134			
3014	113,6	3014	135			
3015	113,6	3015	136			
3016	113,6	3016	135			
3017	113,5	3017	134			
3018	113,5	3018	134			
3019	113,5	3019	134			
3020	113,5	3020	134			
3021	113,5	3021	135			
3022	113,5	3022	134			
3023	113,5	3023	134			
3024	113,4	3024	134			
3025	113,4	3025	134			
3026	113,4	3026	133			
3027	113,4	3027	133			
3028	113,3	3028	132			
3029	113,3	3029	133			
3030	113,3	3030	132			
3031	113,1	3031	131			
3032	113,1	3032	132			
3033	113,1	3033	132			
3034	113	3034	132			
3035	113	3035	131			
3036	113	3036	132			
3037	113	3037	132			
3038	113	3038	132			
3039	113	3039	132			
3040	113	3040	132			
3041	112,9	3041	131			
3042	112,9	3042	130			
3043	112,9	3043	130			
3044	112,8	3044	131			
3045	112,8	3045	129			
3046	112,6	3046	129			
3047	112,6	3047	131			
3048	112,5	3048	130			
3049	112,5	3049	130			
3050	112,5	3050	130			
3051	112,5	3051	130			
3052	112,5	3052	128			
3053	112,5	3053	128			
3054	112,5	3054	129			
3055	112,4	3055	129			
3056	112,4	3056	128			
3057	112,3	3057	129			
3058	112,3	3058	129			
3059	112,1	3059	128			
3060	112,1	3060	128			
3061	112,1	3061	128			
3062	112,1	3062	128			
3063	112	3063	127			
3064	112	3064	127			
3065	112	3065	128			
3066	112	3066	128			
3067	112	3067	127			
3068	112	3068	127			
3069	112	3069	128			
3070	111,9	3070	127			
3071	111,9	3071	126			
3072	111,9	3072	126			
3073	111,9	3073	126			
3074	111,8	3074	126			
3075	111,8	3075	125			
3076	111,8	3076	126			
3077	111,6	3077	126			
3078	111,6	3078	125			
3079	111,5	3079	125			
3080	111,5	3080	126			
3081	111,5	3081	126			
3082	111,5	3082	125			
3083	111,5	3083	125			
3084	111,5	3084	125			
3085	111,5	3085	125			
3086	111,4	3086	125			
3087	111,4	3087	125			
3088	111,3	3088	124			
3089	111,3	3089	124			
3090	111,3	3090	124			
3091	111,1	3091	125			
3092	111,1	3092	125			
3093	111,1	3093	123			
3094	111,1	3094	125			
3095	111	3095	124			
3096	111	3096	123			
3097	111	3097	124			
3098	111	3098	124			
3099	111	3099	123			
3100	111	3100	122			
3101	111	3101	122			
3102	110,9	3102	122			
3103	110,9	3103	122			
3104	110,9	3104	122			
3105	110,8	3105	123			
3106	110,8	3106	122			
3107	110,8	3107	121			
3108	110,8	3108	121			
3109	110,6	3109	121			
3110	110,6	3110	120			
3111	110,6	3111	121			
3112	110,5	3112	122			
3113	110,5	3113	121			
3114	110,5	3114	120			
3115	110,5	3115	120			
3116	110,5	3116	121			
3117	110,5	3117	122			
3118	110,5	3118	121			
3119	110,4	3119	121			
3120	110,4	3120	120			
3121	110,4	3121	120			
3122	110,3	3122	119			
3123	110,3	3123	119			
3124	110,3	3124	119			
3125	110,3	3125	120			
3126	110,1	3126	120			
3127	110,1	3127	121			
3128	110,1	3128	119			
3129	110	3129	118			
3130	110	3130	118			
3131	110	3131	119			
3132	110	3132	119			
3133	110	3133	119			
3134	110	3134	119			
3135	109,9	3135	119			
3136	109,9	3136	118			
3137	109,9	3137	118			
3138	109,8	3138	118			
3139	109,8	3139	117			
3140	109,6	3140	118			
3141	109,6	3141	119			
3142	109,6	3142	119			
3143	109,6	3143	118			
3144	109,5	3144	117			
3145	109,5	3145	118			
3146	109,5	3146	118			
3147	109,5	3147	117			
3148	109,5	3148	117			
3149	109,5	3149	116			
3150	109,5	3150	117			
3151	109,4	3151	117			
3152	109,4	3152	117			
3153	109,4	3153	117			
3154	109,3	3154	116			
3155	109,3	3155	117			
3156	109,3	3156	117			
3157	109,3	3157	116			
3158	109,1	3158	115			
3159	109,1	3159	115			
3160	109,1	3160	115			
3161	109	3161	115			
3162	109	3162	115			
3163	109	3163	116			
3164	109	3164	116			
3165	109	3165	115			
3166	109	3166	115			
3167	109	3167	115			
3168	109	3168	114			
3169	108,9	3169	114			
3170	108,9	3170	114			
3171	108,9	3171	115			
3172	108,8	3172	114			
3173	108,8	3173	114			
3174	108,8	3174	114			
3175	108,8	3175	113			
3176	108,8	3176	113			
3177	108,6	3177	113			
3178	108,6	3178	114			
3179	108,6	3179	114			
3180	108,5	3180	114			
3181	108,5	3181	113			
3182	108,5	3182	113			
3183	108,5	3183	112			
3184	108,5	3184	114			
3185	108,5	3185	113			
3186	108,5	3186	112			
3187	108,5	3187	112			
3188	108,4	3188	112			
3189	108,4	3189	112			
3190	108,4	3190	112			
3191	108,3	3191	112			
3192	108,3	3192	112			
3193	108,3	3193	112			
3194	108,1	3194	111			
3195	108,1	3195	111			
3196	108,1	3196	111			
3197	108	3197	111			
3198	108	3198	111			
3199	108	3199	111			
3200	108	3200	111			
3201	108	3201	111			
3202	108	3202	111			
3203	108	3203	112			
3204	108	3204	110			
3205	108	3205	111			
3206	107,9	3206	112			
3207	107,9	3207	110			
3208	107,9	3208	111			
3209	107,8	3209	111			
3210	107,8	3210	111			
3211	107,8	3211	111			
3212	107,6	3212	110			
3213	107,6	3213	110			
3214	107,6	3214	110			
3215	107,6	3215	109			
3216	107,5	3216	109			
3217	107,5	3217	109			
3218	107,5	3218	109			
3219	107,5	3219	109			
3220	107,5	3220	109			
3221	107,5	3221	110			
3222	107,5	3222	109			
3223	107,4	3223	109			
3224	107,4	3224	109			
3225	107,4	3225	109			
3226	107,4	3226	108			
3227	107,3	3227	108			
3228	107,3	3228	108			
3229	107,3	3229	107			
3230	107,1	3230	107			
3231	107,1	3231	108			
3232	107,1	3232	108			
3233	107,1	3233	108			
3234	107	3234	107			
3235	107	3235	107			
3236	107	3236	106			
3237	107	3237	107			
3238	107	3238	107			
3239	107	3239	107			
3240	107	3240	106			
3241	106,9	3241	106			
3242	106,9	3242	108			
3243	106,9	3243	107			
3244	106,9	3244	106			
3245	106,9	3245	106			
3246	106,8	3246	106			
3247	106,8	3247	106			
3248	106,8	3248	106			
3249	106,8	3249	106			
3250	106,6	3250	107			
3251	106,6	3251	106			
3252	106,6	3252	106			
3253	106,6	3253	107			
3254	106,5	3254	106			
3255	106,5	3255	106			
3256	106,5	3256	106			
3257	106,5	3257	105			
3258	106,5	3258	105			
3259	106,5	3259	105			
3260	106,5	3260	105			
3261	106,5	3261	105			
3262	106,4	3262	105			
3263	106,4	3263	105			
3264	106,4	3264	106			
3265	106,3	3265	105			
3266	106,3	3266	104			
3267	106,3	3267	104			
3268	106,1	3268	104			
3269	106,1	3269	104			
3270	106,1	3270	104			
3271	106,1	3271	105			
3272	106,1	3272	105			
3273	106,1	3273	104			
3274	106	3274	103			
3275	106	3275	103			
3276	106	3276	104			
3277	106	3277	103			
3278	106	3278	103			
3279	106	3279	104			
3280	106	3280	103			
3281	106	3281	103			
3282	106	3282	104			
3283	105,9	3283	103			
3284	105,9	3284	103			
3285	105,9	3285	103			
3286	105,9	3286	103			
3287	105,8	3287	103			
3288	105,8	3288	102			
3289	105,8	3289	102			
3290	105,6	3290	101			
3291	105,6	3291	100			
3292	105,6	3292	100			
3293	105,6	3293	101			
3294	105,5	3294	102			
3295	105,5	3295	102			
3296	105,5	3296	101			
3297	105,5	3297	102			
3298	105,5	3298	102			
3299	105,5	3299	102			
3300	105,4	3300	102			
3301	105,4	3301	102			
3302	105,4	3302	102			
3303	105,4	3303	101			
3304	105,4	3304	101			
3305	105,3	3305	101			
3306	105,3	3306	101			
3307	105,3	3307	100			
3308	105,1	3308	100			
3309	105,1	3309	100			
3310	105,1	3310	100			
3311	105,1	3311	102			
3312	105	3312	100			
3313	105	3313	100			
3314	105	3314	99			
3315	105	3315	100			
3316	105	3316	100			
3317	105	3317	100			
3318	105	3318	100			
3319	105	3319	100			
3320	105	3320	99			
3321	104,9	3321	99			
3322	104,9	3322	100			
3323	104,9	3323	100			
3324	104,9	3324	100			
3325	104,9	3325	100			
3326	104,8	3326	100			
3327	104,8	3327	99			
3328	104,8	3328	98			
3329	104,8	3329	99			
3330	104,8	3330	99			
3331	104,8	3331	98			
3332	104,6	3332	99			
3333	104,6	3333	98			
3334	104,6	3334	98			
3335	104,6	3335	99			
3336	104,5	3336	99			
3337	104,5	3337	98			
3338	104,5	3338	98			
3339	104,5	3339	97			
3340	104,5	3340	98			
3341	104,5	3341	98			
3342	104,5	3342	98			
3343	104,5	3343	97			
3344	104,5	3344	97			
3345	104,4	3345	97			
3346	104,4	3346	97			
3347	104,4	3347	98			
3348	104,3	3348	97			
3349	104,3	3349	97			
3350	104,3	3350	97			
3351	104,3	3351	97			
3352	104,3	3352	96			
3353	104,1	3353	96			
3354	104,1	3354	96			
3355	104,1	3355	97			
3356	104,1	3356	97			
3357	104	3357	96			
3358	104	3358	97			
3359	104	3359	97			
3360	104	3360	96			
3361	104	3361	95			
3362	104	3362	96			
3363	103,9	3363	96			
3364	103,9	3364	96			
3365	103,9	3365	96			
3366	103,9	3366	96			
3367	103,9	3367	97			
3368	103,9	3368	96			
3369	103,8	3369	96			
3370	103,8	3370	95			
3371	103,8	3371	94			
3372	103,8	3372	95			
3373	103,8	3373	95			
3374	103,6	3374	95			
3375	103,6	3375	95			
3376	103,6	3376	95			
3377	103,6	3377	95			
3378	103,5	3378	95			
3379	103,5	3379	95			
3380	103,5	3380	96			
3381	103,5	3381	96			
3382	103,5	3382	95			
3383	103,5	3383	95			
3384	103,5	3384	95			
3385	103,5	3385	95			
3386	103,5	3386	94			
3387	103,4	3387	94			
3388	103,4	3388	94			
3389	103,4	3389	93			
3390	103,3	3390	93			
3391	103,3	3391	94			
3392	103,3	3392	94			
3393	103,3	3393	93			
3394	103,3	3394	93			
3395	103,1	3395	94			
3396	103,1	3396	94			
3397	103,1	3397	93			
3398	103,1	3398	93			
3399	103	3399	93			
3400	103	3400	93			
3401	103	3401	93			
3402	103	3402	93			
3403	103	3403	93			
3404	103	3404	92			
3405	103	3405	93			
3406	103	3406	93			
3407	103	3407	92			
3408	103	3408	93			
3409	102,9	3409	93			
3410	102,9	3410	93			
3411	102,9	3411	91			
3412	102,9	3412	91			
3413	102,8	3413	93			
3414	102,8	3414	93			
3415	102,8	3415	92			
3416	102,8	3416	93			
3417	102,8	3417	92			
3418	102,6	3418	92			
3419	102,6	3419	93			
3420	102,6	3420	92			
3421	102,6	3421	91			
3422	102,6	3422	91			
3423	102,5	3423	92			
3424	102,5	3424	92			
3425	102,5	3425	91			
3426	102,5	3426	91			
3427	102,5	3427	91			
3428	102,5	3428	91			
3429	102,5	3429	91			
3430	102,4	3430	91			
3431	102,4	3431	92			
3432	102,4	3432	91			
3433	102,4	3433	91			
3434	102,4	3434	91			
3435	102,4	3435	90			
3436	102,3	3436	90			
3437	102,3	3437	90			
3438	102,3	3438	91			
3439	102,3	3439	90			
3440	102,1	3440	90			
3441	102,1	3441	91			
3442	102,1	3442	91			
3443	102,1	3443	91			
3444	102,1	3444	90			
3445	102	3445	90			
3446	102	3446	90			
3447	102	3447	90			
3448	102	3448	90			
3449	102	3449	90			
3450	102	3450	90			
3451	102	3451	90			
3452	102	3452	89			
3453	102	3453	89			
3454	102	3454	89			
3455	101,9	3455	89			
3456	101,9	3456	90			
3457	101,9	3457	89			
3458	101,9	3458	89			
3459	101,9	3459	88			
3460	101,8	3460	89			
3461	101,8	3461	88			
3462	101,8	3462	89			
3463	101,8	3463	89			
3464	101,8	3464	90			
3465	101,8	3465	89			
3466	101,6	3466	88			
3467	101,6	3467	89			
3468	101,6	3468	89			
3469	101,6	3469	88			
3470	101,6	3470	88			
3471	101,5	3471	89			
3472	101,5	3472	88			
3473	101,5	3473	87			
3474	101,5	3474	87			
3475	101,5	3475	88			
3476	101,5	3476	87			
3477	101,5	3477	88			
3478	101,5	3478	88			
3479	101,5	3479	87			
3480	101,4	3480	87			
3481	101,4	3481	87			
3482	101,4	3482	88			
3483	101,4	3483	88			
3484	101,3	3484	88			
3485	101,3	3485	88			
3486	101,3	3486	88			
3487	101,3	3487	89			
3488	101,3	3488	88			
3489	101,3	3489	88			
3490	101,1	3490	87			
3491	101,1	3491	86			
3492	101,1	3492	86			
3493	101,1	3493	87			
3494	101,1	3494	87			
3495	101	3495	87			
3496	101	3496	87			
3497	101	3497	87			
3498	101	3498	87			
3499	101	3499	86			
3500	101	3500	86			
3501	101	3501	86			
3502	101	3502	85			
3503	101	3503	86			
3504	101	3504	86			
3505	101	3505	86			
3506	100,9	3506	86			
3507	100,9	3507	86			
3508	100,9	3508	86			
3509	100,9	3509	87			
3510	100,9	3510	86			
3511	100,9	3511	85			
3512	100,8	3512	85			
3513	100,8	3513	85			
3514	100,8	3514	85			
3515	100,8	3515	85			
3516	100,8	3516	86			
3517	100,8	3517	85			
3518	100,6	3518	85			
3519	100,6	3519	85			
3520	100,6	3520	85			
3521	100,6	3521	85			
3522	100,6	3522	86			
3523	100,5	3523	85			
3524	100,5	3524	85			
3525	100,5	3525	85			
3526	100,5	3526	85			
3527	100,5	3527	86			
3528	100,5	3528	85			
3529	100,5	3529	86			
3530	100,5	3530	85			
3531	100,4	3531	85			
3532	100,4	3532	84			
3533	100,4	3533	84			
3534	100,4	3534	85			
3535	100,3	3535	85			
3536	100,3	3536	85			
3537	100,3	3537	85			
3538	100,1	3538	84			
3539	100,1	3539	84			
3540	100,1	3540	84			
3541	100,1	3541	84			
3542	100,1	3542	84			
3543	100,1	3543	85			
3544	100	3544	85			
3545	100	3545	84			
3546	100	3546	84			
3547	100	3547	84			
3548	100	3548	84			
3549	100	3549	84			
3550	100	3550	84			
3551	100	3551	84			
3552	100	3552	85			
3553	100	3553	84			
3554	100	3554	83			
3555	99,9	3555	83			
3556	99,9	3556	83			
3557	99,9	3557	83			
3558	99,9	3558	83			
3559	99,8	3559	83			
3560	99,8	3560	83			
3561	99,8	3561	84			
3562	99,8	3562	83			
3563	99,8	3563	82			
3564	99,8	3564	82			
3565	99,8	3565	83			
3566	99,6	3566	83			
3567	99,6	3567	81			
3568	99,6	3568	82			
3569	99,6	3569	83			
3570	99,6	3570	83			
3571	99,6	3571	82			
3572	99,5	3572	83			
3573	99,5	3573	83			
3574	99,5	3574	82			
3575	99,5	3575	82			
3576	99,5	3576	83			
3577	99,5	3577	82			
3578	99,5	3578	82			
3579	99,5	3579	81			
3580	99,5	3580	82			
3581	99,5	3581	82			
3582	99,5	3582	82			
3583	99,5	3583	82			
3584	99,4	3584	81			
3585	99,4	3585	81			
3586	99,4	3586	81			
3587	99,4	3587	81			
3588	99,4	3588	82			
3589	99,4	3589	82			
3590	99,3	3590	82			
3591	99,3	3591	82			
3592	99,3	3592	81			
3593	99,3	3593	81			
3594	99,1	3594	80			
3595	99	3595	79			
3596	99	3596	80			
3597	99	3597	79			
3598	99	3598	79			
3599	98,9	3599	78			
3600	98,8	3600	78			
3601	98,6	3601	77			
3602	98,5	3602	79			
3603	98,5	3603	78			
3604	98,4	3604	77			
3605	98,3	3605	77			
3606	98,1	3606	77			
3607	98,1	3607	77			
3608	98	3608	77			
3609	98	3609	76			
3610	97,9	3610	76			
3611	97,9	3611	76			
3612	97,8	3612	75			
3613	97,6	3613	75			
3614	97,5	3614	75			
3615	97,5	3615	76			
3616	97,5	3616	76			
3617	97,4	3617	75			
3618	97,4	3618	75			
3619	97,3	3619	75			
3620	97,3	3620	75			
3621	97,1	3621	74			
3622	97	3622	74			
3623	97	3623	74			
3624	97	3624	75			
3625	97	3625	75			
3626	96,9	3626	74			
3627	96,8	3627	73			
3628	96,8	3628	74			
3629	96,8	3629	73			
3630	96,6	3630	74			
3631	96,6	3631	73			
3632	96,5	3632	74			
3633	96,5	3633	73			
3634	96,5	3634	73			
3635	96,4	3635	73			
3636	96,4	3636	72			
3637	96,3	3637	73			
3638	96,3	3638	73			
3639	96,1	3639	74			
3640	96,1	3640	72			
3641	96	3641	72			
3642	96	3642	72			
3643	96	3643	72			
3644	96	3644	72			
3645	95,9	3645	72			
3646	95,8	3646	72			
3647	95,8	3647	71			
3648	95,6	3648	72			
3649	95,6	3649	71			
3650	95,5	3650	71			
3651	95,5	3651	71			
3652	95,5	3652	71			
3653	95,5	3653	71			
3654	95,4	3654	70			
3655	95,4	3655	70			
3656	95,3	3656	71			
3657	95,3	3657	70			
3658	95,1	3658	70			
3659	95,1	3659	71			
3660	95	3660	70			
3661	95	3661	70			
3662	95	3662	70			
3663	95	3663	69			
3664	95	3664	69			
3665	94,9	3665	70			
3666	94,9	3666	71			
3667	94,9	3667	70			
3668	94,8	3668	69			
3669	94,8	3669	68			
3670	94,8	3670	69			
3671	94,6	3671	69			
3672	94,6	3672	69			
3673	94,5	3673	68			
3674	94,5	3674	68			
3675	94,5	3675	68			
3676	94,5	3676	69			
3677	94,4	3677	68			
3678	94,4	3678	68			
3679	94,3	3679	67			
3680	94,3	3680	67			
3681	94,3	3681	68			
3682	94,1	3682	68			
3683	94,1	3683	68			
3684	94	3684	67			
3685	94	3685	68			
3686	94	3686	68			
3687	94	3687	68			
3688	94	3688	66			
3689	94	3689	68			
3690	93,9	3690	68			
3691	93,9	3691	68			
3692	93,9	3692	67			
3693	93,8	3693	67			
3694	93,8	3694	66			
3695	93,8	3695	66			
3696	93,6	3696	66			
3697	93,6	3697	66			
3698	93,6	3698	65			
3699	93,5	3699	66			
3700	93,5	3700	66			
3701	93,5	3701	67			
3702	93,5	3702	67			
3703	93,5	3703	67			
3704	93,5	3704	66			
3705	93,5	3705	65			
3706	93,5	3706	66			
3707	93,4	3707	66			
3708	93,4	3708	67			
3709	93,4	3709	66			
3710	93,3	3710	65			
3711	93,3	3711	66			
3712	93,3	3712	65			
3713	93,1	3713	64			
3714	93,1	3714	65			
3715	93,1	3715	65			
3716	93,1	3716	65			
3717	93	3717	65			
3718	93	3718	65			
3719	93	3719	64			
3720	93	3720	65			
3721	93	3721	64			
3722	93	3722	65			
3723	92,9	3723	64			
3724	92,9	3724	64			
3725	92,9	3725	63			
3726	92,9	3726	64			
3727	92,8	3727	64			
3728	92,8	3728	64			
3729	92,8	3729	64			
3730	92,8	3730	65			
3731	92,6	3731	64			
3732	92,6	3732	63			
3733	92,6	3733	63			
3734	92,6	3734	63			
3735	92,5	3735	64			
3736	92,5	3736	64			
3737	92,5	3737	64			
3738	92,5	3738	63			
3739	92,5	3739	64			
3740	92,5	3740	63			
3741	92,5	3741	63			
3742	92,5	3742	64			
3743	92,5	3743	63			
3744	92,5	3744	62			
3745	92,4	3745	63			
3746	92,4	3746	63			
3747	92,4	3747	63			
3748	92,4	3748	62			
3749	92,3	3749	64			
3750	92,3	3750	63			
3751	92,3	3751	63			
3752	92,3	3752	63			
3753	92,3	3753	63			
3754	92,1	3754	63			
3755	92,1	3755	63			
3756	92,1	3756	63			
3757	92,1	3757	63			
3758	92,1	3758	63			
3759	92,1	3759	63			
3760	92	3760	63			
3761	92	3761	63			
3762	92	3762	62			
3763	92	3763	63			
3764	92	3764	63			
3765	92	3765	63			
3766	92	3766	62			
3767	92	3767	63			
3768	92	3768	62			
3769	91,9	3769	62			
3770	91,9	3770	62			
3771	91,9	3771	63			
3772	91,9	3772	63			
3773	91,9	3773	62			
3774	91,9	3774	62			
3775	91,8	3775	62			
3776	91,8	3776	61			
3777	91,8	3777	62			
3778	91,9	3778	62			
3779	91,8	3779	62			
3780	91,8	3780	62			
3781	91,8	3781	62			
3782	91,8	3782	61			
3783	91,8	3783	62			
3784	91,8	3784	61			
3785	91,8	3785	62			
3786	91,6	3786	62			
3787	91,6	3787	61			
3788	91,6	3788	61			
3789	91,6	3789	61			
3790	91,6	3790	61			
3791	91,6	3791	62			
3792	91,6	3792	61			
3793	91,6	3793	62			
3794	91,6	3794	61			
3795	91,5	3795	60			
3796	91,5	3796	62			
3797	91,5	3797	62			
3798	91,5	3798	62			
3799	91,5	3799	61			
3800	91,5	3800	61			
3801	91,5	3801	61			
3802	91,5	3802	62			
3803	91,5	3803	61			
3804	91,5	3804	62			
3805	91,5	3805	61			
3806	91,5	3806	61			
3807	91,5	3807	61			
3808	91,5	3808	61			
3809	91,5	3809	61			
3810	91,5	3810	61			
3811	91,5	3811	60			
3812	91,5	3812	61			
3813	91,5	3813	61			
3814	91,5	3814	62			
3815	91,5	3815	61			
3816	91,5	3816	61			
3817	91,5	3817	61			
3818	91,5	3818	61			
3819	91,4	3819	61			
3820	91,4	3820	61			
3821	91,4	3821	61			
3822	91,4	3822	60			
3823	91,4	3823	61			
3824	91,4	3824	61			
3825	91,4	3825	61			
3826	91,5	3826	62			
3827	91,5	3827	61			
3828	91,5	3828	61			
3829	91,4	3829	61			
3830	91,5	3830	62			
3831	91,4	3831	62			
3832	91,4	3832	60			
3833	91,4	3833	61			
3834	91,4	3834	61			
3835	91,4	3835	60			
3836	91,4	3836	61			
3837	91,4	3837	60			
3838	91,4	3838	60			
3839	91,4	3839	60			
3840	91,4	3840	61			
3841	91,4	3841	61			
3842	91,4	3842	60			
3843	91,4	3843	61			
3844	91,3	3844	60			
3845	91,4	3845	60			
3846	91,4	3846	61			
3847	91,4	3847	61			
3848	91,4	3848	60			
3849	91,4	3849	61			
3850	91,3	3850	60			
3851	91,3	3851	61			
3852	91,3	3852	61			
3853	91,3	3853	60			
3854	91,3	3854	61			
3855	91,3	3855	61			
3856	91,3	3856	60			
3857	91,3	3857	61			
3858	91,3	3858	61			
3859	91,3	3859	61			
3860	91,3	3860	60			
3861	91,3	3861	60			
3862	91,3	3862	61			
3863	91,3	3863	60			
3864	91,3	3864	60			
3865	91,3	3865	59			
3866	91,3	3866	61			
3867	91,3	3867	61			
3868	91,3	3868	60			
3869	91,3	3869	60			
3870	91,3	3870	61			
3871	91,3	3871	60			
3872	91,3	3872	60			
3873	91,3	3873	60			
3874	91,3	3874	61			
3875	91,3	3875	60			
3876	91,3	3876	60			
3877	91,3	3877	60			
3878	91,3	3878	60			
3879	91,3	3879	60			
3880	91,3	3880	60			
3881	91,3	3881	60			
3882	91,3	3882	60			
3883	91,1	3883	60			
3884	91,3	3884	60			
3885	91,1	3885	60			
3886	91,1	3886	60			
3887	91,1	3887	60			
3888	91,1	3888	60			
3889	91,1	3889	60			
3890	91,1	3890	60			
3891	91,1	3891	61			
3892	91,1	3892	60			
3893	91,1	3893	60			
3894	91,1	3894	60			
3895	91,1	3895	60			
3896	91,1	3896	60			
3897	91,1	3897	61			
3898	91,1	3898	60			
3899	91	3899	61			
3900	91	3900	60			
3901	91	3901	60			
3902	91	3902	60			
3903	91	3903	60			
3904	91	3904	60			
3905	91	3905	61			
3906	91	3906	60			
3907	91	3907	60			
3908	91	3908	60			
3909	91	3909	60			
3910	91	3910	60			
3911	91	3911	60			
3912	91	3912	59			
3913	91	3913	60			
3914	91	3914	60			
3915	91	3915	60			
3916	91	3916	60			
3917	91	3917	61			
3918	91	3918	61			
3919	91	3919	60			
3920	91	3920	59			
3921	91	3921	60			
3922	91	3922	60			
3923	91	3923	60			
3924	91	3924	60			
3925	91	3925	61			
3926	91	3926	60			
3927	91	3927	59			
3928	91	3928	60			
3929	91	3929	60			
3930	91	3930	60			
3931	91	3931	59			
3932	91	3932	60			
3933	91	3933	60			
3934	91	3934	60			
3935	91	3935	60			
3936	91	3936	59			
3937	91	3937	59			
3938	91	3938	60			
3939	91	3939	60			
3940	91	3940	61			
3941	91	3941	60			
3942	91	3942	60			
3943	91	3943	60			
3944	91	3944	60			
3945	91	3945	59			
3946	91	3946	60			
3947	91	3947	60			
3948	91	3948	60			
3949	91	3949	59			
3950	91	3950	60			
3951	91	3951	60			
3952	91	3952	61			
3953	91	3953	60			
3954	91	3954	61			
3955	91	3955	60			
3956	91	3956	59			
3957	91	3957	60			
3958	91	3958	60			
3959	91	3959	60			
3960	91	3960	60			
3961	91	3961	60			
3962	91	3962	60			
3963	91	3963	60			
3964	91	3964	60			
3965	91	3965	59			
3966	91	3966	60			
3967	91	3967	59			
3968	91	3968	59			
3969	91	3969	59			
3970	91	3970	60			
3971	91	3971	59			
3972	91	3972	60			
3973	91	3973	60			
3974	91	3974	60			
3975	91	3975	60			
3976	91	3976	60			
3977	91	3977	60			
3978	91	3978	60			
3979	91	3979	60			
3980	91	3980	59			
3981	91	3981	59			
3982	91	3982	60			
3983	91	3983	61			
3984	91	3984	60			
3985	91	3985	59			
3986	91	3986	60			
3987	91	3987	59			
3988	91	3988	59			
3989	91	3989	60			
3990	91	3990	59			
3991	91	3991	60			
3992	91	3992	60			
3993	91	3993	61			
3994	91	3994	60			
3995	91	3995	59			
3996	91	3996	60			
3997	91	3997	60			
3998	91	3998	60			
3999	90,9	3999	59			
4000	90,9	4000	60			
4001	90,9	4001	60			
4002	90,9	4002	60			
4003	91	4003	59			
4004	91	4004	59			
4005	91	4005	59			
4006	91	4006	60			
4007	90,9	4007	59			
4008	90,9	4008	58			
4009	91	4009	60			
4010	91	4010	59			
4011	91	4011	59			
4012	91	4012	59			
4013	91	4013	60			
4014	91	4014	60			
4015	91	4015	60			
4016	91	4016	60			
4017	91	4017	60			
4018	91	4018	60			
4019	91	4019	60			
4020	91	4020	59			
4021	91	4021	60			
4022	91	4022	60			
4023	91	4023	59			
4024	91	4024	60			
4025	91	4025	59			
4026	91	4026	59			
4027	91	4027	60			
4028	91	4028	59			
4029	91	4029	59			
4030	91	4030	60			
4031	91	4031	60			
4032	91	4032	59			
4033	91	4033	60			
4034	91	4034	59			
4035	91	4035	60			
4036	91	4036	61			
4037	91	4037	60			
4038	91	4038	59			
4039	91	4039	60			
4040	91	4040	60			
4041	91	4041	59			
4042	91	4042	59			
4043	91	4043	60			
4044	91	4044	61			
4045	91	4045	60			
4046	90,9	4046	60			
4047	90,9	4047	60			
4048	90,9	4048	60			
4049	90,9	4049	60			
4050	90,9	4050	59			
4051	90,9	4051	59			
4052	90,9	4052	59			
4053	90,9	4053	59			
4054	90,9	4054	60			
4055	90,9	4055	60			
4056	90,9	4056	60			
4057	90,9	4057	60			
4058	90,9	4058	60			
4059	90,9	4059	59			
4060	90,9	4060	60			
4061	90,9	4061	59			
4062	90,9	4062	59			
4063	90,9	4063	59			
4064	90,9	4064	60			
4065	90,9	4065	60			
4066	90,9	4066	60			
4067	90,9	4067	60			
4068	90,9	4068	60			
4069	90,9	4069	59			
4070	90,9	4070	59			
4071	90,9	4071	60			
4072	90,9	4072	60			
4073	90,9	4073	60			
4074	90,9	4074	60			
4075	91	4075	59			
4076	90,9	4076	60			
4077	90,9	4077	60			
4078	91	4078	59			
4079	91	4079	60			
4080	90,9	4080	61			
4081	90,9	4081	60			
4082	90,9	4082	61			
4083	90,9	4083	60			
4084	90,9	4084	59			
4085	90,9	4085	59			
4086	90,9	4086	59			
4087	90,9	4087	60			
4088	90,9	4088	60			
4089	90,9	4089	60			
4090	90,9	4090	59			
4091	90,9	4091	60			
4092	90,9	4092	60			
4093	90,9	4093	60			
4094	90,9	4094	59			
4095	90,9	4095	58			
4096	90,9	4096	59			
4097	90,9	4097	60			
4098	90,9	4098	60			
4099	90,9	4099	60			
4100	90,9	4100	60			
4101	90,9	4101	60			
4102	90,9	4102	59			
4103	90,9	4103	59			
4104	90,9	4104	60			
4105	90,9	4105	59			
4106	91	4106	59			
4107	90,9	4107	60			
4108	90,9	4108	61			
4109	90,9	4109	59			
4110	90,9	4110	58			
4111	90,9	4111	59			
4112	90,9	4112	60			
4113	90,9	4113	60			
4114	90,9	4114	60			
4115	90,9	4115	59			
4116	90,9	4116	59			
4117	90,9	4117	58			
4118	90,9	4118	60			
4119	90,9	4119	60			
4120	90,9	4120	60			
4121	90,9	4121	61			
4122	90,9	4122	59			
4123	90,9	4123	60			
4124	90,9	4124	60			
4125	90,9	4125	60			
4126	90,9	4126	60			
4127	90,9	4127	59			
4128	90,9	4128	59			
4129	90,9	4129	60			
4130	90,9	4130	59			
4131	90,9	4131	59			
4132	90,9	4132	60			
4133	90,9	4133	61			
4134	90,9	4134	60			
4135	90,9	4135	60			
4136	90,9	4136	59			
4137	90,9	4137	59			
4138	90,9	4138	59			
4139	90,9	4139	60			
4140	90,9	4140	59			
4141	90,9	4141	59			
4142	90,9	4142	60			
4143	90,9	4143	60			
4144	90,8	4144	59			
4145	90,9	4145	61			
4146	90,8	4146	60			
4147	90,9	4147	60			
4148	90,9	4148	60			
4149	90,9	4149	60			
4150	90,9	4150	59			
4151	90,9	4151	60			
4152	90,9	4152	59			
4153	90,9	4153	60			
4154	90,9	4154	60			
4155	90,9	4155	59			
4156	90,9	4156	59			
4157	90,8	4157	60			
4158	90,9	4158	59			
4159	90,8	4159	59			
4160	90,9	4160	60			
4161	90,9	4161	59			
4162	90,8	4162	60			
4163	90,8	4163	60			
4164	90,8	4164	60			
4165	90,8	4165	59			
4166	90,8	4166	60			
4167	90,8	4167	60			
4168	90,9	4168	60			
4169	90,9	4169	59			
4170	90,9	4170	60			
4171	90,9	4171	59			
4172	90,9	4172	60			
4173	90,8	4173	60			
4174	90,8	4174	60			
4175	90,8	4175	60			
4176	90,8	4176	60			
4177	90,8	4177	59			
4178	90,8	4178	59			
4179	90,8	4179	60			
4180	90,8	4180	61			
4181	90,8	4181	60			
4182	90,8	4182	58			
4183	90,8	4183	59			
4184	90,8	4184	59			
4185	90,8	4185	61			
4186	90,8	4186	61			
4187	90,8	4187	60			
4188	90,8	4188	59			
4189	90,8	4189	58			
4190	90,8	4190	59			
4191	90,8	4191	59			
4192	90,8	4192	59			
4193	90,8	4193	59			
4194	90,8	4194	58			
4195	90,8	4195	59			
4196	90,8	4196	59			
4197	90,8	4197	60			
4198	90,8	4198	60			
4199	90,8	4199	59			
4200	90,8	4200	60			
4201	90,8	4201	59			
4202	90,8	4202	59			
4203	90,6	4203	59			
4204	90,6	4204	59			
4205	90,6	4205	60			
4206	90,6	4206	60			
4207	90,6	4207	60			
4208	90,6	4208	59			
4209	90,6	4209	59			
4210	90,6	4210	59			
4211	90,6	4211	59			
4212	90,8	4212	59			
4213	90,8	4213	59			
4214	90,8	4214	59			
4215	90,8	4215	58			
4216	90,8	4216	58			
4217	90,8	4217	58			
4218	90,8	4218	59			
4219	90,8	4219	58			
4220	90,8	4220	59			
4221	90,8	4221	60			
4222	90,8	4222	60			
4223	90,8	4223	59			
4224	90,8	4224	60			
4225	90,8	4225	59			
4226	90,6	4226	59			
4227	90,6	4227	59			
4228	90,6	4228	60			
4229	90,6	4229	59			
4230	90,6	4230	60			
4231	90,6	4231	58			
4232	90,6	4232	59			
4233	90,6	4233	59			
4234	90,5	4234	60			
4235	90,5	4235	60			
4236	90,5	4236	59			
4237	90,5	4237	59			
4238	90,5	4238	60			
4239	90,5	4239	60			
4240	90,5	4240	58			
4241	90,5	4241	59			
4242	90,5	4242	60			
4243	90,5	4243	60			
4244	90,5	4244	59			
4245	90,5	4245	59			
4246	90,5	4246	59			
4247	90,5	4247	60			
4248	90,5	4248	59			
4249	90,5	4249	59			
4250	90,5	4250	59			
4251	90,5	4251	59			
4252	90,5	4252	59			
4253	90,5	4253	58			
4254	90,5	4254	58			
4255	90,5	4255	59			
4256	90,5	4256	59			
4257	90,5	4257	59			
4258	90,5	4258	58			
4259	90,5	4259	58			
4260	90,5	4260	59			
4261	90,6	4261	59			
4262	90,6	4262	59			
4263	90,6	4263	59			
4264	90,6	4264	59			
4265	90,6	4265	59			
4266	90,6	4266	60			
4267	90,6	4267	60			
4268	90,6	4268	59			
4269	90,6	4269	59			
4270	90,6	4270	59			
4271	90,6	4271	59			
4272	90,6	4272	59			
4273	90,5	4273	59			
4274	90,5	4274	59			
4275	90,5	4275	59			
4276	90,5	4276	60			
4277	90,5	4277	60			
4278	90,5	4278	60			
4279	90,5	4279	59			
4280	90,6	4280	60			
4281	90,5	4281	58			
4282	90,5	4282	59			
4283	90,5	4283	60			
4284	90,5	4284	60			
4285	90,5	4285	60			
4286	90,5	4286	59			
4287	90,6	4287	58			
4288	90,6	4288	59			
4289	90,6	4289	59			
4290	90,6	4290	59			
4291	90,6	4291	60			
4292	90,6	4292	59			
4293	90,6	4293	60			
4294	90,6	4294	60			
4295	90,6	4295	60			
4296	90,6	4296	59			
4297	90,6	4297	59			
4298	90,6	4298	59			
4299	90,5	4299	59			
4300	90,5	4300	59			
4301	90,5	4301	60			
4302	90,5	4302	60			
4303	90,5	4303	60			
4304	90,5	4304	59			
4305	90,5	4305	59			
4306	90,5	4306	59			
4307	90,5	4307	60			
4308	90,5	4308	60			
4309	90,5	4309	59			
4310	90,5	4310	59			
4311	90,5	4311	58			
4312	90,5	4312	59			
4313	90,5	4313	59			
4314	90,5	4314	61			
4315	90,5	4315	60			
4316	90,5	4316	60			
4317	90,5	4317	60			
4318	90,5	4318	60			
4319	90,5	4319	58			
4320	90,5	4320	58			
4321	90,5	4321	59			
4322	90,5	4322	61			
4323	90,5	4323	60			
4324	90,5	4324	59			
4325	90,5	4325	59			
4326	90,5	4326	59			
4327	90,5	4327	59			
4328	90,5	4328	58			
4329	90,5	4329	58			
4330	90,4	4330	59			
4331	90,4	4331	60			
4332	90,4	4332	59			
4333	90,4	4333	60			
4334	90,4	4334	60			
4335	90,4	4335	61			
4336	90,4	4336	60			
4337	90,4	4337	60			
4338	90,4	4338	60			
4339	90,4	4339	60			
4340	90,4	4340	59			
4341	90,4	4341	59			
4342	90,4	4342	60			
4343	90,4	4343	60			
4344	90,4	4344	60			
4345	90,4	4345	60			
4346	90,4	4346	59			
4347	90,3	4347	60			
4348	90,3	4348	59			
4349	90,3	4349	59			
4350	90,3	4350	59			
4351	90,3	4351	59			
4352	90,3	4352	59			
4353	90,3	4353	59			
4354	90,3	4354	60			
4355	90,3	4355	59			
4356	90,1	4356	59			
4357	90,1	4357	59			
4358	90,1	4358	59			
4359	90,1	4359	59			
4360	90,1	4360	58			
4361	90,1	4361	59			
4362	90,1	4362	60			
4363	90,1	4363	59			
4364	90,1	4364	59			
4365	90,1	4365	59			
4366	90,1	4366	60			
4367	90,1	4367	59			
4368	90	4368	59			
4369	90	4369	59			
4370	90	4370	60			
4371	90	4371	58			
4372	90	4372	58			
4373	90	4373	59			
4374	90	4374	59			
4375	90	4375	58			
4376	90	4376	59			
4377	90	4377	58			
4378	90	4378	59			
4379	90	4379	59			
4380	90	4380	59			
4381	90	4381	60			
4382	90	4382	60			
4383	90	4383	60			
4384	90	4384	59			
4385	90	4385	58			
4386	90	4386	59			
4387	90	4387	59			
4388	90	4388	59			
4389	89,9	4389	59			
4390	89,9	4390	59			
4391	89,9	4391	58			
4392	89,9	4392	59			
4393	89,9	4393	60			
4394	89,9	4394	59			
4395	89,9	4395	60			
4396	89,9	4396	60			
4397	89,9	4397	59			
4398	89,8	4398	60			
4399	89,8	4399	61			
4400	89,8	4400	60			
4401	89,8	4401	60			
4402	89,8	4402	60			
4403	89,8	4403	59			
4404	89,8	4404	58			
4405	89,8	4405	59			
4406	89,8	4406	59			
4407	89,8	4407	59			
4408	89,6	4408	59			
4409	89,6	4409	59			
4410	89,6	4410	59			
4411	89,6	4411	60			
4412	89,6	4412	59			
4413	89,6	4413	58			
4414	89,6	4414	59			
4415	89,6	4415	60			
4416	89,5	4416	58			
4417	89,5	4417	59			
4418	89,5	4418	58			
4419	89,5	4419	59			
4420	89,5	4420	60			
4421	89,5	4421	60			
4422	89,5	4422	59			
4423	89,5	4423	61			
4424	89,5	4424	60			
4425	89,5	4425	60			
4426	89,5	4426	60			
4427	89,5	4427	59			
4428	89,5	4428	60			
4429	89,5	4429	61			
4430	89,5	4430	60			
4431	89,5	4431	60			
4432	89,5	4432	60			
4433	89,5	4433	59			
4434	89,5	4434	60			
4435	89,5	4435	59			
4436	89,5	4436	59			
4437	89,5	4437	60			
4438	89,5	4438	59			
4439	89,5	4439	59			
