Time - Temeperatura (°C)	Temperatura (°C) & Presión (kPa) - Temeperatura (°C)	Time - Presión (kPa)	Temperatura (°C) & Presión (kPa) - Presión (kPa)						
0	55,4	0	61						
1	55,4	1	62						
2	55,4	2	62						
3	55,4	3	62						
4	55,4	4	61						
5	55,5	5	62						
6	55,5	6	62						
7	55,5	7	62						
8	55,5	8	62						
9	55,7	9	61						
10	55,7	10	61						
11	55,9	11	61						
12	56	12	61						
13	56	13	61						121,8
14	56,2	14	62						
15	56,2	15	62						
16	56,4	16	61						
17	56,5	17	61						
18	56,7	18	61						
19	56,7	19	62						
20	57	20	61						
21	57	21	61						
22	57,2	22	61						
23	57,5	23	62						
24	57,5	24	61						
25	57,7	25	61						
26	57,9	26	62						
27	58	27	62						
28	58,2	28	62						
29	58,2	29	61						
30	58,5	30	61						
31	58,5	31	61						
32	58,7	32	61						
33	58,9	33	61						
34	59	34	62						
35	59,2	35	62						
36	59,2	36	62						
37	59,4	37	62						
38	59,5	38	62						
39	59,7	39	62						
40	59,7	40	62						
41	59,9	41	61						
42	60	42	61						
43	60,2	43	61						
44	60,2	44	62						
45	60,5	45	62						
46	60,5	46	61						
47	60,7	47	62						
48	60,7	48	62						
49	61	49	61						
50	61	50	61						
51	61,2	51	62						
52	61,4	52	62						
53	61,5	53	61						
54	61,5	54	61						
55	61,7	55	61						
56	61,9	56	61						
57	62	57	61						
58	62,2	58	61						
59	62,2	59	61						
60	62,4	60	60						
61	62,5	61	60						
62	62,7	62	60						
63	62,9	63	61						
64	63	64	62						
65	63	65	61						
66	63,2	66	62						
67	63,4	67	62						
68	63,5	68	61						
69	63,7	69	61						
70	63,7	70	60						
71	64	71	60						
72	64	72	61						
73	64,1	73	62						
74	64,3	74	61						
75	64,4	75	61						
76	64,5	76	61						
77	64,5	77	61						
78	64,6	78	61						
79	64,8	79	61						
80	65	80	61						
81	65	81	61						
82	65,1	82	61						
83	65,1	83	60						
84	65,3	84	61						
85	65,3	85	61						
86	65,4	86	61						
87	65,5	87	61						
88	65,5	88	60						
89	65,5	89	61						
90	65,6	90	60						
91	65,8	91	61						
92	65,9	92	61						
93	66	93	62						
94	66	94	62						
95	66	95	62						
96	66,1	96	61						
97	66,3	97	62						
98	66,3	98	62						
99	66,4	99	61						
100	66,5	100	61						
101	66,5	101	61						
102	66,6	102	60						
103	66,9	103	61						
104	67	104	61						
105	67	105	61						
106	67,1	106	62						
107	67,3	107	62						
108	67,4	108	62						
109	67,5	109	61						
110	67,5	110	60						
111	67,6	111	60						
112	67,8	112	61						
113	67,9	113	62						
114	68	114	62						
115	68	115	61						
116	68,1	116	61						
117	68,3	117	61						
118	68,4	118	61						
119	68,5	119	61						
120	68,5	120	61						
121	68,5	121	62						
122	68,5	122	61						
123	68,6	123	61						
124	68,8	124	62						
125	68,8	125	62						
126	68,9	126	63						
127	69	127	63						
128	69	128	62						
129	69	129	61						
130	69,1	130	61						
131	69,3	131	61						
132	69,4	132	62						
133	69,4	133	62						
134	69,5	134	62						
135	69,5	135	62						
136	69,5	136	62						
137	69,6	137	63						
138	69,6	138	63						
139	69,8	139	63						
140	69,8	140	63						
141	69,9	141	63						
142	70	142	63						
143	70	143	63						
144	70	144	62						
145	70	145	63						
146	70,1	146	63						
147	70,3	147	63						
148	70,4	148	63						
149	70,4	149	63						
150	70,5	150	63						
151	70,5	151	63						
152	70,6	152	62						
153	70,8	153	63						
154	70,8	154	63						
155	71	155	63						
156	71	156	63						
157	71,1	157	63						
158	71,3	158	63						
159	71,3	159	63						
160	71,4	160	63						
161	71,5	161	63						
162	71,6	162	63						
163	71,8	163	63						
164	71,9	164	64						
165	72	165	64						
166	72	166	65						
167	72,1	167	64						
168	72,3	168	63						
169	72,4	169	63						
170	72,5	170	63						
171	72,6	171	64						
172	72,8	172	64						
173	72,9	173	64						
174	73	174	65						
175	73,1	175	64						
176	73,3	176	64						
177	73,5	177	63						
178	73,5	178	63						
179	73,6	179	63						
180	73,9	180	63						
181	74	181	64						
182	74	182	64						
183	74,3	183	64						
184	74,4	184	64						
185	74,5	185	63						
186	74,6	186	64						
187	74,9	187	64						
188	74,9	188	64						
189	75	189	64						
190	75,1	190	64						
191	75,3	191	64						
192	75,5	192	65						
193	75,5	193	64						
194	75,6	194	64						
195	75,9	195	64						
196	76	196	64						
197	76	197	64						
198	76,1	198	65						
199	76,4	199	64						
200	76,5	200	64						
201	76,5	201	64						
202	76,6	202	64						
203	76,9	203	64						
204	77	204	64						
205	77	205	65						
206	77,1	206	65						
207	77,3	207	65						
208	77,5	208	64						
209	77,5	209	64						
210	77,8	210	64						
211	77,9	211	64						
212	78	212	64						
213	78,1	213	64						
214	78,3	214	65						
215	78,5	215	65						
216	78,5	216	65						
217	78,8	217	65						
218	79	218	65						
219	79	219	66						
220	79,3	220	64						
221	79,4	221	65						
222	79,5	222	65						
223	79,6	223	65						
224	79,9	224	66						
225	80	225	65						
226	80,1	226	65						
227	80,3	227	65						
228	80,5	228	66						
229	80,5	229	65						
230	80,8	230	65						
231	80,9	231	65						
232	81	232	65						
233	81,1	233	65						
234	81,3	234	65						
235	81,4	235	65						
236	81,5	236	66						
237	81,6	237	65						
238	81,8	238	65						
239	81,9	239	65						
240	82	240	66						
241	82,1	241	65						
242	82,3	242	65						
243	82,4	243	66						
244	82,5	244	66						
245	82,5	245	66						
246	82,6	246	66						
247	82,8	247	66						
248	82,9	248	65						
249	83	249	65						
250	83	250	66						
251	83,1	251	67						
252	83,3	252	66						
253	83,4	253	66						
254	83,5	254	66						
255	83,5	255	66						
256	83,6	256	66						
257	83,8	257	66						
258	83,8	258	67						
259	83,9	259	67						
260	84	260	67						
261	84	261	66						
262	84,1	262	67						
263	84,3	263	67						
264	84,3	264	67						
265	84,4	265	67						
266	84,5	266	68						
267	84,5	267	67						
268	84,6	268	66						
269	84,6	269	67						
270	84,8	270	67						
271	84,9	271	67						
272	85	272	68						
273	85	273	68						
274	85	274	68						
275	85,1	275	68						
276	85,3	276	68						
277	85,3	277	68						
278	85,4	278	68						
279	85,5	279	67						
280	85,5	280	68						
281	85,6	281	68						
282	85,6	282	68						
283	85,8	283	69						
284	85,9	284	69						
285	86	285	69						
286	86	286	69						
287	86,1	287	69						
288	86,3	288	69						
289	86,4	289	68						
290	86,5	290	68						
291	86,5	291	68						
292	86,6	292	68						
293	86,8	293	70						
294	86,9	294	70						
295	87	295	70						
296	87	296	69						
297	87	297	70						
298	87,1	298	69						
299	87,3	299	70						
300	87,4	300	71						
301	87,5	301	69						
302	87,5	302	70						
303	87,5	303	70						
304	87,6	304	70						
305	87,8	305	70						
306	87,8	306	71						
307	87,9	307	71						
308	88	308	70						
309	88	309	70						
310	88	310	70						
311	88,1	311	70						
312	88,3	312	70						
313	88,4	313	71						
314	88,5	314	72						
315	88,5	315	71						
316	88,6	316	72						
317	88,6	317	71						
318	88,8	318	71						
319	88,9	319	71						
320	89	320	71						
321	89	321	70						
322	89,1	322	71						
323	89,3	323	71						
324	89,4	324	72						
325	89,5	325	72						
326	89,5	326	72						
327	89,5	327	72						
328	89,6	328	72						
329	89,8	329	72						
330	89,9	330	72						
331	90	331	71						
332	90	332	71						
333	90	333	71						
334	90,1	334	71						
335	90,3	335	72						
336	90,3	336	73						
337	90,4	337	73						
338	90,5	338	72						
339	90,5	339	72						
340	90,5	340	73						
341	90,5	341	74						
342	90,6	342	74						
343	90,6	343	74						
344	90,8	344	74						
345	90,9	345	73						
346	91	346	73						
347	91	347	73						
348	91	348	73						
349	91	349	74						
350	91,1	350	74						
351	91,1	351	75						
352	91,3	352	74						
353	91,4	353	74						
354	91,4	354	74						
355	91,5	355	75						
356	91,5	356	74						
357	91,5	357	74						
358	91,6	358	75						
359	91,6	359	75						
360	91,8	360	75						
361	91,9	361	75						
362	92	362	75						
363	92	363	74						
364	92	364	75						
365	92,1	365	76						
366	92,3	366	76						
367	92,3	367	77						
368	92,4	368	77						
369	92,5	369	76						
370	92,5	370	76						
371	92,5	371	77						
372	92,6	372	76						
373	92,8	373	76						
374	92,8	374	77						
375	92,9	375	77						
376	93	376	77						
377	93	377	76						
378	93	378	76						
379	93,1	379	77						
380	93,1	380	77						
381	93,3	381	77						
382	93,4	382	77						
383	93,4	383	78						
384	93,5	384	78						
385	93,5	385	78						
386	93,5	386	77						
387	93,6	387	77						
388	93,8	388	77						
389	93,8	389	77						
390	93,9	390	77						
391	93,9	391	77						
392	94	392	78						
393	94	393	78						
394	94	394	78						
395	94,1	395	78						
396	94,1	396	79						
397	94,3	397	79						
398	94,4	398	79						
399	94,4	399	79						
400	94,5	400	79						
401	94,5	401	80						
402	94,5	402	80						
403	94,6	403	80						
404	94,6	404	80						
405	94,8	405	81						
406	94,8	406	81						
407	94,9	407	81						
408	94,9	408	80						
409	95	409	79						
410	95	410	79						
411	95	411	80						
412	95	412	80						
413	95,1	413	80						
414	95,3	414	80						
415	95,3	415	80						
416	95,4	416	80						
417	95,5	417	79						
418	95,5	418	80						
419	95,5	419	81						
420	95,5	420	82						
421	95,6	421	82						
422	95,8	422	82						
423	95,8	423	82						
424	95,9	424	82						
425	95,9	425	81						
426	96	426	82						
427	96	427	82						
428	96	428	82						
429	96	429	82						
430	96,1	430	83						
431	96,3	431	83						
432	96,3	432	82						
433	96,4	433	83						
434	96,4	434	83						
435	96,5	435	83						
436	96,5	436	82						
437	96,5	437	82						
438	96,6	438	82						
439	96,6	439	83						
440	96,8	440	84						
441	96,9	441	84						
442	96,9	442	83						
443	97	443	83						
444	97	444	84						
445	97,1	445	84						
446	97,1	446	84						
447	97,3	447	84						
448	97,3	448	84						
449	97,4	449	85						
450	97,4	450	85						
451	97,5	451	85						
452	97,5	452	85						
453	97,5	453	85						
454	97,6	454	85						
455	97,6	455	85						
456	97,8	456	85						
457	97,8	457	87						
458	97,9	458	87						
459	97,9	459	86						
460	98	460	86						
461	98	461	86						
462	98	462	86						
463	98	463	86						
464	98,1	464	87						
465	98,1	465	87						
466	98,3	466	86						
467	98,3	467	86						
468	98,4	468	87						
469	98,4	469	86						
470	98,5	470	86						
471	98,5	471	87						
472	98,5	472	87						
473	98,5	473	87						
474	98,6	474	86						
475	98,8	475	87						
476	98,9	476	88						
477	98,9	477	89						
478	99	478	89						
479	99	479	89						
480	99,1	480	89						
481	99,4	481	90						
482	99,5	482	90						
483	99,5	483	90						
484	99,8	484	90						
485	99,9	485	91						
486	100	486	91						
487	100	487	91						
488	100,3	488	92						
489	100,4	489	92						
490	100,5	490	92						
491	100,6	491	93						
492	100,9	492	94						
493	101	493	94						
494	101	494	94						
495	101,3	495	95						
496	101,4	496	96						
497	101,5	497	96						
498	101,5	498	96						
499	101,8	499	95						
500	101,9	500	95						
501	102	501	96						
502	102	502	97						
503	102,1	503	97						
504	102,3	504	98						
505	102,4	505	97						
506	102,5	506	98						
507	102,6	507	97						
508	102,8	508	98						
509	102,9	509	99						
510	103	510	100						
511	103	511	100						
512	103,3	512	100						
513	103,4	513	101						
514	103,5	514	101						
515	103,5	515	100						
516	103,6	516	101						
517	103,9	517	100						
518	103,9	518	100						
519	104	519	101						
520	104,1	520	102						
521	104,3	521	103						
522	104,4	522	103						
523	104,5	523	103						
524	104,5	524	104						
525	104,6	525	105						
526	104,8	526	105						
527	104,9	527	104						
528	105	528	106						
529	105	529	105						
530	105	530	105						
531	105	531	105						
532	105,1	532	105						
533	105,1	533	105						
534	105,1	534	105						
535	105,1	535	105						
536	105,3	536	105						
537	105,3	537	105						
538	105,3	538	105						
539	105,3	539	105						
540	105,1	540	106						
541	105,1	541	106						
542	105,3	542	105						
543	105,3	543	106						
544	105,3	544	106						
545	105,3	545	107						
546	105,4	546	108						
547	105,4	547	108						
548	105,5	548	108						
549	105,5	549	109						
550	105,5	550	108						
551	105,6	551	108						
552	105,9	552	109						
553	105,9	553	110						
554	106	554	110						
555	106,1	555	112						
556	106,3	556	112						
557	106,5	557	112						
558	106,5	558	112						
559	106,8	559	112						
560	106,9	560	112						
561	107	561	113						
562	107	562	113						
563	107	563	114						
564	107,1	564	115						
565	107,3	565	116						
566	107,4	566	115						
567	107,5	567	115						
568	107,5	568	115						
569	107,6	569	115						
570	107,8	570	117						
571	107,9	571	117						
572	108	572	117						
573	108	573	118						
574	108,1	574	117						
575	108,3	575	117						
576	108,4	576	118						
577	108,4	577	120						
578	108,5	578	120						
579	108,6	579	119						
580	108,8	580	119						
581	108,9	581	119						
582	109	582	119						
583	109	583	120						
584	109,1	584	120						
585	109,3	585	120						
586	109,3	586	121						
587	109,4	587	122						
588	109,5	588	122						
589	109,5	589	121						
590	109,6	590	122						
591	109,6	591	122						
592	109,8	592	123						
593	109,9	593	124						
594	110	594	124						
595	110	595	125						
596	110	596	125						
597	110,1	597	124						
598	110,3	598	124						
599	110,3	599	125						
600	110,4	600	125						
601	110,4	601	123						
602	110,4	602	124						
603	110,4	603	123						
604	110,4	604	122						
605	110,4	605	123						
606	110,4	606	124						
607	110,4	607	124						
608	110,5	608	124						
609	110,5	609	125						
610	110,5	610	125						
611	110,5	611	125						
612	110,5	612	126						
613	110,5	613	127						
614	110,6	614	128						
615	110,6	615	128						
616	110,8	616	128						
617	110,9	617	128						
618	110,9	618	129						
619	111	619	130						
620	111,1	620	130						
621	111,1	621	131						
622	111,4	622	132						
623	111,5	623	132						
624	111,5	624	132						
625	111,6	625	132						
626	111,8	626	132						
627	111,9	627	132						
628	112	628	131						
629	112	629	131						
630	112,1	630	132						
631	112,3	631	133						
632	112,4	632	135						
633	112,4	633	134						
634	112,5	634	135						
635	112,5	635	135						
636	112,6	636	136						
637	112,8	637	136						
638	112,9	638	137						
639	113	639	138						
640	113	640	138						
641	113	641	138						
642	113,1	642	137						
643	113,3	643	137						
644	113,4	644	138						
645	113,5	645	138						
646	113,5	646	138						
647	113,5	647	139						
648	113,6	648	140						
649	113,8	649	140						
650	113,9	650	140						
651	113,9	651	140						
652	114	652	140						
653	114	653	141						
654	114,1	654	141						
655	114,1	655	141						
656	114,3	656	142						
657	114,3	657	142						
658	114,4	658	142						
659	114,5	659	142						
660	114,5	660	142						
661	114,5	661	143						
662	114,5	662	143						
663	114,6	663	143						
664	114,6	664	141						
665	114,6	665	140						
666	114,6	666	141						
667	114,6	667	141						
668	114,6	668	141						
669	114,6	669	140						
670	114,6	670	141						
671	114,6	671	141						
672	114,6	672	141						
673	114,6	673	140						
674	114,5	674	141						
675	114,5	675	142						
676	114,5	676	142						
677	114,5	677	142						
678	114,5	678	142						
679	114,5	679	142						
680	114,5	680	142						
681	114,5	681	144						
682	114,5	682	144						
683	114,6	683	143						
684	114,6	684	143						
685	114,6	685	143						
686	114,8	686	144						
687	114,8	687	144						
688	114,9	688	145						
689	114,9	689	146						
690	115	690	146						
691	115	691	146						
692	115,1	692	147						
693	115,1	693	146						
694	115,3	694	146						
695	115,3	695	146						
696	115,4	696	147						
697	115,4	697	147						
698	115,5	698	147						
699	115,5	699	148						
700	115,5	700	149						
701	115,6	701	149						
702	115,8	702	150						
703	115,8	703	150						
704	115,9	704	149						
705	115,9	705	148						
706	116	706	149						
707	116	707	149						
708	116	708	149						
709	116	709	150						
710	116,1	710	151						
711	116,1	711	151						
712	116,3	712	151						
713	116,3	713	151						
714	116,4	714	150						
715	116,4	715	150						
716	116,4	716	151						
717	116,5	717	152						
718	116,5	718	153						
719	116,5	719	153						
720	116,5	720	154						
721	116,5	721	154						
722	116,5	722	154						
723	116,6	723	153						
724	116,6	724	152						
725	116,6	725	151						
726	116,8	726	152						
727	116,8	727	153						
728	116,8	728	152						
729	116,8	729	151						
730	116,8	730	151						
731	116,9	731	151						
732	116,8	732	150						
733	116,8	733	149						
734	116,8	734	148						
735	116,8	735	148						
736	116,8	736	148						
737	116,6	737	148						
738	116,6	738	149						
739	116,6	739	149						
740	116,5	740	150						
741	116,5	741	151						
742	116,5	742	151						
743	116,5	743	150						
744	116,5	744	150						
745	116,5	745	151						
746	116,5	746	151						
747	116,5	747	151						
748	116,5	748	152						
749	116,5	749	152						
750	116,5	750	152						
751	116,5	751	154						
752	116,5	752	154						
753	116,5	753	153						
754	116,6	754	153						
755	116,6	755	153						
756	116,8	756	153						
757	116,8	757	154						
758	116,8	758	154						
759	116,9	759	155						
760	116,9	760	156						
761	117	761	156						
762	117	762	155						
763	117	763	156						
764	117	764	156						
765	117	765	156						
766	117,1	766	156						
767	117,1	767	156						
768	117,1	768	157						
769	117,1	769	158						
770	117,3	770	158						
771	117,3	771	158						
772	117,4	772	158						
773	117,4	773	158						
774	117,5	774	158						
775	117,5	775	158						
776	117,5	776	158						
777	117,5	777	159						
778	117,5	778	159						
779	117,5	779	160						
780	117,6	780	160						
781	117,6	781	161						
782	117,8	782	161						
783	117,8	783	160						
784	117,9	784	160						
785	117,9	785	159						
786	118	786	160						
787	118	787	160						
788	118	788	161						
789	118	789	162						
790	118	790	163						
791	118,1	791	163						
792	118,1	792	163						
793	118,3	793	163						
794	118,3	794	161						
795	118,3	795	159						
796	118,3	796	159						
797	118,3	797	160						
798	118,3	798	159						
799	118,3	799	158						
800	118,3	800	158						
801	118,3	801	158						
802	118,3	802	158						
803	118,3	803	157						
804	118,1	804	157						
805	118,1	805	156						
806	118	806	157						
807	118	807	158						
808	118	808	157						
809	118	809	158						
810	118	810	160						
811	118	811	160						
812	117,9	812	160						
813	118	813	160						
814	117,9	814	160						
815	118	815	161						
816	118	816	161						
817	118	817	163						
818	118	818	163						
819	118	819	163						
820	118	820	163						
821	118	821	164						
822	118,1	822	164						
823	118,3	823	163						
824	118,3	824	162						
825	118,4	825	162						
826	118,4	826	164						
827	118,5	827	165						
828	118,5	828	165						
829	118,5	829	165						
830	118,6	830	166						
831	118,6	831	165						
832	118,8	832	165						
833	118,8	833	165						
834	118,9	834	165						
835	118,9	835	164						
836	118,9	836	165						
837	119	837	165						
838	119	838	166						
839	119	839	168						
840	119	840	167						
841	119,1	841	168						
842	119,1	842	169						
843	119,3	843	168						
844	119,3	844	167						
845	119,3	845	166						
846	119,4	846	167						
847	119,4	847	168						
848	119,5	848	168						
849	119,5	849	168						
850	119,5	850	169						
851	119,5	851	169						
852	119,6	852	170						
853	119,6	853	170						
854	119,8	854	170						
855	119,8	855	168						
856	119,9	856	168						
857	119,9	857	169						
858	119,9	858	169						
859	119,9	859	170						
860	120	860	169						
861	120	861	168						
862	120	862	167						
863	120	863	165						
864	120	864	165						
865	119,9	865	164						
866	119,9	866	163						
867	119,8	867	164						
868	119,8	868	164						
869	119,6	869	165						
870	119,6	870	166						
871	119,5	871	165						
872	119,5	872	164						
873	119,5	873	165						
874	119,5	874	164						
875	119,4	875	163						
876	119,4	876	163						
877	119,3	877	164						
878	119,3	878	165						
879	119,3	879	166						
880	119,3	880	166						
881	119,3	881	167						
882	119,3	882	167						
883	119,4	883	167						
884	119,4	884	167						
885	119,4	885	167						
886	119,5	886	168						
887	119,5	887	169						
888	119,5	888	170						
889	119,5	889	170						
890	119,6	890	169						
891	119,6	891	170						
892	119,8	892	170						
893	119,8	893	171						
894	119,9	894	170						
895	119,9	895	170						
896	120	896	170						
897	120	897	170						
898	120	898	171						
899	120	899	171						
900	120	900	172						
901	120,1	901	172						
902	120,1	902	173						
903	120,1	903	173						
904	120,3	904	172						
905	120,3	905	171						
906	120,3	906	173						
907	120,4	907	172						
908	120,4	908	172						
909	120,4	909	173						
910	120,5	910	174						
911	120,5	911	174						
912	120,5	912	174						
913	120,5	913	174						
914	120,5	914	173						
915	120,5	915	173						
916	120,5	916	173						
917	120,5	917	174						
918	120,5	918	174						
919	120,6	919	174						
920	120,6	920	174						
921	120,6	921	175						
922	120,8	922	175						
923	120,8	923	174						
924	120,8	924	174						
925	120,9	925	174						
926	120,9	926	174						
927	120,9	927	173						
928	120,9	928	173						
929	120,9	929	172						
930	120,8	930	170						
931	120,8	931	169						
932	120,8	932	167						
933	120,6	933	167						
934	120,6	934	166						
935	120,5	935	165						
936	120,5	936	164						
937	120,4	937	166						
938	120,4	938	167						
939	120,3	939	168						
940	120,1	940	169						
941	120,1	941	169						
942	120,1	942	169						
943	120	943	170						
944	120	944	169						
945	120	945	169						
946	120	946	170						
947	120	947	170						
948	120	948	170						
949	120	949	171						
950	120	950	171						
951	120	951	172						
952	120,1	952	173						
953	120,3	953	174						
954	120,3	954	174						
955	120,4	955	174						
956	120,4	956	173						
957	120,5	957	173						
958	120,5	958	175						
959	120,5	959	175						
960	120,5	960	175						
961	120,6	961	176						
962	120,6	962	176						
963	120,8	963	175						
964	120,8	964	174						
965	120,9	965	174						
966	120,9	966	174						
967	121	967	175						
968	121	968	176						
969	121	969	177						
970	121	970	177						
971	121	971	177						
972	121	972	176						
973	121	973	177						
974	121,1	974	177						
975	121,1	975	177						
976	121,1	976	177						
977	121,1	977	177						
978	121,3	978	177						
979	121,3	979	176						
980	121,3	980	176						
981	121,3	981	177						
982	121,3	982	177						
983	121,4	983	177						
984	121,4	984	176						
985	121,4	985	175						
986	121,4	986	176						
987	121,4	987	178						
988	121,4	988	178						
989	121,4	989	178						
990	121,4	990	178						
991	121,5	991	177						
992	121,5	992	176						
993	121,5	993	176						
994	121,5	994	177						
995	121,5	995	177						
996	121,5	996	177						
997	121,5	997	178						
998	121,5	998	178						
999	121,5	999	177						
1000	121,5	1000	177						
1001	121,5	1001	177						
1002	121,5	1002	177						
1003	121,5	1003	177						
1004	121,5	1004	176						
1005	121,5	1005	176						
1006	121,5	1006	176						
1007	121,5	1007	177						
1008	121,5	1008	177						
1009	121,5	1009	177						
1010	121,5	1010	178						
1011	121,5	1011	178						
1012	121,5	1012	177						
1013	121,5	1013	177						
1014	121,5	1014	176						
1015	121,5	1015	175						
1016	121,5	1016	177						
1017	121,5	1017	178						
1018	121,5	1018	178						
1019	121,5	1019	177						
1020	121,5	1020	176						
1021	121,5	1021	176						
1022	121,5	1022	176						
1023	121,5	1023	177						
1024	121,5	1024	176						
1025	121,5	1025	175						
1026	121,5	1026	176						
1027	121,5	1027	177						
1028	121,5	1028	177						
1029	121,5	1029	177						
1030	121,5	1030	177						
1031	121,5	1031	177						
1032	121,5	1032	177						
1033	121,5	1033	176						
1034	121,5	1034	176						
1035	121,5	1035	175						
1036	121,5	1036	175						
1037	121,5	1037	175						
1038	121,5	1038	177						
1039	121,5	1039	177						
1040	121,5	1040	177						
1041	121,5	1041	177						
1042	121,5	1042	177						
1043	121,5	1043	177						
1044	121,5	1044	176						
1045	121,5	1045	176						
1046	121,5	1046	176						
1047	121,5	1047	176						
1048	121,5	1048	177						
1049	121,5	1049	177						
1050	121,5	1050	177						
1051	121,5	1051	177						
1052	121,5	1052	177						
1053	121,5	1053	177						
1054	121,5	1054	176						
1055	121,5	1055	176						
1056	121,5	1056	177						
1057	121,5	1057	178						
1058	121,5	1058	177						
1059	121,5	1059	177						
1060	121,5	1060	177						
1061	121,5	1061	177						
1062	121,5	1062	177						
1063	121,5	1063	177						
1064	121,5	1064	176						
1065	121,5	1065	176						
1066	121,5	1066	176						
1067	121,5	1067	177						
1068	121,5	1068	178						
1069	121,5	1069	178						
1070	121,5	1070	177						
1071	121,5	1071	176						
1072	121,5	1072	176						
1073	121,5	1073	176						
1074	121,5	1074	176						
1075	121,5	1075	177						
1076	121,5	1076	177						
1077	121,5	1077	177						
1078	121,5	1078	178						
1079	121,5	1079	177						
1080	121,5	1080	177						
1081	121,5	1081	177						
1082	121,5	1082	177						
1083	121,5	1083	177						
1084	121,5	1084	176						
1085	121,5	1085	176						
1086	121,5	1086	176						
1087	121,5	1087	176						
1088	121,5	1088	177						
1089	121,5	1089	178						
1090	121,5	1090	178						
1091	121,5	1091	178						
1092	121,5	1092	178						
1093	121,5	1093	177						
1094	121,5	1094	177						
1095	121,5	1095	177						
1096	121,5	1096	177						
1097	121,5	1097	177						
1098	121,5	1098	176						
1099	121,5	1099	177						
1100	121,5	1100	177						
1101	121,6	1101	177						
1102	121,6	1102	177						
1103	121,6	1103	176						
1104	121,6	1104	176						
1105	121,5	1105	176						
1106	121,6	1106	176						
1107	121,5	1107	177						
1108	121,5	1108	178						
1109	121,5	1109	178						
1110	121,5	1110	177						
1111	121,5	1111	177						
1112	121,5	1112	177						
1113	121,5	1113	176						
1114	121,5	1114	175						
1115	121,5	1115	175						
1116	121,5	1116	177						
1117	121,5	1117	177						
1118	121,5	1118	177						
1119	121,5	1119	178						
1120	121,5	1120	177						
1121	121,5	1121	177						
1122	121,5	1122	177						
1123	121,5	1123	177						
1124	121,5	1124	176						
1125	121,5	1125	176						
1126	121,5	1126	176						
1127	121,5	1127	177						
1128	121,5	1128	177						
1129	121,5	1129	177						
1130	121,5	1130	177						
1131	121,5	1131	177						
1132	121,5	1132	176						
1133	121,5	1133	177						
1134	121,5	1134	177						
1135	121,5	1135	177						
1136	121,5	1136	177						
1137	121,5	1137	178						
1138	121,5	1138	177						
1139	121,5	1139	178						
1140	121,5	1140	178						
1141	121,5	1141	177						
1142	121,5	1142	177						
1143	121,5	1143	177						
1144	121,5	1144	178						
1145	121,5	1145	177						
1146	121,5	1146	177						
1147	121,5	1147	177						
1148	121,5	1148	176						
1149	121,5	1149	176						
1150	121,5	1150	176						
1151	121,5	1151	177						
1152	121,5	1152	177						
1153	121,5	1153	178						
1154	121,5	1154	177						
1155	121,5	1155	177						
1156	121,5	1156	178						
1157	121,5	1157	178						
1158	121,5	1158	178						
1159	121,5	1159	178						
1160	121,5	1160	177						
1161	121,5	1161	178						
1162	121,5	1162	177						
1163	121,6	1163	178						
1164	121,6	1164	177						
1165	121,5	1165	177						
1166	121,5	1166	177						
1167	121,5	1167	177						
1168	121,5	1168	178						
1169	121,5	1169	178						
1170	121,5	1170	178						
1171	121,5	1171	177						
1172	121,5	1172	177						
1173	121,5	1173	177						
1174	121,5	1174	177						
1175	121,5	1175	177						
1176	121,5	1176	178						
1177	121,5	1177	178						
1178	121,5	1178	178						
1179	121,5	1179	177						
1180	121,5	1180	178						
1181	121,5	1181	178						
1182	121,5	1182	178						
1183	121,5	1183	177						
1184	121,5	1184	177						
1185	121,5	1185	177						
1186	121,5	1186	177						
1187	121,5	1187	177						
1188	121,5	1188	177						
1189	121,5	1189	177						
1190	121,5	1190	177						
1191	121,5	1191	176						
1192	121,5	1192	176						
1193	121,5	1193	177						
1194	121,5	1194	178						
1195	121,5	1195	177						
1196	121,5	1196	177						
1197	121,5	1197	178						
1198	121,5	1198	179						
1199	121,5	1199	179						
1200	121,5	1200	178						
1201	121,5	1201	178						
1202	121,5	1202	178						
1203	121,5	1203	177						
1204	121,5	1204	177						
1205	121,5	1205	177						
1206	121,5	1206	177						
1207	121,5	1207	178						
1208	121,5	1208	178						
1209	121,5	1209	178						
1210	121,5	1210	178						
1211	121,5	1211	179						
1212	121,5	1212	179						
1213	121,5	1213	178						
1214	121,5	1214	178						
1215	121,5	1215	177						
1216	121,5	1216	178						
1217	121,5	1217	178						
1218	121,5	1218	177						
1219	121,5	1219	178						
1220	121,5	1220	177						
1221	121,5	1221	178						
1222	121,5	1222	178						
1223	121,5	1223	178						
1224	121,5	1224	178						
1225	121,5	1225	177						
1226	121,5	1226	177						
1227	121,5	1227	177						
1228	121,5	1228	178						
1229	121,5	1229	177						
1230	121,5	1230	177						
1231	121,5	1231	178						
1232	121,5	1232	178						
1233	121,5	1233	177						
1234	121,5	1234	178						
1235	121,5	1235	178						
1236	121,5	1236	178						
1237	121,5	1237	178						
1238	121,5	1238	179						
1239	121,5	1239	179						
1240	121,5	1240	179						
1241	121,5	1241	178						
1242	121,5	1242	177						
1243	121,5	1243	177						
1244	121,5	1244	177						
1245	121,5	1245	176						
1246	121,5	1246	176						
1247	121,5	1247	177						
1248	121,6	1248	178						
1249	121,6	1249	179						
1250	121,6	1250	179						
1251	121,6	1251	179						
1252	121,6	1252	179						
1253	121,6	1253	178						
1254	121,6	1254	178						
1255	121,6	1255	177						
1256	121,6	1256	178						
1257	121,6	1257	178						
1258	121,6	1258	178						
1259	121,6	1259	177						
1260	121,5	1260	177						
1261	121,6	1261	178						
1262	121,5	1262	177						
1263	121,5	1263	177						
1264	121,5	1264	177						
1265	121,5	1265	177						
1266	121,5	1266	178						
1267	121,5	1267	178						
1268	121,5	1268	177						
1269	121,5	1269	177						
1270	121,5	1270	177						
1271	121,5	1271	178						
1272	121,5	1272	178						
1273	121,5	1273	178						
1274	121,5	1274	178						
1275	121,5	1275	178						
1276	121,5	1276	177						
1277	121,5	1277	178						
1278	121,5	1278	178						
1279	121,5	1279	178						
1280	121,5	1280	179						
1281	121,5	1281	179						
1282	121,5	1282	178						
1283	121,5	1283	179						
1284	121,5	1284	178						
1285	121,5	1285	178						
1286	121,5	1286	178						
1287	121,5	1287	178						
1288	121,5	1288	178						
1289	121,5	1289	178						
1290	121,5	1290	179						
1291	121,5	1291	179						
1292	121,5	1292	179						
1293	121,5	1293	178						
1294	121,5	1294	178						
1295	121,5	1295	178						
1296	121,5	1296	178						
1297	121,5	1297	177						
1298	121,5	1298	178						
1299	121,5	1299	178						
1300	121,5	1300	179						
1301	121,5	1301	180						
1302	121,5	1302	179						
1303	121,5	1303	179						
1304	121,6	1304	178						
1305	121,6	1305	178						
1306	121,6	1306	178						
1307	121,6	1307	178						
1308	121,6	1308	178						
1309	121,6	1309	179						
1310	121,6	1310	178						
1311	121,6	1311	178						
1312	121,6	1312	179						
1313	121,6	1313	178						
1314	121,6	1314	178						
1315	121,6	1315	178						
1316	121,6	1316	178						
1317	121,6	1317	179						
1318	121,6	1318	179						
1319	121,6	1319	179						
1320	121,6	1320	179						
1321	121,6	1321	178						
1322	121,6	1322	177						
1323	121,6	1323	178						
1324	121,6	1324	178						
1325	121,6	1325	177						
1326	121,6	1326	177						
1327	121,6	1327	177						
1328	121,5	1328	178						
1329	121,5	1329	178						
1330	121,5	1330	178						
1331	121,6	1331	178						
1332	121,6	1332	178						
1333	121,5	1333	179						
1334	121,5	1334	179						
1335	121,5	1335	178						
1336	121,5	1336	178						
1337	121,5	1337	179						
1338	121,5	1338	179						
1339	121,5	1339	179						
1340	121,5	1340	178						
1341	121,5	1341	178						
1342	121,5	1342	177						
1343	121,5	1343	177						
1344	121,5	1344	178						
1345	121,5	1345	177						
1346	121,5	1346	178						
1347	121,6	1347	178						
1348	121,6	1348	178						
1349	121,6	1349	179						
1350	121,6	1350	180						
1351	121,6	1351	179						
1352	121,6	1352	178						
1353	121,6	1353	178						
1354	121,6	1354	178						
1355	121,5	1355	178						
1356	121,5	1356	178						
1357	121,5	1357	179						
1358	121,5	1358	179						
1359	121,5	1359	178						
1360	121,5	1360	178						
1361	121,6	1361	178						
1362	121,6	1362	178						
1363	121,6	1363	177						
1364	121,6	1364	178						
1365	121,6	1365	179						
1366	121,5	1366	178						
1367	121,5	1367	178						
1368	121,6	1368	178						
1369	121,5	1369	180						
1370	121,6	1370	180						
1371	121,6	1371	179						
1372	121,6	1372	179						
1373	121,6	1373	178						
1374	121,6	1374	177						
1375	121,6	1375	177						
1376	121,6	1376	177						
1377	121,6	1377	178						
1378	121,6	1378	179						
1379	121,6	1379	179						
1380	121,6	1380	178						
1381	121,6	1381	178						
1382	121,6	1382	178						
1383	121,6	1383	178						
1384	121,6	1384	178						
1385	121,6	1385	178						
1386	121,6	1386	179						
1387	121,6	1387	179						
1388	121,6	1388	180						
1389	121,6	1389	179						
1390	121,6	1390	179						
1391	121,6	1391	178						
1392	121,6	1392	179						
1393	121,6	1393	180						
1394	121,6	1394	179						
1395	121,6	1395	178						
1396	121,6	1396	178						
1397	121,6	1397	179						
1398	121,6	1398	180						
1399	121,6	1399	179						
1400	121,6	1400	179						
1401	121,6	1401	178						
1402	121,6	1402	178						
1403	121,6	1403	178						
1404	121,6	1404	178						
1405	121,6	1405	178						
1406	121,6	1406	178						
1407	121,6	1407	179						
1408	121,6	1408	180						
1409	121,6	1409	179						
1410	121,6	1410	179						
1411	121,6	1411	178						
1412	121,6	1412	179						
1413	121,6	1413	179						
1414	121,6	1414	178						
1415	121,6	1415	178						
1416	121,6	1416	177						
1417	121,6	1417	178						
1418	121,6	1418	179						
1419	121,6	1419	180						
1420	121,6	1420	179						
1421	121,6	1421	179						
1422	121,6	1422	179						
1423	121,6	1423	180						
1424	121,6	1424	179						
1425	121,6	1425	177						
1426	121,6	1426	178						
1427	121,6	1427	178						
1428	121,6	1428	178						
1429	121,6	1429	178						
1430	121,6	1430	178						
1431	121,6	1431	179						
1432	121,6	1432	179						
1433	121,6	1433	179						
1434	121,6	1434	178						
1435	121,6	1435	177						
1436	121,6	1436	178						
1437	121,6	1437	179						
1438	121,6	1438	180						
1439	121,6	1439	180						
1440	121,6	1440	180						
1441	121,6	1441	179						
1442	121,6	1442	178						
1443	121,6	1443	178						
1444	121,6	1444	178						
1445	121,6	1445	178						
1446	121,6	1446	178						
1447	121,6	1447	179						
1448	121,6	1448	179						
1449	121,6	1449	179						
1450	121,6	1450	178						
1451	121,6	1451	179						
1452	121,6	1452	179						
1453	121,6	1453	179						
1454	121,6	1454	179						
1455	121,6	1455	178						
1456	121,6	1456	178						
1457	121,6	1457	179						
1458	121,6	1458	179						
1459	121,6	1459	178						
1460	121,6	1460	178						
1461	121,6	1461	178						
1462	121,6	1462	178						
1463	121,6	1463	178						
1464	121,6	1464	178						
1465	121,6	1465	178						
1466	121,6	1466	178						
1467	121,6	1467	180						
1468	121,6	1468	180						
1469	121,6	1469	180						
1470	121,6	1470	179						
1471	121,6	1471	178						
1472	121,6	1472	178						
1473	121,6	1473	178						
1474	121,6	1474	179						
1475	121,6	1475	179						
1476	121,6	1476	179						
1477	121,6	1477	178						
1478	121,5	1478	179						
1479	121,6	1479	178						
1480	121,6	1480	179						
1481	121,6	1481	179						
1482	121,6	1482	179						
1483	121,6	1483	179						
1484	121,6	1484	179						
1485	121,6	1485	179						
1486	121,6	1486	179						
1487	121,6	1487	179						
1488	121,6	1488	180						
1489	121,6	1489	179						
1490	121,6	1490	179						
1491	121,6	1491	179						
1492	121,6	1492	178						
1493	121,6	1493	178						
1494	121,6	1494	179						
1495	121,6	1495	179						
1496	121,6	1496	178						
1497	121,6	1497	178						
1498	121,6	1498	178						
1499	121,6	1499	178						
1500	121,6	1500	179						
1501	121,8	1501	179						
1502	121,8	1502	178						
1503	121,8	1503	179						
1504	121,8	1504	179						
1505	121,8	1505	179						
1506	121,8	1506	179						
1507	121,8	1507	178						
1508	121,8	1508	180						
1509	121,8	1509	179						
1510	121,8	1510	179						
1511	121,8	1511	179						
1512	121,8	1512	179						
1513	121,8	1513	178						
1514	121,8	1514	178						
1515	121,8	1515	179						
1516	121,8	1516	179						
1517	121,6	1517	179						
1518	121,6	1518	178						
1519	121,6	1519	179						
1520	121,6	1520	179						
1521	121,6	1521	179						
1522	121,6	1522	179						
1523	121,6	1523	179						
1524	121,6	1524	178						
1525	121,6	1525	179						
1526	121,6	1526	179						
1527	121,6	1527	179						
1528	121,6	1528	180						
1529	121,6	1529	180						
1530	121,6	1530	179						
1531	121,6	1531	178						
1532	121,6	1532	179						
1533	121,6	1533	179						
1534	121,6	1534	178						
1535	121,6	1535	178						
1536	121,6	1536	178						
1537	121,6	1537	178						
1538	121,6	1538	179						
1539	121,6	1539	179						
1540	121,6	1540	179						
1541	121,6	1541	179						
1542	121,6	1542	179						
1543	121,6	1543	178						
1544	121,6	1544	178						
1545	121,6	1545	178						
1546	121,6	1546	178						
1547	121,6	1547	178						
1548	121,6	1548	179						
1549	121,6	1549	179						
1550	121,6	1550	178						
1551	121,6	1551	178						
1552	121,6	1552	179						
1553	121,6	1553	180						
1554	121,6	1554	180						
1555	121,6	1555	179						
1556	121,6	1556	178						
1557	121,6	1557	179						
1558	121,6	1558	179						
1559	121,6	1559	179						
1560	121,6	1560	178						
1561	121,6	1561	179						
1562	121,6	1562	178						
1563	121,6	1563	179						
1564	121,6	1564	179						
1565	121,6	1565	179						
1566	121,6	1566	178						
1567	121,6	1567	178						
1568	121,6	1568	179						
1569	121,6	1569	179						
1570	121,6	1570	180						
1571	121,6	1571	180						
1572	121,6	1572	180						
1573	121,6	1573	179						
1574	121,6	1574	179						
1575	121,6	1575	178						
1576	121,6	1576	179						
1577	121,6	1577	179						
1578	121,6	1578	178						
1579	121,6	1579	179						
1580	121,6	1580	178						
1581	121,6	1581	179						
1582	121,6	1582	178						
1583	121,6	1583	179						
1584	121,6	1584	180						
1585	121,6	1585	179						
1586	121,6	1586	178						
1587	121,6	1587	178						
1588	121,6	1588	179						
1589	121,6	1589	179						
1590	121,6	1590	178						
1591	121,6	1591	179						
1592	121,6	1592	179						
1593	121,6	1593	179						
1594	121,6	1594	179						
1595	121,6	1595	179						
1596	121,6	1596	179						
1597	121,6	1597	179						
1598	121,6	1598	179						
1599	121,6	1599	178						
1600	121,6	1600	178						
1601	121,6	1601	179						
1602	121,6	1602	179						
1603	121,6	1603	178						
1604	121,6	1604	178						
1605	121,6	1605	179						
1606	121,6	1606	178						
1607	121,6	1607	179						
1608	121,6	1608	179						
1609	121,6	1609	179						
1610	121,6	1610	180						
1611	121,6	1611	180						
1612	121,6	1612	180						
1613	121,6	1613	179						
1614	121,6	1614	179						
1615	121,6	1615	179						
1616	121,6	1616	178						
1617	121,6	1617	178						
1618	121,6	1618	179						
1619	121,6	1619	179						
1620	121,6	1620	180						
1621	121,6	1621	180						
1622	121,6	1622	180						
1623	121,6	1623	179						
1624	121,6	1624	178						
1625	121,6	1625	179						
1626	121,6	1626	179						
1627	121,6	1627	179						
1628	121,6	1628	179						
1629	121,6	1629	180						
1630	121,6	1630	181						
1631	121,6	1631	180						
1632	121,6	1632	180						
1633	121,6	1633	179						
1634	121,8	1634	179						
1635	121,8	1635	178						
1636	121,6	1636	178						
1637	121,6	1637	179						
1638	121,6	1638	180						
1639	121,6	1639	180						
1640	121,6	1640	180						
1641	121,6	1641	180						
1642	121,6	1642	179						
1643	121,6	1643	179						
1644	121,6	1644	179						
1645	121,6	1645	178						
1646	121,6	1646	177						
1647	121,6	1647	178						
1648	121,6	1648	179						
1649	121,6	1649	179						
1650	121,6	1650	179						
1651	121,6	1651	180						
1652	121,6	1652	180						
1653	121,6	1653	179						
1654	121,6	1654	180						
1655	121,6	1655	179						
1656	121,6	1656	179						
1657	121,6	1657	179						
1658	121,6	1658	180						
1659	121,6	1659	180						
1660	121,6	1660	180						
1661	121,6	1661	180						
1662	121,6	1662	180						
1663	121,6	1663	179						
1664	121,6	1664	179						
1665	121,6	1665	178						
1666	121,6	1666	178						
1667	121,6	1667	179						
1668	121,6	1668	180						
1669	121,6	1669	179						
1670	121,6	1670	179						
1671	121,6	1671	180						
1672	121,6	1672	179						
1673	121,6	1673	179						
1674	121,8	1674	178						
1675	121,8	1675	178						
1676	121,8	1676	179						
1677	121,8	1677	179						
1678	121,8	1678	180						
1679	121,8	1679	179						
1680	121,8	1680	180						
1681	121,8	1681	180						
1682	121,8	1682	179						
1683	121,8	1683	180						
1684	121,8	1684	180						
1685	121,8	1685	179						
1686	121,8	1686	179						
1687	121,8	1687	179						
1688	121,8	1688	180						
1689	121,8	1689	179						
1690	121,8	1690	180						
1691	121,8	1691	180						
1692	121,8	1692	180						
1693	121,8	1693	180						
1694	121,8	1694	179						
1695	121,8	1695	179						
1696	121,8	1696	179						
1697	121,8	1697	179						
1698	121,8	1698	180						
1699	121,8	1699	180						
1700	121,8	1700	179						
1701	121,8	1701	179						
1702	121,8	1702	179						
1703	121,6	1703	179						
1704	121,6	1704	179						
1705	121,6	1705	178						
1706	121,6	1706	178						
1707	121,6	1707	178						
1708	121,6	1708	179						
1709	121,6	1709	180						
1710	121,6	1710	180						
1711	121,6	1711	179						
1712	121,6	1712	179						
1713	121,6	1713	179						
1714	121,6	1714	179						
1715	121,5	1715	179						
1716	121,5	1716	179						
1717	121,5	1717	179						
1718	121,5	1718	179						
1719	121,5	1719	179						
1720	121,5	1720	179						
1721	121,6	1721	179						
1722	121,6	1722	179						
1723	121,6	1723	180						
1724	121,6	1724	180						
1725	121,6	1725	179						
1726	121,6	1726	178						
1727	121,6	1727	178						
1728	121,6	1728	180						
1729	121,6	1729	179						
1730	121,6	1730	179						
1731	121,6	1731	179						
1732	121,8	1732	178						
1733	121,8	1733	178						
1734	121,8	1734	179						
1735	121,8	1735	179						
1736	121,8	1736	179						
1737	121,8	1737	179						
1738	121,8	1738	179						
1739	121,8	1739	179						
1740	121,8	1740	179						
1741	121,8	1741	179						
1742	121,6	1742	180						
1743	121,6	1743	179						
1744	121,6	1744	178						
1745	121,6	1745	178						
1746	121,6	1746	178						
1747	121,6	1747	178						
1748	121,6	1748	179						
1749	121,6	1749	180						
1750	121,6	1750	179						
1751	121,6	1751	180						
1752	121,6	1752	179						
1753	121,6	1753	178						
1754	121,6	1754	178						
1755	121,6	1755	179						
1756	121,6	1756	178						
1757	121,6	1757	178						
1758	121,6	1758	180						
1759	121,6	1759	180						
1760	121,8	1760	180						
1761	121,6	1761	180						
1762	121,8	1762	180						
1763	121,8	1763	180						
1764	121,8	1764	179						
1765	121,8	1765	180						
1766	121,8	1766	179						
1767	121,8	1767	178						
1768	121,8	1768	179						
1769	121,8	1769	179						
1770	121,8	1770	179						
1771	121,8	1771	180						
1772	121,8	1772	179						
1773	121,8	1773	179						
1774	121,8	1774	178						
1775	121,8	1775	178						
1776	121,8	1776	178						
1777	121,6	1777	179						
1778	121,6	1778	179						
1779	121,8	1779	179						
1780	121,6	1780	180						
1781	121,6	1781	181						
1782	121,8	1782	179						
1783	121,8	1783	179						
1784	121,8	1784	179						
1785	121,8	1785	180						
1786	121,8	1786	179						
1787	121,8	1787	179						
1788	121,8	1788	179						
1789	121,8	1789	179						
1790	121,8	1790	179						
1791	121,8	1791	180						
1792	121,8	1792	180						
1793	121,8	1793	180						
1794	121,8	1794	180						
1795	121,8	1795	179						
1796	121,8	1796	179						
1797	121,8	1797	179						
1798	121,8	1798	179						
1799	121,8	1799	180						
1800	121,8	1800	180						
1801	121,8	1801	180						
1802	121,8	1802	179						
1803	121,8	1803	179						
1804	121,6	1804	179						
1805	121,6	1805	178						
1806	121,6	1806	178						
1807	121,6	1807	179						
1808	121,6	1808	178						
1809	121,6	1809	179						
1810	121,6	1810	179						
1811	121,6	1811	179						
1812	121,6	1812	178						
1813	121,6	1813	178						
1814	121,6	1814	178						
1815	121,6	1815	178						
1816	121,6	1816	179						
1817	121,6	1817	179						
1818	121,6	1818	179						
1819	121,5	1819	180						
1820	121,6	1820	181						
1821	121,6	1821	181						
1822	121,6	1822	180						
1823	121,6	1823	179						
1824	121,6	1824	179						
1825	121,6	1825	179						
1826	121,6	1826	178						
1827	121,6	1827	178						
1828	121,6	1828	179						
1829	121,8	1829	179						
1830	121,8	1830	178						
1831	121,8	1831	179						
1832	121,8	1832	179						
1833	121,8	1833	179						
1834	121,8	1834	179						
1835	121,8	1835	179						
1836	121,8	1836	178						
1837	121,8	1837	179						
1838	121,8	1838	180						
1839	121,6	1839	179						
1840	121,6	1840	180						
1841	121,6	1841	180						
1842	121,6	1842	179						
1843	121,6	1843	178						
1844	121,6	1844	178						
1845	121,6	1845	179						
1846	121,6	1846	179						
1847	121,6	1847	178						
1848	121,6	1848	180						
1849	121,6	1849	181						
1850	121,6	1850	180						
1851	121,6	1851	180						
1852	121,6	1852	179						
1853	121,6	1853	179						
1854	121,6	1854	179						
1855	121,8	1855	179						
1856	121,6	1856	178						
1857	121,6	1857	178						
1858	121,6	1858	179						
1859	121,6	1859	179						
1860	121,8	1860	179						
1861	121,8	1861	180						
1862	121,8	1862	179						
1863	121,6	1863	179						
1864	121,6	1864	179						
1865	121,6	1865	179						
1866	121,6	1866	179						
1867	121,6	1867	179						
1868	121,6	1868	179						
1869	121,6	1869	178						
1870	121,6	1870	180						
1871	121,6	1871	180						
1872	121,6	1872	180						
1873	121,6	1873	179						
1874	121,6	1874	179						
1875	121,6	1875	179						
1876	121,6	1876	179						
1877	121,6	1877	180						
1878	121,6	1878	180						
1879	121,6	1879	179						
1880	121,6	1880	179						
1881	121,6	1881	179						
1882	121,6	1882	180						
1883	121,6	1883	179						
1884	121,6	1884	178						
1885	121,6	1885	179						
1886	121,6	1886	179						
1887	121,6	1887	179						
1888	121,6	1888	180						
1889	121,6	1889	180						
1890	121,6	1890	180						
1891	121,6	1891	180						
1892	121,6	1892	180						
1893	121,6	1893	179						
1894	121,6	1894	179						
1895	121,6	1895	179						
1896	121,6	1896	179						
1897	121,6	1897	179						
1898	121,6	1898	180						
1899	121,6	1899	180						
1900	121,6	1900	179						
1901	121,6	1901	179						
1902	121,6	1902	180						
1903	121,8	1903	179						
1904	121,8	1904	179						
1905	121,8	1905	179						
1906	121,8	1906	179						
1907	121,6	1907	179						
1908	121,6	1908	179						
1909	121,6	1909	180						
1910	121,6	1910	180						
1911	121,6	1911	180						
1912	121,6	1912	180						
1913	121,6	1913	179						
1914	121,8	1914	179						
1915	121,8	1915	180						
1916	121,6	1916	179						
1917	121,6	1917	180						
1918	121,6	1918	180						
1919	121,8	1919	180						
1920	121,8	1920	180						
1921	121,6	1921	180						
1922	121,8	1922	180						
1923	121,8	1923	180						
1924	121,8	1924	179						
1925	121,8	1925	179						
1926	121,8	1926	179						
1927	121,8	1927	180						
1928	121,8	1928	180						
1929	121,6	1929	179						
1930	121,6	1930	179						
1931	121,6	1931	178						
1932	121,8	1932	179						
1933	121,8	1933	180						
1934	121,8	1934	180						
1935	121,6	1935	180						
1936	121,6	1936	180						
1937	121,6	1937	179						
1938	121,6	1938	180						
1939	121,8	1939	180						
1940	121,6	1940	180						
1941	121,8	1941	180						
1942	121,6	1942	180						
1943	121,8	1943	179						
1944	121,8	1944	179						
1945	121,8	1945	179						
1946	121,8	1946	178						
1947	121,8	1947	179						
1948	121,8	1948	180						
1949	121,6	1949	179						
1950	121,6	1950	179						
1951	121,6	1951	179						
1952	121,8	1952	179						
1953	121,8	1953	179						
1954	121,8	1954	180						
1955	121,8	1955	179						
1956	121,8	1956	179						
1957	121,6	1957	178						
1958	121,6	1958	179						
1959	121,6	1959	179						
1960	121,6	1960	179						
1961	121,8	1961	180						
1962	121,8	1962	180						
1963	121,8	1963	180						
1964	121,8	1964	179						
1965	121,8	1965	179						
1966	121,8	1966	178						
1967	121,8	1967	179						
1968	121,8	1968	179						
1969	121,8	1969	180						
1970	121,8	1970	180						
1971	121,8	1971	180						
1972	121,8	1972	180						
1973	121,8	1973	180						
1974	121,8	1974	180						
1975	121,8	1975	179						
1976	121,8	1976	179						
1977	121,8	1977	179						
1978	121,8	1978	180						
1979	121,8	1979	179						
1980	121,8	1980	179						
1981	121,8	1981	179						
1982	121,8	1982	179						
1983	121,8	1983	180						
1984	121,8	1984	180						
1985	121,8	1985	180						
1986	121,8	1986	180						
1987	121,8	1987	180						
1988	121,8	1988	180						
1989	121,8	1989	180						
1990	121,8	1990	179						
1991	121,8	1991	179						
1992	121,6	1992	180						
1993	121,8	1993	180						
1994	121,6	1994	179						
1995	121,6	1995	179						
1996	121,6	1996	178						
1997	121,6	1997	178						
1998	121,6	1998	179						
1999	121,6	1999	180						
2000	121,6	2000	180						
2001	121,6	2001	180						
2002	121,6	2002	179						
2003	121,6	2003	179						
2004	121,6	2004	180						
2005	121,6	2005	180						
2006	121,6	2006	178						
2007	121,6	2007	178						
2008	121,6	2008	179						
2009	121,6	2009	180						
2010	121,6	2010	179						
2011	121,6	2011	179						
2012	121,6	2012	180						
2013	121,6	2013	179						
2014	121,6	2014	180						
2015	121,6	2015	179						
2016	121,6	2016	179						
2017	121,6	2017	179						
2018	121,6	2018	179						
2019	121,6	2019	180						
2020	121,8	2020	180						
2021	121,8	2021	179						
2022	121,8	2022	179						
2023	121,8	2023	180						
2024	121,8	2024	179						
2025	121,8	2025	180						
2026	121,8	2026	180						
2027	121,6	2027	180						
2028	121,6	2028	179						
2029	121,6	2029	179						
2030	121,6	2030	180						
2031	121,6	2031	180						
2032	121,6	2032	180						
2033	121,6	2033	179						
2034	121,6	2034	179						
2035	121,6	2035	179						
2036	121,6	2036	178						
2037	121,6	2037	178						
2038	121,6	2038	179						
2039	121,6	2039	180						
2040	121,6	2040	180						
2041	121,6	2041	180						
2042	121,6	2042	180						
2043	121,8	2043	180						
2044	121,6	2044	180						
2045	121,8	2045	180						
2046	121,8	2046	179						
2047	121,8	2047	179						
2048	121,8	2048	178						
2049	121,8	2049	180						
2050	121,8	2050	179						
2051	121,8	2051	180						
2052	121,8	2052	181						
2053	121,8	2053	180						
2054	121,8	2054	179						
2055	121,8	2055	179						
2056	121,8	2056	178						
2057	121,8	2057	178						
2058	121,8	2058	179						
2059	121,8	2059	179						
2060	121,8	2060	180						
2061	121,8	2061	180						
2062	121,8	2062	180						
2063	121,8	2063	180						
2064	121,8	2064	180						
2065	121,8	2065	179						
2066	121,8	2066	178						
2067	121,8	2067	178						
2068	121,8	2068	179						
2069	121,8	2069	180						
2070	121,8	2070	180						
2071	121,8	2071	180						
2072	121,6	2072	180						
2073	121,6	2073	180						
2074	121,6	2074	180						
2075	121,6	2075	180						
2076	121,6	2076	179						
2077	121,6	2077	178						
2078	121,6	2078	179						
2079	121,6	2079	179						
2080	121,6	2080	179						
2081	121,6	2081	180						
2082	121,6	2082	180						
2083	121,6	2083	180						
2084	121,6	2084	181						
2085	121,6	2085	180						
2086	121,6	2086	179						
2087	121,6	2087	179						
2088	121,6	2088	180						
2089	121,6	2089	179						
2090	121,6	2090	179						
2091	121,6	2091	179						
2092	121,6	2092	179						
2093	121,6	2093	179						
2094	121,6	2094	179						
2095	121,6	2095	179						
2096	121,6	2096	179						
2097	121,6	2097	179						
2098	121,6	2098	178						
2099	121,6	2099	179						
2100	121,6	2100	180						
2101	121,6	2101	179						
2102	121,6	2102	179						
2103	121,6	2103	180						
2104	121,8	2104	180						
2105	121,8	2105	179						
2106	121,8	2106	180						
2107	121,6	2107	180						
2108	121,6	2108	180						
2109	121,6	2109	180						
2110	121,6	2110	180						
2111	121,8	2111	180						
2112	121,8	2112	180						
2113	121,8	2113	180						
2114	121,8	2114	180						
2115	121,8	2115	180						
2116	121,8	2116	180						
2117	121,8	2117	180						
2118	121,8	2118	180						
2119	121,8	2119	181						
2120	121,8	2120	181						
2121	121,6	2121	179						
2122	121,6	2122	179						
2123	121,6	2123	178						
2124	121,6	2124	179						
2125	121,6	2125	180						
2126	121,6	2126	179						
2127	121,6	2127	179						
2128	121,6	2128	180						
2129	121,6	2129	181						
2130	121,6	2130	180						
2131	121,6	2131	179						
2132	121,8	2132	179						
2133	121,8	2133	180						
2134	121,8	2134	180						
2135	121,8	2135	180						
2136	121,6	2136	179						
2137	121,6	2137	179						
2138	121,6	2138	179						
2139	121,8	2139	180						
2140	121,6	2140	181						
2141	121,6	2141	180						
2142	121,8	2142	180						
2143	121,8	2143	181						
2144	121,8	2144	180						
2145	121,8	2145	180						
2146	121,8	2146	179						
2147	121,8	2147	179						
2148	121,8	2148	180						
2149	121,8	2149	180						
2150	121,8	2150	180						
2151	121,8	2151	180						
2152	121,8	2152	179						
2153	121,8	2153	180						
2154	121,8	2154	180						
2155	121,8	2155	180						
2156	121,8	2156	179						
2157	121,8	2157	180						
2158	121,8	2158	180						
2159	121,8	2159	179						
2160	121,8	2160	179						
2161	121,8	2161	180						
2162	121,8	2162	180						
2163	121,8	2163	181						
2164	121,8	2164	180						
2165	121,8	2165	179						
2166	121,8	2166	178						
2167	121,8	2167	179						
2168	121,8	2168	179						
2169	121,8	2169	179						
2170	121,8	2170	179						
2171	121,8	2171	180						
2172	121,6	2172	180						
2173	121,6	2173	180						
2174	121,8	2174	180						
2175	121,8	2175	179						
2176	121,8	2176	179						
2177	121,8	2177	179						
2178	121,8	2178	179						
2179	121,8	2179	180						
2180	121,8	2180	180						
2181	121,6	2181	179						
2182	121,6	2182	179						
2183	121,8	2183	180						
2184	121,6	2184	180						
2185	121,6	2185	180						
2186	121,6	2186	179						
2187	121,6	2187	179						
2188	121,6	2188	179						
2189	121,6	2189	179						
2190	121,6	2190	180						
2191	121,6	2191	181						
2192	121,6	2192	181						
2193	121,6	2193	180						
2194	121,6	2194	180						
2195	121,6	2195	180						
2196	121,6	2196	180						
2197	121,6	2197	179						
2198	121,6	2198	179						
2199	121,6	2199	180						
2200	121,6	2200	180						
2201	121,6	2201	180						
2202	121,6	2202	181						
2203	121,6	2203	180						
2204	121,6	2204	180						
2205	121,6	2205	180						
2206	121,6	2206	179						
2207	121,6	2207	179						
2208	121,6	2208	181						
2209	121,6	2209	181						
2210	121,6	2210	180						
2211	121,6	2211	181						
2212	121,6	2212	181						
2213	121,8	2213	180						
2214	121,8	2214	180						
2215	121,8	2215	179						
2216	121,8	2216	180						
2217	121,8	2217	179						
2218	121,8	2218	180						
2219	121,8	2219	180						
2220	121,8	2220	180						
2221	121,8	2221	181						
2222	121,8	2222	181						
2223	121,8	2223	180						
2224	121,8	2224	179						
2225	121,8	2225	180						
2226	121,8	2226	180						
2227	121,8	2227	180						
2228	121,8	2228	180						
2229	121,8	2229	181						
2230	121,8	2230	180						
2231	121,8	2231	180						
2232	121,8	2232	180						
2233	121,8	2233	179						
2234	121,6	2234	180						
2235	121,6	2235	180						
2236	121,6	2236	180						
2237	121,6	2237	179						
2238	121,6	2238	179						
2239	121,6	2239	180						
2240	121,6	2240	180						
2241	121,6	2241	181						
2242	121,6	2242	181						
2243	121,6	2243	180						
2244	121,6	2244	180						
2245	121,6	2245	180						
2246	121,6	2246	179						
2247	121,6	2247	179						
2248	121,6	2248	179						
2249	121,6	2249	180						
2250	121,6	2250	180						
2251	121,6	2251	180						
2252	121,6	2252	179						
2253	121,6	2253	180						
2254	121,6	2254	180						
2255	121,6	2255	180						
2256	121,6	2256	180						
2257	121,6	2257	179						
2258	121,6	2258	180						
2259	121,6	2259	181						
2260	121,6	2260	181						
2261	121,6	2261	180						
2262	121,6	2262	180						
2263	121,6	2263	180						
2264	121,6	2264	180						
2265	121,6	2265	181						
2266	121,6	2266	180						
2267	121,6	2267	179						
2268	121,8	2268	179						
2269	121,8	2269	180						
2270	121,6	2270	184						
2271	121,8	2271	184						
2272	121,8	2272	181						
2273	121,8	2273	181						
2274	121,8	2274	180						
2275	121,8	2275	179						
2276	121,8	2276	178						
2277	121,8	2277	179						
2278	121,8	2278	179						
2279	121,8	2279	180						
2280	121,8	2280	179						
2281	121,8	2281	180						
2282	121,8	2282	181						
2283	121,8	2283	181						
2284	121,8	2284	180						
2285	121,6	2285	179						
2286	121,6	2286	179						
2287	121,6	2287	179						
2288	121,6	2288	181						
2289	121,8	2289	181						
2290	121,6	2290	180						
2291	121,8	2291	180						
2292	121,8	2292	180						
2293	121,6	2293	180						
2294	121,8	2294	179						
2295	121,8	2295	179						
2296	121,8	2296	180						
2297	121,8	2297	180						
2298	121,6	2298	180						
2299	121,6	2299	181						
2300	121,6	2300	181						
2301	121,8	2301	180						
2302	121,8	2302	180						
2303	121,8	2303	180						
2304	121,8	2304	180						
2305	121,8	2305	180						
2306	121,8	2306	180						
2307	121,8	2307	180						
2308	121,8	2308	180						
2309	121,8	2309	180						
2310	121,8	2310	180						
2311	121,8	2311	180						
2312	121,8	2312	180						
2313	121,8	2313	180						
2314	121,8	2314	180						
2315	121,8	2315	179						
2316	121,8	2316	179						
2317	121,8	2317	179						
2318	121,8	2318	179						
2319	121,8	2319	179						
2320	121,8	2320	180						
2321	121,8	2321	180						
2322	121,8	2322	180						
2323	121,8	2323	181						
2324	121,8	2324	181						
2325	121,8	2325	180						
2326	121,8	2326	180						
2327	121,8	2327	179						
2328	121,8	2328	180						
2329	121,8	2329	180						
2330	121,8	2330	180						
2331	121,8	2331	180						
2332	121,8	2332	180						
2333	121,8	2333	181						
2334	121,8	2334	180						
2335	121,8	2335	178						
2336	121,8	2336	178						
2337	121,8	2337	179						
2338	121,8	2338	181						
2339	121,8	2339	181						
2340	121,8	2340	180						
2341	121,6	2341	180						
2342	121,6	2342	180						
2343	121,6	2343	180						
2344	121,6	2344	179						
2345	121,6	2345	179						
2346	121,6	2346	179						
2347	121,6	2347	178						
2348	121,6	2348	179						
2349	121,6	2349	180						
2350	121,6	2350	179						
2351	121,6	2351	180						
2352	121,6	2352	180						
2353	121,6	2353	179						
2354	121,6	2354	180						
2355	121,6	2355	180						
2356	121,6	2356	180						
2357	121,6	2357	180						
2358	121,6	2358	180						
2359	121,8	2359	181						
2360	121,8	2360	180						
2361	121,8	2361	180						
2362	121,8	2362	181						
2363	121,8	2363	181						
2364	121,8	2364	180						
2365	121,8	2365	180						
2366	121,8	2366	179						
2367	121,8	2367	179						
2368	121,8	2368	179						
2369	121,8	2369	179						
2370	121,8	2370	180						
2371	121,8	2371	180						
2372	121,8	2372	180						
2373	121,8	2373	179						
2374	121,8	2374	180						
2375	121,8	2375	180						
2376	121,8	2376	179						
2377	121,8	2377	179						
2378	121,8	2378	180						
2379	121,8	2379	180						
2380	121,8	2380	180						
2381	121,8	2381	179						
2382	121,8	2382	179						
2383	121,8	2383	179						
2384	121,8	2384	179						
2385	121,8	2385	178						
2386	121,8	2386	179						
2387	121,8	2387	180						
2388	121,8	2388	180						
2389	121,8	2389	180						
2390	121,8	2390	181						
2391	121,8	2391	181						
2392	121,8	2392	180						
2393	121,8	2393	180						
2394	121,8	2394	179						
2395	121,8	2395	179						
2396	121,8	2396	178						
2397	121,6	2397	178						
2398	121,6	2398	179						
2399	121,6	2399	180						
2400	121,6	2400	180						
2401	121,6	2401	181						
2402	121,6	2402	180						
2403	121,6	2403	180						
2404	121,6	2404	180						
2405	121,6	2405	179						
2406	121,6	2406	179						
2407	121,6	2407	179						
2408	121,6	2408	180						
2409	121,6	2409	181						
2410	121,6	2410	181						
2411	121,6	2411	180						
2412	121,6	2412	184						
2413	121,6	2413	184						
2414	121,6	2414	180						
2415	121,6	2415	179						
2416	121,6	2416	179						
2417	121,6	2417	180						
2418	121,6	2418	180						
2419	121,8	2419	180						
2420	121,6	2420	179						
2421	121,8	2421	179						
2422	121,8	2422	180						
2423	121,8	2423	180						
2424	121,8	2424	180						
2425	121,8	2425	180						
2426	121,8	2426	180						
2427	121,8	2427	180						
2428	121,8	2428	180						
2429	121,8	2429	181						
2430	121,8	2430	181						
2431	121,8	2431	180						
2432	121,8	2432	179						
2433	121,8	2433	180						
2434	121,8	2434	179						
2435	121,8	2435	178						
2436	121,8	2436	179						
2437	121,8	2437	180						
2438	121,8	2438	180						
2439	121,8	2439	180						
2440	121,8	2440	181						
2441	121,8	2441	180						
2442	121,8	2442	180						
2443	121,8	2443	179						
2444	121,8	2444	179						
2445	121,8	2445	179						
2446	121,8	2446	179						
2447	121,8	2447	179						
2448	121,8	2448	179						
2449	121,8	2449	180						
2450	121,8	2450	180						
2451	121,8	2451	180						
2452	121,8	2452	179						
2453	121,8	2453	180						
2454	121,6	2454	179						
2455	121,6	2455	179						
2456	121,6	2456	178						
2457	121,6	2457	178						
2458	121,6	2458	178						
2459	121,6	2459	179						
2460	121,6	2460	179						
2461	121,6	2461	179						
2462	121,6	2462	180						
2463	121,6	2463	180						
2464	121,6	2464	180						
2465	121,6	2465	180						
2466	121,6	2466	180						
2467	121,6	2467	179						
2468	121,6	2468	179						
2469	121,8	2469	179						
2470	121,8	2470	179						
2471	121,8	2471	179						
2472	121,8	2472	179						
2473	121,8	2473	179						
2474	121,8	2474	179						
2475	121,8	2475	178						
2476	121,8	2476	178						
2477	121,8	2477	179						
2478	121,8	2478	180						
2479	121,8	2479	180						
2480	121,6	2480	179						
2481	121,6	2481	179						
2482	121,6	2482	179						
2483	121,6	2483	179						
2484	121,6	2484	179						
2485	121,6	2485	180						
2486	121,6	2486	180						
2487	121,6	2487	180						
2488	121,6	2488	179						
2489	121,6	2489	180						
2490	121,6	2490	180						
2491	121,6	2491	179						
2492	121,6	2492	180						
2493	121,6	2493	180						
2494	121,6	2494	180						
2495	121,6	2495	179						
2496	121,6	2496	179						
2497	121,6	2497	179						
2498	121,6	2498	179						
2499	121,6	2499	180						
2500	121,6	2500	180						
2501	121,6	2501	180						
2502	121,6	2502	180						
2503	121,6	2503	180						
2504	121,8	2504	179						
2505	121,6	2505	179						
2506	121,6	2506	179						
2507	121,6	2507	179						
2508	121,6	2508	180						
2509	121,6	2509	181						
2510	121,6	2510	180						
2511	121,6	2511	180						
2512	121,6	2512	180						
2513	121,6	2513	179						
2514	121,8	2514	179						
2515	121,8	2515	179						
2516	121,8	2516	179						
2517	121,8	2517	178						
2518	121,8	2518	178						
2519	121,8	2519	178						
2520	121,8	2520	179						
2521	121,8	2521	180						
2522	121,8	2522	180						
2523	121,8	2523	179						
2524	121,8	2524	180						
2525	121,8	2525	180						
2526	121,8	2526	180						
2527	121,8	2527	178						
2528	121,8	2528	179						
2529	121,8	2529	180						
2530	121,8	2530	180						
2531	121,8	2531	180						
2532	121,8	2532	180						
2533	121,8	2533	180						
2534	121,8	2534	180						
2535	121,8	2535	179						
2536	121,8	2536	179						
2537	121,6	2537	179						
2538	121,6	2538	178						
2539	121,6	2539	179						
2540	121,6	2540	181						
2541	121,6	2541	181						
2542	121,6	2542	181						
2543	121,6	2543	180						
2544	121,6	2544	179						
2545	121,6	2545	180						
2546	121,6	2546	180						
2547	121,6	2547	180						
2548	121,6	2548	180						
2549	121,6	2549	181						
2550	121,6	2550	180						
2551	121,6	2551	180						
2552	121,6	2552	180						
2553	121,6	2553	181						
2554	121,8	2554	180						
2555	121,8	2555	179						
2556	121,8	2556	178						
2557	121,8	2557	179						
2558	121,8	2558	179						
2559	121,8	2559	181						
2560	121,6	2560	180						
2561	121,8	2561	181						
2562	121,6	2562	181						
2563	121,8	2563	180						
2564	121,8	2564	180						
2565	121,8	2565	179						
2566	121,8	2566	179						
2567	121,6	2567	179						
2568	121,6	2568	178						
2569	121,6	2569	179						
2570	121,6	2570	180						
2571	121,6	2571	180						
2572	121,6	2572	181						
2573	121,6	2573	181						
2574	121,6	2574	181						
2575	121,6	2575	180						
2576	121,6	2576	180						
2577	121,5	2577	179						
2578	121,5	2578	179						
2579	121,5	2579	180						
2580	121,5	2580	180						
2581	121,5	2581	181						
2582	121,5	2582	182						
2583	121,6	2583	181						
2584	121,6	2584	180						
2585	121,6	2585	180						
2586	121,6	2586	180						
2587	121,6	2587	180						
2588	121,6	2588	180						
2589	121,6	2589	181						
2590	121,6	2590	181						
2591	121,6	2591	181						
2592	121,6	2592	180						
2593	121,6	2593	180						
2594	121,6	2594	180						
2595	121,6	2595	179						
2596	121,6	2596	180						
2597	121,8	2597	180						
2598	121,8	2598	180						
2599	121,6	2599	180						
2600	121,6	2600	180						
2601	121,6	2601	180						
2602	121,8	2602	180						
2603	121,8	2603	179						
2604	121,8	2604	180						
2605	121,8	2605	181						
2606	121,8	2606	180						
2607	121,8	2607	180						
2608	121,8	2608	179						
2609	121,8	2609	179						
2610	121,8	2610	180						
2611	121,8	2611	180						
2612	121,8	2612	180						
2613	121,8	2613	180						
2614	121,8	2614	180						
2615	121,8	2615	180						
2616	121,8	2616	180						
2617	121,8	2617	179						
2618	121,8	2618	179						
2619	121,8	2619	180						
2620	121,8	2620	182						
2621	121,8	2621	181						
2622	121,8	2622	181						
2623	121,8	2623	180						
2624	121,8	2624	179						
2625	121,8	2625	180						
2626	121,8	2626	180						
2627	121,8	2627	179						
2628	121,8	2628	179						
2629	121,8	2629	181						
2630	121,8	2630	181						
2631	121,8	2631	180						
2632	121,8	2632	179						
2633	121,8	2633	179						
2634	121,8	2634	179						
2635	121,8	2635	180						
2636	121,8	2636	180						
2637	121,8	2637	179						
2638	121,8	2638	179						
2639	121,8	2639	179						
2640	121,8	2640	179						
2641	121,8	2641	180						
2642	121,8	2642	180						
2643	121,8	2643	180						
2644	121,8	2644	179						
2645	121,8	2645	180						
2646	121,8	2646	180						
2647	121,8	2647	179						
2648	121,8	2648	179						
2649	121,8	2649	180						
2650	121,8	2650	180						
2651	121,8	2651	180						
2652	121,8	2652	180						
2653	121,8	2653	181						
2654	121,8	2654	180						
2655	121,8	2655	180						
2656	121,6	2656	179						
2657	121,6	2657	179						
2658	121,6	2658	179						
2659	121,6	2659	179						
2660	121,6	2660	180						
2661	121,6	2661	180						
2662	121,6	2662	180						
2663	121,6	2663	180						
2664	121,6	2664	179						
2665	121,6	2665	179						
2666	121,6	2666	179						
2667	121,6	2667	179						
2668	121,6	2668	179						
2669	121,6	2669	180						
2670	121,6	2670	180						
2671	121,6	2671	180						
2672	121,6	2672	181						
2673	121,6	2673	180						
2674	121,6	2674	179						
2675	121,6	2675	178						
2676	121,6	2676	179						
2677	121,6	2677	179						
2678	121,6	2678	178						
2679	121,6	2679	178						
2680	121,6	2680	180						
2681	121,6	2681	180						
2682	121,6	2682	181						
2683	121,6	2683	180						
2684	121,6	2684	180						
2685	121,6	2685	179						
2686	121,6	2686	179						
2687	121,6	2687	180						
2688	121,6	2688	179						
2689	121,6	2689	181						
2690	121,6	2690	181						
2691	121,6	2691	180						
2692	121,8	2692	180						
2693	121,6	2693	180						
2694	121,8	2694	180						
2695	121,8	2695	180						
2696	121,8	2696	180						
2697	121,8	2697	179						
2698	121,8	2698	180						
2699	121,6	2699	180						
2700	121,8	2700	181						
2701	121,8	2701	181						
2702	121,8	2702	180						
2703	121,8	2703	180						
2704	121,8	2704	179						
2705	121,8	2705	179						
2706	121,8	2706	180						
2707	121,8	2707	179						
2708	121,8	2708	179						
2709	121,6	2709	180						
2710	121,6	2710	180						
2711	121,6	2711	180						
2712	121,6	2712	180						
2713	121,6	2713	180						
2714	121,6	2714	180						
2715	121,6	2715	179						
2716	121,6	2716	180						
2717	121,6	2717	180						
2718	121,6	2718	180						
2719	121,6	2719	180						
2720	121,6	2720	180						
2721	121,6	2721	180						
2722	121,6	2722	181						
2723	121,6	2723	181						
2724	121,6	2724	181						
2725	121,6	2725	180						
2726	121,6	2726	179						
2727	121,6	2727	179						
2728	121,6	2728	179						
2729	121,6	2729	179						
2730	121,6	2730	181						
2731	121,6	2731	181						
2732	121,6	2732	181						
2733	121,6	2733	181						
2734	121,6	2734	181						
2735	121,6	2735	181						
2736	121,6	2736	181						
2737	121,6	2737	180						
2738	121,6	2738	180						
2739	121,6	2739	179						
2740	121,6	2740	180						
2741	121,8	2741	180						
2742	121,8	2742	181						
2743	121,8	2743	181						
2744	121,8	2744	181						
2745	121,8	2745	180						
2746	121,8	2746	180						
2747	121,8	2747	180						
2748	121,8	2748	179						
2749	121,8	2749	180						
2750	121,8	2750	180						
2751	121,8	2751	181						
2752	121,8	2752	180						
2753	121,8	2753	180						
2754	121,8	2754	180						
2755	121,8	2755	180						
2756	121,8	2756	180						
2757	121,8	2757	180						
2758	121,8	2758	180						
2759	121,6	2759	180						
2760	121,6	2760	180						
2761	121,8	2761	180						
2762	121,8	2762	180						
2763	121,8	2763	180						
2764	121,6	2764	180						
2765	121,6	2765	180						
2766	121,8	2766	180						
2767	121,8	2767	180						
2768	121,8	2768	179						
2769	121,8	2769	180						
2770	121,8	2770	182						
2771	121,8	2771	180						
2772	121,6	2772	177						
2773	121,6	2773	176						
2774	121,5	2774	174						
2775	121,5	2775	173						
2776	121,5	2776	172						
2777	121,5	2777	171						
2778	121,4	2778	170						
2779	121,3	2779	169						
2780	121,1	2780	168						
2781	121	2781	167						
2782	121	2782	166						
2783	120,8	2783	164						
2784	120,6	2784	163						
2785	120,5	2785	163						
2786	120,3	2786	162						
2787	120,1	2787	161						
2788	120	2788	160						
2789	119,8	2789	160						
2790	119,5	2790	159						
2791	119,5	2791	159						
2792	119,3	2792	159						
2793	119,1	2793	157						
2794	119	2794	156						
2795	118,8	2795	155						
2796	118,6	2796	155						
2797	118,5	2797	154						
2798	118,4	2798	153						
2799	118,1	2799	152						
2800	118	2800	151						
2801	117,9	2801	151						
2802	117,8	2802	150						
2803	117,6	2803	150						
2804	117,5	2804	149						
2805	117,4	2805	149						
2806	117,3	2806	148						
2807	117,1	2807	148						
2808	117	2808	147						
2809	116,9	2809	146						
2810	116,8	2810	146						
2811	116,6	2811	146						
2812	116,5	2812	144						
2813	116,4	2813	143						
2814	116,3	2814	142						
2815	116,1	2815	142						
2816	116	2816	142						
2817	115,9	2817	142						
2818	115,8	2818	141						
2819	115,5	2819	141						
2820	115,5	2820	141						
2821	115,3	2821	140						
2822	115,1	2822	138						
2823	115	2823	137						
2824	114,9	2824	137						
2825	114,8	2825	136						
2826	114,6	2826	136						
2827	114,5	2827	136						
2828	114,4	2828	135						
2829	114,3	2829	134						
2830	114	2830	134						
2831	114	2831	133						
2832	113,9	2832	132						
2833	113,8	2833	132						
2834	113,5	2834	131						
2835	113,5	2835	131						
2836	113,4	2836	130						
2837	113,3	2837	129						
2838	113,1	2838	129						
2839	113	2839	129						
2840	112,9	2840	128						
2841	112,8	2841	128						
2842	112,6	2842	128						
2843	112,5	2843	126						
2844	112,4	2844	126						
2845	112,3	2845	126						
2846	112,1	2846	125						
2847	112	2847	124						
2848	112	2848	124						
2849	111,9	2849	124						
2850	111,6	2850	123						
2851	111,5	2851	123						
2852	111,5	2852	123						
2853	111,4	2853	122						
2854	111,3	2854	121						
2855	111,1	2855	120						
2856	111	2856	120						
2857	111	2857	121						
2858	110,9	2858	120						
2859	110,6	2859	119						
2860	110,5	2860	118						
2861	110,5	2861	118						
2862	110,4	2862	118						
2863	110,3	2863	118						
2864	110,1	2864	117						
2865	110	2865	116						
2866	109,9	2866	116						
2867	109,8	2867	116						
2868	109,6	2868	115						
2869	109,5	2869	115						
2870	109,5	2870	114						
2871	109,4	2871	113						
2872	109,3	2872	113						
2873	109	2873	114						
2874	109	2874	114						
2875	108,9	2875	112						
2876	108,8	2876	112						
2877	108,6	2877	111						
2878	108,5	2878	111						
2879	108,5	2879	111						
2880	108,4	2880	111						
2881	108,3	2881	110						
2882	108,1	2882	110						
2883	108	2883	110						
2884	108	2884	109						
2885	107,9	2885	109						
2886	107,8	2886	108						
2887	107,6	2887	107						
2888	107,6	2888	106						
2889	107,5	2889	106						
2890	107,4	2890	106						
2891	107,3	2891	105						
2892	107,1	2892	105						
2893	107	2893	105						
2894	107	2894	106						
2895	107	2895	105						
2896	106,8	2896	105						
2897	106,8	2897	104						
2898	106,5	2898	103						
2899	106,5	2899	103						
2900	106,4	2900	103						
2901	106,3	2901	102						
2902	106,1	2902	102						
2903	106	2903	102						
2904	106	2904	102						
2905	105,9	2905	101						
2906	105,8	2906	101						
2907	105,6	2907	101						
2908	105,5	2908	100						
2909	105,5	2909	99						
2910	105,5	2910	99						
2911	105,4	2911	98						
2912	105,3	2912	99						
2913	105,1	2913	98						
2914	105	2914	97						
2915	105	2915	97						
2916	104,9	2916	96						
2917	104,8	2917	96						
2918	104,6	2918	96						
2919	104,6	2919	96						
2920	104,5	2920	96						
2921	104,5	2921	95						
2922	104,4	2922	95						
2923	104,3	2923	95						
2924	104,1	2924	95						
2925	104	2925	94						
2926	104	2926	94						
2927	103,9	2927	94						
2928	103,8	2928	95						
2929	103,6	2929	94						
2930	103,5	2930	93						
2931	103,5	2931	93						
2932	103,4	2932	93						
2933	103,4	2933	93						
2934	103,3	2934	92						
2935	103,1	2935	92						
2936	103	2936	92						
2937	103	2937	92						
2938	102,9	2938	91						
2939	102,8	2939	91						
2940	102,8	2940	91						
2941	102,6	2941	90						
2942	102,5	2942	90						
2943	102,5	2943	90						
2944	102,4	2944	89						
2945	102,4	2945	89						
2946	102,3	2946	89						
2947	102,1	2947	89						
2948	102	2948	89						
2949	102	2949	88						
2950	102	2950	88						
2951	101,9	2951	87						
2952	101,8	2952	86						
2953	101,6	2953	87						
2954	101,6	2954	87						
2955	101,5	2955	87						
2956	101,5	2956	88						
2957	101,4	2957	87						
2958	101,3	2958	86						
2959	101,1	2959	86						
2960	101	2960	86						
2961	101	2961	85						
2962	101	2962	85						
2963	100,9	2963	85						
2964	100,8	2964	85						
2965	100,6	2965	84						
2966	100,6	2966	84						
2967	100,5	2967	85						
2968	100,5	2968	83						
2969	100,4	2969	84						
2970	100,4	2970	84						
2971	100,3	2971	83						
2972	100,1	2972	83						
2973	100	2973	83						
2974	100	2974	83						
2975	100	2975	83						
2976	99,9	2976	82						
2977	99,9	2977	82						
2978	99,8	2978	82						
2979	99,6	2979	81						
2980	99,6	2980	81						
2981	99,5	2981	80						
2982	99,5	2982	81						
2983	99,5	2983	80						
2984	99,4	2984	80						
2985	99,3	2985	80						
2986	99,3	2986	80						
2987	99,1	2987	80						
2988	99	2988	79						
2989	99	2989	79						
2990	99	2990	79						
2991	98,9	2991	79						
2992	98,9	2992	79						
2993	98,8	2993	79						
2994	98,6	2994	79						
2995	98,6	2995	78						
2996	98,5	2996	77						
2997	98,5	2997	78						
2998	98,5	2998	77						
2999	98,4	2999	77						
3000	98,3	3000	77						
3001	98,3	3001	78						
3002	98,1	3002	78						
3003	98,1	3003	77						
3004	98	3004	77						
3005	98	3005	76						
3006	98	3006	77						
3007	97,9	3007	76						
3008	97,9	3008	76						
3009	97,8	3009	76						
3010	97,6	3010	76						
3011	97,5	3011	76						
3012	97,5	3012	76						
3013	97,5	3013	76						
3014	97,5	3014	75						
3015	97,4	3015	76						
3016	97,3	3016	75						
3017	97,3	3017	74						
3018	97,1	3018	73						
3019	97,1	3019	73						
3020	97	3020	73						
3021	97	3021	74						
3022	97	3022	74						
3023	96,9	3023	74						
3024	96,8	3024	73						
3025	96,8	3025	72						
3026	96,8	3026	73						
3027	96,6	3027	73						
3028	96,6	3028	72						
3029	96,5	3029	72						
3030	96,5	3030	72						
3031	96,5	3031	72						
3032	96,5	3032	71						
3033	96,4	3033	72						
3034	96,4	3034	72						
3035	96,3	3035	72						
3036	96,1	3036	72						
3037	96,1	3037	71						
3038	96	3038	72						
3039	96	3039	72						
3040	96	3040	71						
3041	96	3041	72						
3042	95,9	3042	71						
3043	95,8	3043	71						
3044	95,8	3044	71						
3045	95,6	3045	71						
3046	95,6	3046	70						
3047	95,5	3047	70						
3048	95,5	3048	69						
3049	95,5	3049	70						
3050	95,5	3050	70						
3051	95,4	3051	69						
3052	95,4	3052	69						
3053	95,3	3053	69						
3054	95,3	3054	69						
3055	95,1	3055	70						
3056	95,1	3056	69						
3057	95	3057	69						
3058	95	3058	68						
3059	95	3059	69						
3060	95	3060	69						
3061	95	3061	69						
3062	94,9	3062	69						
3063	94,9	3063	69						
3064	94,8	3064	69						
3065	94,8	3065	68						
3066	94,6	3066	67						
3067	94,6	3067	67						
3068	94,6	3068	67						
3069	94,5	3069	67						
3070	94,5	3070	67						
3071	94,5	3071	68						
3072	94,5	3072	67						
3073	94,5	3073	67						
3074	94,4	3074	66						
3075	94,4	3075	66						
3076	94,3	3076	67						
3077	94,3	3077	66						
3078	94,3	3078	66						
3079	94,1	3079	66						
3080	94,1	3080	66						
3081	94	3081	66						
3082	94	3082	67						
3083	94	3083	66						
3084	94	3084	65						
3085	94	3085	65						
3086	93,9	3086	66						
3087	93,9	3087	66						
3088	93,9	3088	65						
3089	93,8	3089	66						
3090	93,8	3090	66						
3091	93,8	3091	66						
3092	93,6	3092	66						
3093	93,6	3093	65						
3094	93,5	3094	65						
3095	93,5	3095	65						
3096	93,5	3096	65						
3097	93,5	3097	64						
3098	93,5	3098	64						
3099	93,5	3099	64						
3100	93,4	3100	63						
3101	93,4	3101	63						
3102	93,3	3102	64						
3103	93,3	3103	64						
3104	93,3	3104	64						
3105	93,3	3105	64						
3106	93,1	3106	64						
3107	93,1	3107	64						
3108	93,1	3108	63						
3109	93	3109	64						
3110	93	3110	63						
3111	93	3111	64						
3112	93	3112	64						
