Time - Temeperatura (°C)	Temperatura (°C) & Presión (kPa) - Temeperatura (°C)	Time - Presión (kPa)	Temperatura (°C) & Presión (kPa) - Presión (kPa)
0	41,2	0	61
1	41,2	1	62
2	41,2	2	62
3	41,2	3	62
4	41,2	4	62
5	41,2	5	61
6	41,2	6	60
7	41,2	7	60
8	41,2	8	61
9	41,2	9	61
10	41,2	10	60
11	41,2	11	61
12	41,2	12	61
13	41,2	13	61
14	41,2	14	61
15	41,2	15	61
16	41,2	16	60
17	41,4	17	60
18	41,4	18	60
19	41,4	19	61
20	41,4	20	61
21	41,4	21	62
22	41,5	22	61
23	41,5	23	61
24	41,5	24	62
25	41,5	25	62
26	41,5	26	61
27	41,7	27	61
28	41,7	28	59
29	41,7	29	60
30	41,9	30	60
31	41,9	31	61
32	42	32	61
33	42	33	61
34	42,2	34	61
35	42,2	35	61
36	42,4	36	61
37	42,5	37	60
38	42,5	38	62
39	42,7	39	62
40	42,7	40	61
41	43	41	61
42	43	42	61
43	43,2	43	61
44	43,2	44	61
45	43,5	45	61
46	43,5	46	61
47	43,7	47	61
48	43,7	48	61
49	43,9	49	61
50	44	50	61
51	44,2	51	61
52	44,2	52	62
53	44,4	53	61
54	44,5	54	61
55	44,7	55	61
56	44,7	56	61
57	44,9	57	62
58	45	58	61
59	45,2	59	61
60	45,2	60	61
61	45,5	61	61
62	45,5	62	61
63	45,7	63	61
64	45,7	64	61
65	45,9	65	61
66	46	66	62
67	46	67	62
68	46,2	68	61
69	46,2	69	61
70	46,4	70	61
71	46,5	71	60
72	46,7	72	61
73	46,7	73	62
74	46,9	74	61
75	47	75	61
76	47	76	61
77	47,2	77	61
78	47,2	78	61
79	47,4	79	62
80	47,5	80	62
81	47,5	81	62
82	47,7	82	61
83	47,7	83	61
84	47,9	84	61
85	48	85	61
86	48	86	61
87	48,2	87	61
88	48,2	88	61
89	48,4	89	61
90	48,5	90	61
91	48,5	91	61
92	48,5	92	61
93	48,7	93	62
94	48,9	94	62
95	49	95	61
96	49	96	61
97	49,2	97	61
98	49,2	98	61
99	49,4	99	61
100	49,5	100	61
101	49,5	101	61
102	49,7	102	61
103	49,7	103	62
104	49,9	104	62
105	49,9	105	62
106	50	106	62
107	50	107	62
108	50,2	108	61
109	50,2	109	60
110	50,2	110	60
111	50,4	111	61
112	50,5	112	61
113	50,5	113	61
114	50,7	114	61
115	50,7	115	61
116	50,9	116	61
117	51	117	61
118	51	118	60
119	51,2	119	61
120	51,2	120	60
121	51,4	121	61
122	51,5	122	62
123	51,5	123	61
124	51,5	124	62
125	51,7	125	61
126	51,7	126	61
127	51,9	127	61
128	52	128	61
129	52	129	60
130	52	130	61
131	52,2	131	60
132	52,2	132	61
133	52,2	133	61
134	52,4	134	61
135	52,5	135	61
136	52,5	136	61
137	52,5	137	60
138	52,7	138	61
139	52,7	139	60
140	52,9	140	60
141	53	141	61
142	53	142	61
143	53	143	61
144	53,2	144	61
145	53,2	145	61
146	53,2	146	61
147	53,2	147	60
148	53,4	148	61
149	53,4	149	60
150	53,5	150	60
151	53,5	151	61
152	53,5	152	60
153	53,5	153	60
154	53,5	154	60
155	53,7	155	60
156	53,7	156	61
157	53,7	157	62
158	53,7	158	62
159	53,9	159	62
160	53,9	160	62
161	53,9	161	61
162	54	162	61
163	54	163	61
164	54	164	61
165	54,2	165	61
166	54,2	166	61
167	54,2	167	61
168	54,2	168	61
169	54,4	169	61
170	54,5	170	61
171	54,5	171	61
172	54,5	172	60
173	54,7	173	61
174	54,7	174	61
175	54,7	175	61
176	54,9	176	61
177	55	177	60
178	55	178	60
179	55,2	179	61
180	55,2	180	61
181	55,2	181	60
182	55,4	182	60
183	55,5	183	61
184	55,5	184	61
185	55,7	185	61
186	55,7	186	61
187	55,7	187	61
188	55,9	188	61
189	55,9	189	62
190	56	190	61
191	56	191	61
192	56,2	192	62
193	56,2	193	62
194	56,2	194	62
195	56,4	195	62
196	56,5	196	62
197	56,5	197	61
198	56,7	198	60
199	56,7	199	61
200	56,9	200	61
201	57	201	61
202	57	202	61
203	57,2	203	61
204	57,2	204	61
205	57,2	205	61
206	57,4	206	60
207	57,5	207	60
208	57,7	208	60
209	57,7	209	61
210	57,9	210	62
211	58	211	62
212	58	212	62
213	58,2	213	62
214	58,2	214	62
215	58,4	215	62
216	58,5	216	62
217	58,7	217	61
218	58,9	218	62
219	59	219	62
220	59,2	220	62
221	59,4	221	63
222	59,5	222	63
223	59,7	223	63
224	59,9	224	62
225	60	225	62
226	60,2	226	63
227	60,5	227	63
228	60,7	228	63
229	60,7	229	62
230	61	230	62
231	61,2	231	62
232	61,5	232	62
233	61,5	233	62
234	61,7	234	63
235	62	235	62
236	62,2	236	63
237	62,4	237	63
238	62,5	238	64
239	62,7	239	63
240	63	240	63
241	63,2	241	63
242	63,4	242	64
243	63,7	243	64
244	63,9	244	64
245	64	245	63
246	64,3	246	63
247	64,5	247	62
248	64,8	248	62
249	65	249	63
250	65,3	250	63
251	65,5	251	64
252	65,8	252	63
253	66	253	63
254	66,1	254	63
255	66,4	255	63
256	66,5	256	62
257	66,8	257	63
258	67	258	63
259	67,3	259	63
260	67,5	260	63
261	67,6	261	63
262	67,8	262	63
263	68	263	64
264	68,1	264	63
265	68,4	265	63
266	68,5	266	62
267	68,6	267	63
268	68,9	268	62
269	69	269	62
270	69,3	270	63
271	69,4	271	63
272	69,5	272	62
273	69,8	273	61
274	70	274	61
275	70,1	275	62
276	70,4	276	61
277	70,5	277	62
278	70,6	278	62
279	70,9	279	62
280	71	280	63
281	71,1	281	63
282	71,4	282	63
283	71,5	283	63
284	71,8	284	63
285	72	285	63
286	72	286	63
287	72,3	287	62
288	72,4	288	63
289	72,5	289	62
290	72,8	290	62
291	73	291	63
292	73	292	62
293	73,1	293	61
294	73,4	294	62
295	73,5	295	62
296	73,6	296	62
297	73,8	297	63
298	74	298	63
299	74	299	63
300	74,1	300	63
301	74,3	301	63
302	74,4	302	63
303	74,5	303	63
304	74,5	304	62
305	74,8	305	62
306	74,8	306	62
307	74,9	307	63
308	75	308	63
309	75	309	63
310	75,1	310	63
311	75,3	311	63
312	75,4	312	62
313	75,5	313	62
314	75,5	314	62
315	75,6	315	62
316	75,8	316	62
317	75,9	317	62
318	76	318	62
319	76,1	319	62
320	76,3	320	62
321	76,4	321	63
322	76,5	322	63
323	76,6	323	63
324	76,8	324	62
325	76,9	325	62
326	77	326	62
327	77	327	62
328	77,1	328	63
329	77,3	329	63
330	77,4	330	63
331	77,5	331	63
332	77,5	332	63
333	77,5	333	64
334	77,6	334	63
335	77,8	335	62
336	77,8	336	62
337	77,9	337	63
338	77,9	338	63
339	77,9	339	63
340	77,9	340	63
341	77,9	341	63
342	78	342	63
343	78	343	63
344	78	344	63
345	78	345	63
346	78	346	63
347	78	347	63
348	78	348	63
349	77,9	349	64
350	77,9	350	63
351	77,9	351	63
352	77,9	352	63
353	77,9	353	63
354	77,8	354	63
355	77,8	355	63
356	77,8	356	63
357	77,8	357	63
358	77,8	358	63
359	77,8	359	64
360	77,8	360	63
361	77,8	361	63
362	77,8	362	64
363	77,8	363	64
364	77,8	364	64
365	77,8	365	63
366	77,8	366	63
367	77,8	367	63
368	77,8	368	63
369	77,8	369	63
370	77,8	370	64
371	77,9	371	64
372	77,9	372	64
373	77,9	373	63
374	77,9	374	64
375	77,9	375	64
376	78	376	64
377	78	377	64
378	78	378	63
379	78	379	63
380	78,1	380	64
381	78,1	381	63
382	78,3	382	63
383	78,4	383	63
384	78,5	384	64
385	78,5	385	63
386	78,6	386	64
387	78,8	387	64
388	78,8	388	65
389	78,9	389	65
390	79	390	64
391	79,1	391	65
392	79,1	392	65
393	79,3	393	65
394	79,5	394	66
395	79,5	395	66
396	79,5	396	64
397	79,6	397	64
398	79,8	398	64
399	79,8	399	65
400	79,9	400	65
401	80	401	65
402	80	402	64
403	80,1	403	64
404	80,1	404	64
405	80,3	405	64
406	80,4	406	65
407	80,5	407	65
408	80,5	408	65
409	80,5	409	64
410	80,6	410	64
411	80,8	411	65
412	80,9	412	66
413	81	413	65
414	81	414	65
415	81	415	65
416	81,1	416	65
417	81,3	417	65
418	81,4	418	65
419	81,5	419	66
420	81,5	420	66
421	81,8	421	66
422	81,8	422	66
423	82	423	65
424	82	424	64
425	82,1	425	65
426	82,3	426	65
427	82,4	427	66
428	82,5	428	66
429	82,5	429	65
430	82,8	430	66
431	82,8	431	66
432	83	432	66
433	83	433	66
434	83	434	67
435	83,1	435	67
436	83,3	436	67
437	83,4	437	68
438	83,5	438	67
439	83,5	439	67
440	83,6	440	67
441	83,8	441	67
442	83,9	442	67
443	84	443	67
444	84	444	67
445	84	445	68
446	84,1	446	67
447	84,3	447	67
448	84,4	448	67
449	84,5	449	67
450	84,5	450	67
451	84,5	451	67
452	84,6	452	68
453	84,8	453	67
454	84,9	454	68
455	85	455	68
456	85	456	67
457	85	457	68
458	85,1	458	68
459	85,1	459	68
460	85,3	460	67
461	85,4	461	68
462	85,5	462	68
463	85,5	463	68
464	85,6	464	68
465	85,8	465	69
466	85,8	466	67
467	85,9	467	68
468	86	468	69
469	86	469	69
470	86	470	68
471	86,1	471	68
472	86,3	472	68
473	86,3	473	67
474	86,4	474	68
475	86,5	475	69
476	86,5	476	69
477	86,5	477	70
478	86,6	478	70
479	86,8	479	70
480	86,9	480	70
481	87	481	69
482	87	482	69
483	87	483	70
484	87,1	484	70
485	87,3	485	69
486	87,3	486	69
487	87,4	487	69
488	87,5	488	70
489	87,5	489	70
490	87,6	490	71
491	87,6	491	71
492	87,8	492	71
493	87,9	493	71
494	88	494	70
495	88	495	70
496	88	496	71
497	88	497	70
498	88,1	498	70
499	88,3	499	71
500	88,3	500	71
501	88,4	501	71
502	88,5	502	71
503	88,5	503	71
504	88,5	504	72
505	88,5	505	72
506	88,6	506	71
507	88,8	507	71
508	88,8	508	71
509	88,9	509	71
510	88,9	510	73
511	89	511	73
512	89	512	72
513	89	513	71
514	89	514	71
515	89,1	515	72
516	89,3	516	71
517	89,3	517	71
518	89,3	518	71
519	89,4	519	72
520	89,5	520	72
521	89,5	521	72
522	89,5	522	72
523	89,6	523	73
524	89,6	524	72
525	89,8	525	72
526	89,9	526	72
527	89,9	527	73
528	90	528	74
529	90	529	74
530	90	530	73
531	90	531	72
532	90,1	532	73
533	90,3	533	74
534	90,3	534	73
535	90,4	535	74
536	90,4	536	74
537	90,5	537	74
538	90,5	538	75
539	90,5	539	75
540	90,5	540	74
541	90,6	541	73
542	90,6	542	74
543	90,8	543	75
544	90,8	544	76
545	90,9	545	76
546	90,9	546	75
547	90,9	547	75
548	91	548	75
549	91	549	75
550	91	550	75
551	91	551	76
552	91,1	552	76
553	91,1	553	76
554	91,3	554	75
555	91,3	555	76
556	91,4	556	76
557	91,4	557	76
558	91,4	558	76
559	91,5	559	75
560	91,5	560	76
561	91,5	561	77
562	91,5	562	77
563	91,5	563	77
564	91,6	564	76
565	91,6	565	77
566	91,8	566	76
567	91,8	567	76
568	91,9	568	77
569	91,9	569	78
570	92	570	79
571	92	571	78
572	92	572	77
573	92	573	78
574	92,1	574	78
575	92,1	575	77
576	92,1	576	77
577	92,3	577	77
578	92,3	578	78
579	92,4	579	78
580	92,4	580	77
581	92,4	581	78
582	92,5	582	78
583	92,5	583	78
584	92,5	584	79
585	92,5	585	79
586	92,6	586	79
587	92,8	587	79
588	92,8	588	79
589	92,9	589	80
590	92,9	590	79
591	93	591	79
592	93	592	79
593	93	593	80
594	93,1	594	80
595	93,1	595	80
596	93,3	596	80
597	93,3	597	80
598	93,4	598	80
599	93,5	599	80
600	93,5	600	79
601	93,5	601	80
602	93,5	602	81
603	93,5	603	80
604	93,5	604	81
605	93,6	605	82
606	93,6	606	81
607	93,8	607	81
608	93,8	608	81
609	93,9	609	81
610	93,9	610	81
611	93,9	611	82
612	94	612	81
613	94	613	81
614	94	614	82
615	94	615	81
616	94,1	616	82
617	94,1	617	82
618	94,3	618	82
619	94,3	619	82
620	94,4	620	82
621	94,5	621	82
622	94,5	622	82
623	94,5	623	83
624	94,5	624	82
625	94,6	625	82
626	94,6	626	83
627	94,6	627	83
628	94,8	628	83
629	94,8	629	82
630	94,9	630	82
631	94,9	631	82
632	94,9	632	83
633	95	633	84
634	95	634	84
635	95	635	84
636	95	636	84
637	95	637	84
638	95,1	638	84
639	95,1	639	85
640	95,1	640	86
641	95,3	641	85
642	95,3	642	84
643	95,4	643	85
644	95,4	644	85
645	95,5	645	85
646	95,5	646	84
647	95,5	647	84
648	95,5	648	85
649	95,5	649	86
650	95,6	650	85
651	95,8	651	85
652	95,8	652	85
653	95,9	653	86
654	95,9	654	86
655	96	655	85
656	96	656	85
657	96	657	84
658	96	658	85
659	96,1	659	86
660	96,1	660	87
661	96,3	661	86
662	96,3	662	88
663	96,4	663	88
664	96,4	664	86
665	96,5	665	86
666	96,5	666	87
667	96,5	667	88
668	96,5	668	88
669	96,6	669	88
670	96,6	670	88
671	96,8	671	89
672	96,9	672	90
673	96,9	673	89
674	97	674	90
675	97	675	90
676	97,1	676	91
677	97,3	677	91
678	97,4	678	91
679	97,5	679	91
680	97,5	680	91
681	97,6	681	91
682	97,8	682	92
683	97,9	683	92
684	98	684	93
685	98	685	94
686	98,3	686	93
687	98,4	687	94
688	98,5	688	94
689	98,6	689	94
690	98,9	690	95
691	99	691	95
692	99,1	692	95
693	99,4	693	96
694	99,5	694	96
695	99,8	695	96
696	99,9	696	97
697	100	697	97
698	100,3	698	97
699	100,5	699	98
700	100,8	700	99
701	100,9	701	99
702	101	702	99
703	101,3	703	99
704	101,5	704	99
705	101,6	705	100
706	101,9	706	100
707	102	707	100
708	102	708	100
709	102,3	709	99
710	102,4	710	100
711	102,5	711	101
712	102,6	712	101
713	102,9	713	102
714	103	714	102
715	103	715	103
716	103,3	716	103
717	103,4	717	104
718	103,5	718	104
719	103,5	719	103
720	103,6	720	103
721	103,8	721	104
722	103,9	722	103
723	104	723	103
724	104	724	104
725	104	725	104
726	104,1	726	104
727	104,1	727	103
728	104,3	728	104
729	104,3	729	104
730	104,3	730	104
731	104,3	731	104
732	104,4	732	104
733	104,4	733	104
734	104,5	734	104
735	104,5	735	106
736	104,5	736	106
737	104,5	737	107
738	104,6	738	108
739	104,8	739	107
740	104,9	740	107
741	105	741	108
742	105,1	742	108
743	105,1	743	108
744	105,4	744	108
745	105,5	745	109
746	105,5	746	109
747	105,8	747	110
748	105,9	748	110
749	106	749	110
750	106,1	750	110
751	106,3	751	110
752	106,4	752	110
753	106,5	753	110
754	106,6	754	111
755	106,8	755	112
756	106,9	756	111
757	107	757	112
758	107	758	112
759	107	759	113
760	107,1	760	114
761	107,3	761	114
762	107,4	762	114
763	107,5	763	115
764	107,5	764	115
765	107,6	765	115
766	107,9	766	116
767	108	767	116
768	108	768	116
769	108	769	116
770	108,1	770	118
771	108,3	771	118
772	108,4	772	117
773	108,5	773	117
774	108,5	774	118
775	108,6	775	119
776	108,8	776	118
777	108,9	777	118
778	109	778	119
779	109	779	120
780	109,1	780	119
781	109,1	781	120
782	109,3	782	121
783	109,4	783	121
784	109,5	784	121
785	109,5	785	121
786	109,6	786	121
787	109,6	787	121
788	109,8	788	121
789	109,8	789	121
790	109,9	790	121
791	110	791	121
792	110	792	121
793	110	793	121
794	110	794	121
795	110	795	121
796	110	796	122
797	110,1	797	121
798	110,1	798	121
799	110,3	799	121
800	110,3	800	121
801	110,3	801	123
802	110,3	802	124
803	110,4	803	124
804	110,4	804	124
805	110,4	805	125
806	110,5	806	124
807	110,5	807	124
808	110,5	808	125
809	110,6	809	126
810	110,6	810	126
811	110,8	811	126
812	110,9	812	127
813	111	813	127
814	111	814	127
815	111	815	127
816	111,1	816	127
817	111,3	817	128
818	111,3	818	129
819	111,4	819	130
820	111,5	820	130
821	111,5	821	130
822	111,5	822	131
823	111,6	823	131
824	111,8	824	131
825	111,8	825	131
826	111,9	826	131
827	112	827	132
828	112	828	132
829	112	829	132
830	112,1	830	133
831	112,1	831	133
832	112,3	832	133
833	112,4	833	134
834	112,5	834	134
835	112,5	835	134
836	112,5	836	135
837	112,6	837	136
838	112,6	838	136
839	112,8	839	136
840	112,9	840	137
841	112,9	841	137
842	113	842	137
843	113	843	137
844	113,1	844	137
845	113,1	845	138
846	113,3	846	138
847	113,4	847	139
848	113,4	848	139
849	113,4	849	139
850	113,5	850	139
851	113,5	851	140
852	113,5	852	141
853	113,6	853	139
854	113,6	854	139
855	113,8	855	138
856	113,8	856	138
857	113,9	857	138
858	113,9	858	139
859	113,9	859	138
860	113,9	860	137
861	113,9	861	136
862	113,9	862	136
863	114	863	136
864	114	864	137
865	114	865	138
866	114	866	138
867	114	867	139
868	114	868	138
869	114	869	139
870	114	870	139
871	114	871	141
872	114	872	141
873	114	873	140
874	114	874	141
875	114,1	875	142
876	114,1	876	143
877	114,3	877	143
878	114,3	878	143
879	114,4	879	143
880	114,4	880	143
881	114,5	881	142
882	114,5	882	144
883	114,5	883	144
884	114,5	884	145
885	114,6	885	144
886	114,8	886	144
887	114,8	887	145
888	114,9	888	146
889	115	889	143
890	115	890	144
891	115	891	146
892	115	892	146
893	115,1	893	147
894	115,1	894	147
895	115,3	895	147
896	115,3	896	148
897	115,4	897	148
898	115,5	898	147
899	115,5	899	146
900	115,5	900	147
901	115,5	901	148
902	115,5	902	148
903	115,6	903	149
904	115,6	904	148
905	115,8	905	149
906	115,8	906	149
907	115,9	907	149
908	116	908	149
909	116	909	148
910	116	910	148
911	116	911	149
912	116	912	149
913	116	913	149
914	116	914	150
915	116,1	915	151
916	116,1	916	151
917	116,1	917	151
918	116,3	918	150
919	116,3	919	149
920	116,4	920	149
921	116,4	921	149
922	116,4	922	149
923	116,4	923	148
924	116,4	924	147
925	116,4	925	148
926	116,4	926	148
927	116,4	927	146
928	116,4	928	145
929	116,4	929	144
930	116,4	930	145
931	116,3	931	145
932	116,3	932	147
933	116,3	933	147
934	116,3	934	148
935	116,3	935	148
936	116,3	936	149
937	116,3	937	149
938	116,3	938	150
939	116,3	939	149
940	116,3	940	149
941	116,3	941	150
942	116,3	942	150
943	116,4	943	151
944	116,4	944	151
945	116,5	945	152
946	116,5	946	151
947	116,5	947	151
948	116,5	948	151
949	116,5	949	150
950	116,6	950	151
951	116,6	951	151
952	116,8	952	151
953	116,8	953	151
954	116,9	954	152
955	116,9	955	152
956	117	956	153
957	117	957	154
958	117	958	154
959	117	959	154
960	117	960	154
961	117,1	961	154
962	117,1	962	155
963	117,1	963	155
964	117,3	964	155
965	117,3	965	156
966	117,4	966	156
967	117,4	967	155
968	117,4	968	155
969	117,4	969	154
970	117,5	970	155
971	117,5	971	155
972	117,5	972	155
973	117,5	973	157
974	117,5	974	158
975	117,6	975	157
976	117,6	976	157
977	117,6	977	158
978	117,8	978	157
979	117,8	979	157
980	117,9	980	157
981	117,9	981	157
982	117,9	982	158
983	117,9	983	159
984	118	984	159
985	118	985	158
986	118	986	158
987	118	987	157
988	118	988	155
989	118	989	154
990	118	990	154
991	118	991	153
992	118	992	154
993	117,9	993	154
994	117,9	994	154
995	117,9	995	154
996	117,9	996	154
997	117,8	997	155
998	117,8	998	156
999	117,6	999	156
1000	117,6	1000	155
1001	117,6	1001	155
1002	117,6	1002	155
1003	117,5	1003	156
1004	117,5	1004	157
1005	117,5	1005	158
1006	117,5	1006	159
1007	117,6	1007	158
1008	117,6	1008	157
1009	117,6	1009	157
1010	117,6	1010	158
1011	117,8	1011	158
1012	117,8	1012	158
1013	117,9	1013	158
1014	118	1014	158
1015	118	1015	159
1016	118	1016	160
1017	118	1017	160
1018	118,1	1018	160
1019	118,1	1019	160
1020	118,3	1020	160
1021	118,3	1021	161
1022	118,4	1022	161
1023	118,4	1023	162
1024	118,5	1024	162
1025	118,5	1025	163
1026	118,5	1026	162
1027	118,5	1027	162
1028	118,6	1028	162
1029	118,6	1029	161
1030	118,6	1030	161
1031	118,8	1031	162
1032	118,8	1032	163
1033	118,8	1033	164
1034	118,9	1034	165
1035	118,9	1035	166
1036	118,9	1036	165
1037	119	1037	164
1038	119	1038	164
1039	119	1039	163
1040	119	1040	163
1041	119	1041	163
1042	119,1	1042	164
1043	119,1	1043	165
1044	119,3	1044	166
1045	119,3	1045	165
1046	119,4	1046	165
1047	119,4	1047	166
1048	119,4	1048	166
1049	119,5	1049	166
1050	119,5	1050	166
1051	119,5	1051	165
1052	119,5	1052	164
1053	119,5	1053	164
1054	119,5	1054	163
1055	119,5	1055	163
1056	119,5	1056	162
1057	119,5	1057	161
1058	119,5	1058	160
1059	119,5	1059	159
1060	119,4	1060	158
1061	119,3	1061	158
1062	119,3	1062	159
1063	119,1	1063	161
1064	119,1	1064	163
1065	119,1	1065	163
1066	119	1066	164
1067	119	1067	163
1068	119	1068	162
1069	119	1069	161
1070	119	1070	161
1071	119	1071	162
1072	119	1072	162
1073	119	1073	164
1074	119	1074	165
1075	119	1075	165
1076	119,1	1076	165
1077	119,1	1077	165
1078	119,3	1078	166
1079	119,3	1079	165
1080	119,4	1080	165
1081	119,4	1081	165
1082	119,5	1082	166
1083	119,5	1083	167
1084	119,5	1084	168
1085	119,5	1085	169
1086	119,5	1086	168
1087	119,6	1087	168
1088	119,6	1088	168
1089	119,8	1089	167
1090	119,8	1090	166
1091	119,8	1091	166
1092	119,9	1092	167
1093	119,9	1093	168
1094	120	1094	169
1095	120	1095	170
1096	120	1096	170
1097	120	1097	169
1098	120,1	1098	169
1099	120,1	1099	169
1100	120,1	1100	168
1101	120,1	1101	169
1102	120,3	1102	170
1103	120,3	1103	170
1104	120,3	1104	171
1105	120,4	1105	171
1106	120,4	1106	172
1107	120,4	1107	172
1108	120,5	1108	171
1109	120,5	1109	169
1110	120,5	1110	168
1111	120,5	1111	169
1112	120,5	1112	170
1113	120,5	1113	171
1114	120,5	1114	172
1115	120,5	1115	172
1116	120,5	1116	172
1117	120,6	1117	171
1118	120,6	1118	169
1119	120,5	1119	168
1120	120,5	1120	167
1121	120,5	1121	167
1122	120,5	1122	166
1123	120,5	1123	166
1124	120,5	1124	166
1125	120,5	1125	165
1126	120,4	1126	164
1127	120,4	1127	163
1128	120,3	1128	163
1129	120,1	1129	162
1130	120,1	1130	163
1131	120	1131	165
1132	120	1132	167
1133	120	1133	167
1134	120	1134	168
1135	119,9	1135	169
1136	119,9	1136	169
1137	120	1137	169
1138	120	1138	168
1139	120	1139	167
1140	120	1140	167
1141	120	1141	167
1142	120	1142	168
1143	120	1143	169
1144	120	1144	170
1145	120,1	1145	170
1146	120,1	1146	171
1147	120,3	1147	171
1148	120,4	1148	171
1149	120,4	1149	172
1150	120,5	1150	171
1151	120,5	1151	171
1152	120,5	1152	172
1153	120,5	1153	173
1154	120,5	1154	173
1155	120,6	1155	173
1156	120,6	1156	173
1157	120,8	1157	173
1158	120,8	1158	172
1159	120,8	1159	172
1160	120,9	1160	171
1161	120,9	1161	172
1162	120,9	1162	174
1163	121	1163	174
1164	121	1164	173
1165	121	1165	173
1166	121	1166	173
1167	121	1167	173
1168	121	1168	173
1169	121	1169	173
1170	121	1170	173
1171	121	1171	174
1172	121	1172	173
1173	121,1	1173	174
1174	121,1	1174	175
1175	121,1	1175	174
1176	121,1	1176	174
1177	121,1	1177	174
1178	121,1	1178	174
1179	121,1	1179	173
1180	121,1	1180	172
1181	121,1	1181	173
1182	121,1	1182	175
1183	121,1	1183	175
1184	121,3	1184	174
1185	121,3	1185	174
1186	121,3	1186	173
1187	121,3	1187	174
1188	121,3	1188	174
1189	121,3	1189	174
1190	121,3	1190	174
1191	121,3	1191	175
1192	121,3	1192	175
1193	121,3	1193	175
1194	121,3	1194	175
1195	121,4	1195	175
1196	121,4	1196	175
1197	121,4	1197	174
1198	121,4	1198	175
1199	121,4	1199	174
1200	121,4	1200	174
1201	121,4	1201	174
1202	121,4	1202	175
1203	121,4	1203	175
1204	121,4	1204	175
1205	121,4	1205	175
1206	121,4	1206	175
1207	121,4	1207	174
1208	121,5	1208	174
1209	121,4	1209	174
1210	121,4	1210	174
1211	121,4	1211	174
1212	121,4	1212	175
1213	121,4	1213	176
1214	121,4	1214	175
1215	121,5	1215	175
1216	121,5	1216	174
1217	121,5	1217	174
1218	121,5	1218	175
1219	121,5	1219	174
1220	121,5	1220	173
1221	121,5	1221	174
1222	121,5	1222	175
1223	121,5	1223	175
1224	121,5	1224	176
1225	121,5	1225	176
1226	121,5	1226	174
1227	121,5	1227	175
1228	121,5	1228	176
1229	121,5	1229	175
1230	121,5	1230	174
1231	121,5	1231	174
1232	121,4	1232	175
1233	121,4	1233	176
1234	121,4	1234	175
1235	121,4	1235	174
1236	121,4	1236	175
1237	121,4	1237	175
1238	121,4	1238	174
1239	121,4	1239	175
1240	121,4	1240	175
1241	121,4	1241	175
1242	121,4	1242	175
1243	121,5	1243	175
1244	121,5	1244	174
1245	121,5	1245	175
1246	121,5	1246	175
1247	121,5	1247	175
1248	121,5	1248	174
1249	121,5	1249	174
1250	121,5	1250	174
1251	121,5	1251	175
1252	121,5	1252	176
1253	121,5	1253	175
1254	121,5	1254	176
1255	121,5	1255	176
1256	121,5	1256	175
1257	121,5	1257	174
1258	121,5	1258	174
1259	121,5	1259	173
1260	121,5	1260	173
1261	121,5	1261	174
1262	121,5	1262	175
1263	121,5	1263	175
1264	121,5	1264	175
1265	121,5	1265	176
1266	121,5	1266	175
1267	121,5	1267	176
1268	121,5	1268	175
1269	121,5	1269	175
1270	121,5	1270	174
1271	121,5	1271	174
1272	121,5	1272	175
1273	121,5	1273	175
1274	121,5	1274	175
1275	121,5	1275	175
1276	121,5	1276	175
1277	121,5	1277	174
1278	121,5	1278	174
1279	121,5	1279	174
1280	121,5	1280	174
1281	121,5	1281	175
1282	121,5	1282	176
1283	121,5	1283	176
1284	121,5	1284	176
1285	121,5	1285	176
1286	121,5	1286	175
1287	121,5	1287	176
1288	121,5	1288	176
1289	121,5	1289	176
1290	121,5	1290	175
1291	121,5	1291	176
1292	121,5	1292	176
1293	121,5	1293	177
1294	121,5	1294	176
1295	121,5	1295	176
1296	121,5	1296	175
1297	121,5	1297	176
1298	121,5	1298	176
1299	121,5	1299	176
1300	121,5	1300	175
1301	121,5	1301	176
1302	121,5	1302	177
1303	121,5	1303	176
1304	121,5	1304	177
1305	121,5	1305	176
1306	121,5	1306	176
1307	121,5	1307	175
1308	121,5	1308	174
1309	121,5	1309	175
1310	121,5	1310	176
1311	121,5	1311	176
1312	121,5	1312	176
1313	121,5	1313	175
1314	121,5	1314	175
1315	121,5	1315	176
1316	121,5	1316	176
1317	121,5	1317	175
1318	121,5	1318	175
1319	121,5	1319	175
1320	121,5	1320	175
1321	121,5	1321	175
1322	121,5	1322	175
1323	121,5	1323	176
1324	121,5	1324	176
1325	121,5	1325	176
1326	121,5	1326	176
1327	121,5	1327	175
1328	121,5	1328	175
1329	121,5	1329	175
1330	121,5	1330	175
1331	121,5	1331	175
1332	121,5	1332	176
1333	121,5	1333	176
1334	121,5	1334	175
1335	121,5	1335	175
1336	121,5	1336	175
1337	121,5	1337	176
1338	121,5	1338	176
1339	121,5	1339	175
1340	121,5	1340	175
1341	121,5	1341	175
1342	121,5	1342	175
1343	121,5	1343	175
1344	121,5	1344	176
1345	121,5	1345	176
1346	121,5	1346	176
1347	121,5	1347	175
1348	121,5	1348	174
1349	121,5	1349	174
1350	121,5	1350	175
1351	121,5	1351	175
1352	121,5	1352	176
1353	121,5	1353	177
1354	121,5	1354	177
1355	121,5	1355	176
1356	121,5	1356	176
1357	121,5	1357	176
1358	121,5	1358	176
1359	121,5	1359	175
1360	121,5	1360	175
1361	121,5	1361	175
1362	121,5	1362	177
1363	121,5	1363	177
1364	121,5	1364	177
1365	121,5	1365	176
1366	121,5	1366	176
1367	121,5	1367	176
1368	121,5	1368	175
1369	121,5	1369	175
1370	121,5	1370	174
1371	121,5	1371	175
1372	121,5	1372	176
1373	121,5	1373	176
1374	121,5	1374	176
1375	121,5	1375	177
1376	121,5	1376	177
1377	121,5	1377	177
1378	121,5	1378	176
1379	121,6	1379	176
1380	121,6	1380	175
1381	121,5	1381	175
1382	121,5	1382	176
1383	121,5	1383	176
1384	121,5	1384	176
1385	121,6	1385	176
1386	121,6	1386	176
1387	121,5	1387	175
1388	121,5	1388	175
1389	121,5	1389	174
1390	121,5	1390	175
1391	121,5	1391	175
1392	121,5	1392	176
1393	121,5	1393	176
1394	121,5	1394	177
1395	121,5	1395	176
1396	121,5	1396	176
1397	121,5	1397	175
1398	121,5	1398	175
1399	121,5	1399	175
1400	121,5	1400	174
1401	121,5	1401	175
1402	121,5	1402	176
1403	121,5	1403	176
1404	121,5	1404	176
1405	121,5	1405	176
1406	121,5	1406	176
1407	121,5	1407	175
1408	121,5	1408	174
1409	121,5	1409	174
1410	121,5	1410	175
1411	121,5	1411	175
1412	121,5	1412	176
1413	121,5	1413	176
1414	121,5	1414	176
1415	121,5	1415	176
1416	121,5	1416	177
1417	121,5	1417	176
1418	121,5	1418	176
1419	121,5	1419	175
1420	121,5	1420	176
1421	121,5	1421	177
1422	121,5	1422	177
1423	121,5	1423	177
1424	121,5	1424	176
1425	121,5	1425	176
1426	121,5	1426	176
1427	121,5	1427	176
1428	121,5	1428	175
1429	121,5	1429	174
1430	121,5	1430	175
1431	121,5	1431	176
1432	121,5	1432	176
1433	121,5	1433	176
1434	121,5	1434	176
1435	121,5	1435	176
1436	121,5	1436	177
1437	121,5	1437	177
1438	121,5	1438	177
1439	121,5	1439	177
1440	121,5	1440	176
1441	121,5	1441	176
1442	121,5	1442	177
1443	121,5	1443	176
1444	121,5	1444	176
1445	121,5	1445	176
1446	121,5	1446	176
1447	121,5	1447	176
1448	121,5	1448	176
1449	121,5	1449	176
1450	121,5	1450	176
1451	121,5	1451	176
1452	121,5	1452	177
1453	121,5	1453	177
1454	121,5	1454	177
1455	121,5	1455	176
1456	121,5	1456	176
1457	121,5	1457	176
1458	121,6	1458	176
1459	121,6	1459	176
1460	121,5	1460	176
1461	121,5	1461	176
1462	121,6	1462	176
1463	121,6	1463	176
1464	121,6	1464	176
1465	121,6	1465	177
1466	121,6	1466	176
1467	121,6	1467	176
1468	121,6	1468	175
1469	121,6	1469	175
1470	121,6	1470	175
1471	121,6	1471	176
1472	121,6	1472	177
1473	121,6	1473	178
1474	121,6	1474	178
1475	121,6	1475	177
1476	121,6	1476	176
1477	121,6	1477	176
1478	121,6	1478	177
1479	121,6	1479	176
1480	121,5	1480	175
1481	121,5	1481	175
1482	121,5	1482	176
1483	121,5	1483	176
1484	121,5	1484	177
1485	121,5	1485	177
1486	121,5	1486	177
1487	121,5	1487	176
1488	121,5	1488	176
1489	121,5	1489	176
1490	121,5	1490	175
1491	121,5	1491	175
1492	121,5	1492	176
1493	121,5	1493	177
1494	121,5	1494	176
1495	121,5	1495	176
1496	121,5	1496	177
1497	121,5	1497	177
1498	121,5	1498	176
1499	121,5	1499	176
1500	121,5	1500	176
1501	121,5	1501	176
1502	121,5	1502	176
1503	121,5	1503	176
1504	121,5	1504	176
1505	121,5	1505	176
1506	121,5	1506	177
1507	121,5	1507	177
1508	121,5	1508	176
1509	121,5	1509	176
1510	121,5	1510	176
1511	121,5	1511	177
1512	121,5	1512	177
1513	121,5	1513	177
1514	121,5	1514	177
1515	121,5	1515	176
1516	121,5	1516	176
1517	121,5	1517	177
1518	121,5	1518	177
1519	121,5	1519	175
1520	121,5	1520	175
1521	121,5	1521	175
1522	121,5	1522	176
1523	121,5	1523	177
1524	121,5	1524	177
1525	121,5	1525	177
1526	121,5	1526	177
1527	121,6	1527	176
1528	121,5	1528	176
1529	121,6	1529	176
1530	121,6	1530	176
1531	121,6	1531	177
1532	121,6	1532	177
1533	121,6	1533	176
1534	121,6	1534	177
1535	121,6	1535	177
1536	121,6	1536	176
1537	121,6	1537	176
1538	121,6	1538	176
1539	121,6	1539	176
1540	121,6	1540	176
1541	121,6	1541	176
1542	121,6	1542	177
1543	121,6	1543	177
1544	121,6	1544	177
1545	121,6	1545	177
1546	121,6	1546	177
1547	121,6	1547	177
1548	121,6	1548	176
1549	121,6	1549	175
1550	121,6	1550	176
1551	121,6	1551	176
1552	121,6	1552	177
1553	121,6	1553	177
1554	121,6	1554	177
1555	121,5	1555	176
1556	121,6	1556	176
1557	121,5	1557	177
1558	121,5	1558	177
1559	121,5	1559	176
1560	121,5	1560	176
1561	121,6	1561	176
1562	121,6	1562	177
1563	121,6	1563	176
1564	121,5	1564	177
1565	121,5	1565	177
1566	121,5	1566	177
1567	121,5	1567	176
1568	121,5	1568	176
1569	121,5	1569	175
1570	121,5	1570	175
1571	121,5	1571	176
1572	121,5	1572	177
1573	121,5	1573	177
1574	121,5	1574	177
1575	121,5	1575	177
1576	121,6	1576	177
1577	121,6	1577	177
1578	121,5	1578	177
1579	121,5	1579	176
1580	121,5	1580	176
1581	121,5	1581	177
1582	121,5	1582	178
1583	121,5	1583	178
1584	121,5	1584	178
1585	121,6	1585	177
1586	121,6	1586	177
1587	121,6	1587	177
1588	121,6	1588	177
1589	121,6	1589	177
1590	121,6	1590	176
1591	121,6	1591	176
1592	121,6	1592	176
1593	121,6	1593	177
1594	121,6	1594	177
1595	121,6	1595	176
1596	121,6	1596	176
1597	121,6	1597	177
1598	121,6	1598	176
1599	121,6	1599	176
1600	121,6	1600	176
1601	121,6	1601	177
1602	121,6	1602	177
1603	121,6	1603	177
1604	121,5	1604	177
1605	121,5	1605	176
1606	121,6	1606	177
1607	121,5	1607	176
1608	121,6	1608	177
1609	121,5	1609	177
1610	121,5	1610	177
1611	121,5	1611	177
1612	121,5	1612	177
1613	121,5	1613	177
1614	121,5	1614	177
1615	121,5	1615	178
1616	121,5	1616	178
1617	121,5	1617	177
1618	121,5	1618	177
1619	121,5	1619	177
1620	121,5	1620	176
1621	121,5	1621	177
1622	121,5	1622	178
1623	121,5	1623	178
1624	121,5	1624	178
1625	121,5	1625	177
1626	121,5	1626	176
1627	121,5	1627	178
1628	121,5	1628	178
1629	121,6	1629	178
1630	121,6	1630	176
1631	121,5	1631	175
1632	121,6	1632	176
1633	121,6	1633	177
1634	121,5	1634	178
1635	121,5	1635	177
1636	121,6	1636	177
1637	121,5	1637	177
1638	121,6	1638	177
1639	121,5	1639	177
1640	121,5	1640	176
1641	121,5	1641	176
1642	121,5	1642	178
1643	121,6	1643	178
1644	121,6	1644	177
1645	121,6	1645	177
1646	121,6	1646	177
1647	121,6	1647	177
1648	121,6	1648	177
1649	121,6	1649	177
1650	121,6	1650	176
1651	121,6	1651	177
1652	121,6	1652	177
1653	121,6	1653	178
1654	121,6	1654	178
1655	121,6	1655	177
1656	121,6	1656	177
1657	121,8	1657	177
1658	121,8	1658	177
1659	121,8	1659	176
1660	121,6	1660	175
1661	121,6	1661	176
1662	121,6	1662	177
1663	121,6	1663	177
1664	121,6	1664	177
1665	121,6	1665	177
1666	121,6	1666	177
1667	121,6	1667	177
1668	121,6	1668	177
1669	121,6	1669	177
1670	121,6	1670	177
1671	121,6	1671	176
1672	121,6	1672	177
1673	121,6	1673	176
1674	121,6	1674	176
1675	121,6	1675	176
1676	121,6	1676	176
1677	121,6	1677	177
1678	121,6	1678	177
1679	121,6	1679	178
1680	121,6	1680	177
1681	121,5	1681	176
1682	121,5	1682	177
1683	121,5	1683	177
1684	121,6	1684	177
1685	121,6	1685	177
1686	121,6	1686	177
1687	121,6	1687	177
1688	121,6	1688	177
1689	121,6	1689	177
1690	121,6	1690	176
1691	121,6	1691	176
1692	121,6	1692	177
1693	121,6	1693	177
1694	121,6	1694	178
1695	121,6	1695	178
1696	121,6	1696	178
1697	121,6	1697	178
1698	121,6	1698	177
1699	121,6	1699	177
1700	121,6	1700	177
1701	121,6	1701	177
1702	121,6	1702	177
1703	121,6	1703	176
1704	121,6	1704	176
1705	121,6	1705	177
1706	121,6	1706	178
1707	121,6	1707	176
1708	121,6	1708	176
1709	121,6	1709	177
1710	121,6	1710	177
1711	121,6	1711	177
1712	121,6	1712	177
1713	121,6	1713	177
1714	121,6	1714	177
1715	121,6	1715	177
1716	121,6	1716	177
1717	121,6	1717	177
1718	121,6	1718	177
1719	121,6	1719	177
1720	121,6	1720	176
1721	121,6	1721	176
1722	121,6	1722	176
1723	121,6	1723	177
1724	121,6	1724	178
1725	121,6	1725	179
1726	121,6	1726	178
1727	121,6	1727	178
1728	121,6	1728	177
1729	121,6	1729	176
1730	121,6	1730	176
1731	121,6	1731	176
1732	121,6	1732	177
1733	121,6	1733	178
1734	121,6	1734	178
1735	121,6	1735	177
1736	121,6	1736	177
1737	121,6	1737	176
1738	121,6	1738	176
1739	121,6	1739	177
1740	121,6	1740	177
1741	121,6	1741	177
1742	121,6	1742	177
1743	121,6	1743	177
1744	121,6	1744	177
1745	121,6	1745	177
1746	121,6	1746	177
1747	121,6	1747	177
1748	121,8	1748	177
1749	121,6	1749	176
1750	121,6	1750	177
1751	121,6	1751	177
1752	121,6	1752	177
1753	121,6	1753	177
1754	121,6	1754	175
1755	121,6	1755	176
1756	121,6	1756	176
1757	121,6	1757	177
1758	121,6	1758	177
1759	121,6	1759	177
1760	121,6	1760	177
1761	121,6	1761	177
1762	121,6	1762	177
1763	121,6	1763	177
1764	121,6	1764	178
1765	121,6	1765	177
1766	121,6	1766	177
1767	121,6	1767	177
1768	121,6	1768	177
1769	121,6	1769	177
1770	121,6	1770	176
1771	121,6	1771	177
1772	121,6	1772	178
1773	121,6	1773	179
1774	121,6	1774	178
1775	121,6	1775	178
1776	121,6	1776	177
1777	121,6	1777	178
1778	121,6	1778	177
1779	121,6	1779	177
1780	121,6	1780	176
1781	121,6	1781	176
1782	121,6	1782	177
1783	121,6	1783	177
1784	121,6	1784	177
1785	121,6	1785	177
1786	121,6	1786	177
1787	121,6	1787	177
1788	121,6	1788	177
1789	121,6	1789	176
1790	121,6	1790	176
1791	121,6	1791	175
1792	121,6	1792	176
1793	121,6	1793	177
1794	121,6	1794	177
1795	121,6	1795	176
1796	121,6	1796	177
1797	121,6	1797	177
1798	121,6	1798	177
1799	121,6	1799	177
1800	121,6	1800	176
1801	121,6	1801	177
1802	121,6	1802	177
1803	121,6	1803	177
1804	121,6	1804	178
1805	121,6	1805	178
1806	121,6	1806	178
1807	121,6	1807	177
1808	121,6	1808	177
1809	121,6	1809	177
1810	121,6	1810	176
1811	121,6	1811	176
1812	121,6	1812	177
1813	121,6	1813	177
1814	121,6	1814	177
1815	121,6	1815	178
1816	121,6	1816	178
1817	121,6	1817	177
1818	121,6	1818	178
1819	121,6	1819	176
1820	121,6	1820	176
1821	121,6	1821	176
1822	121,6	1822	177
1823	121,6	1823	178
1824	121,6	1824	177
1825	121,6	1825	178
1826	121,6	1826	178
1827	121,6	1827	178
1828	121,6	1828	177
1829	121,6	1829	177
1830	121,6	1830	177
1831	121,6	1831	177
1832	121,6	1832	178
1833	121,6	1833	177
1834	121,6	1834	177
1835	121,6	1835	178
1836	121,6	1836	178
1837	121,6	1837	178
1838	121,6	1838	178
1839	121,6	1839	178
1840	121,6	1840	178
1841	121,6	1841	177
1842	121,6	1842	177
1843	121,6	1843	177
1844	121,6	1844	178
1845	121,6	1845	177
1846	121,6	1846	177
1847	121,6	1847	178
1848	121,5	1848	178
1849	121,5	1849	177
1850	121,5	1850	177
1851	121,5	1851	177
1852	121,5	1852	177
1853	121,5	1853	177
1854	121,5	1854	177
1855	121,5	1855	178
1856	121,5	1856	178
1857	121,6	1857	179
1858	121,6	1858	177
1859	121,6	1859	177
1860	121,6	1860	177
1861	121,6	1861	177
1862	121,6	1862	177
1863	121,6	1863	178
1864	121,6	1864	178
1865	121,6	1865	178
1866	121,6	1866	177
1867	121,6	1867	177
1868	121,6	1868	177
1869	121,6	1869	177
1870	121,6	1870	176
1871	121,6	1871	176
1872	121,6	1872	177
1873	121,6	1873	177
1874	121,6	1874	177
1875	121,6	1875	177
1876	121,6	1876	177
1877	121,6	1877	178
1878	121,6	1878	177
1879	121,6	1879	177
1880	121,6	1880	176
1881	121,6	1881	177
1882	121,6	1882	177
1883	121,6	1883	177
1884	121,6	1884	178
1885	121,6	1885	178
1886	121,6	1886	178
1887	121,6	1887	177
1888	121,6	1888	177
1889	121,6	1889	177
1890	121,6	1890	176
1891	121,6	1891	177
1892	121,6	1892	178
1893	121,6	1893	177
1894	121,6	1894	177
1895	121,6	1895	179
1896	121,6	1896	178
1897	121,6	1897	178
1898	121,6	1898	178
1899	121,6	1899	177
1900	121,6	1900	177
1901	121,6	1901	177
1902	121,6	1902	176
1903	121,6	1903	177
1904	121,6	1904	177
1905	121,6	1905	178
1906	121,6	1906	179
1907	121,6	1907	178
1908	121,6	1908	178
1909	121,6	1909	178
1910	121,6	1910	178
1911	121,6	1911	178
1912	121,6	1912	178
1913	121,6	1913	178
1914	121,6	1914	178
1915	121,6	1915	178
1916	121,6	1916	178
1917	121,6	1917	178
1918	121,6	1918	177
1919	121,6	1919	177
1920	121,6	1920	177
1921	121,6	1921	177
1922	121,6	1922	177
1923	121,6	1923	177
1924	121,6	1924	178
1925	121,6	1925	179
1926	121,6	1926	178
1927	121,6	1927	178
1928	121,6	1928	178
1929	121,6	1929	177
1930	121,6	1930	176
1931	121,6	1931	176
1932	121,6	1932	177
1933	121,6	1933	178
1934	121,6	1934	178
1935	121,6	1935	178
1936	121,6	1936	177
1937	121,6	1937	178
1938	121,6	1938	178
1939	121,6	1939	179
1940	121,6	1940	178
1941	121,6	1941	177
1942	121,6	1942	177
1943	121,6	1943	177
1944	121,6	1944	178
1945	121,6	1945	178
1946	121,6	1946	178
1947	121,6	1947	178
1948	121,6	1948	177
1949	121,6	1949	177
1950	121,6	1950	178
1951	121,6	1951	177
1952	121,6	1952	176
1953	121,6	1953	177
1954	121,6	1954	178
1955	121,6	1955	179
1956	121,6	1956	179
1957	121,8	1957	179
1958	121,6	1958	178
1959	121,6	1959	178
1960	121,6	1960	178
1961	121,6	1961	177
1962	121,6	1962	177
1963	121,6	1963	178
1964	121,6	1964	177
1965	121,6	1965	177
1966	121,6	1966	177
1967	121,6	1967	177
1968	121,6	1968	177
1969	121,6	1969	177
1970	121,6	1970	177
1971	121,6	1971	177
1972	121,6	1972	177
1973	121,6	1973	178
1974	121,6	1974	179
1975	121,6	1975	179
1976	121,6	1976	179
1977	121,6	1977	179
1978	121,6	1978	177
1979	121,6	1979	177
1980	121,6	1980	177
1981	121,6	1981	176
1982	121,6	1982	177
1983	121,6	1983	177
1984	121,6	1984	178
1985	121,6	1985	178
1986	121,6	1986	178
1987	121,6	1987	178
1988	121,6	1988	178
1989	121,6	1989	178
1990	121,6	1990	178
1991	121,6	1991	177
1992	121,6	1992	177
1993	121,6	1993	177
1994	121,6	1994	177
1995	121,6	1995	178
1996	121,6	1996	178
1997	121,6	1997	177
1998	121,6	1998	177
1999	121,6	1999	177
2000	121,6	2000	176
2001	121,6	2001	177
2002	121,6	2002	178
2003	121,6	2003	178
2004	121,6	2004	177
2005	121,6	2005	177
2006	121,6	2006	178
2007	121,6	2007	178
2008	121,6	2008	178
2009	121,6	2009	178
2010	121,6	2010	178
2011	121,6	2011	178
2012	121,6	2012	178
2013	121,6	2013	178
2014	121,6	2014	177
2015	121,6	2015	177
2016	121,6	2016	178
2017	121,6	2017	178
2018	121,6	2018	177
2019	121,6	2019	177
2020	121,6	2020	177
2021	121,6	2021	178
2022	121,6	2022	178
2023	121,6	2023	179
2024	121,5	2024	179
2025	121,5	2025	178
2026	121,5	2026	178
2027	121,5	2027	178
2028	121,5	2028	178
2029	121,5	2029	178
2030	121,5	2030	178
2031	121,5	2031	177
2032	121,5	2032	176
2033	121,5	2033	178
2034	121,5	2034	178
2035	121,5	2035	177
2036	121,5	2036	178
2037	121,5	2037	178
2038	121,5	2038	178
2039	121,6	2039	178
2040	121,6	2040	177
2041	121,6	2041	177
2042	121,6	2042	177
2043	121,6	2043	178
2044	121,6	2044	178
2045	121,6	2045	178
2046	121,6	2046	177
2047	121,6	2047	178
2048	121,6	2048	178
2049	121,6	2049	178
2050	121,6	2050	178
2051	121,6	2051	178
2052	121,6	2052	178
2053	121,6	2053	179
2054	121,8	2054	179
2055	121,8	2055	178
2056	121,6	2056	178
2057	121,6	2057	178
2058	121,6	2058	178
2059	121,6	2059	178
2060	121,6	2060	177
2061	121,6	2061	177
2062	121,6	2062	178
2063	121,6	2063	179
2064	121,6	2064	179
2065	121,6	2065	180
2066	121,6	2066	178
2067	121,6	2067	176
2068	121,6	2068	176
2069	121,6	2069	177
2070	121,6	2070	175
2071	121,6	2071	175
2072	121,6	2072	174
2073	121,5	2073	172
2074	121,5	2074	174
2075	121,5	2075	174
2076	121,5	2076	174
2077	121,4	2077	173
2078	121,4	2078	172
2079	121,4	2079	172
2080	121,3	2080	171
2081	121,1	2081	170
2082	121,1	2082	170
2083	121	2083	171
2084	121	2084	170
2085	121	2085	169
2086	120,9	2086	169
2087	120,8	2087	169
2088	120,6	2088	168
2089	120,5	2089	169
2090	120,5	2090	169
2091	120,5	2091	168
2092	120,5	2092	167
2093	120,4	2093	167
2094	120,4	2094	168
2095	120,3	2095	167
2096	120,3	2096	166
2097	120,1	2097	166
2098	120,1	2098	165
2099	120	2099	164
2100	120	2100	165
2101	120	2101	166
2102	120	2102	165
2103	120	2103	164
2104	120	2104	164
2105	119,9	2105	164
2106	119,9	2106	164
2107	119,8	2107	163
2108	119,8	2108	164
2109	119,8	2109	163
2110	119,6	2110	163
2111	119,6	2111	163
2112	119,6	2112	164
2113	119,5	2113	163
2114	119,5	2114	161
2115	119,5	2115	162
2116	119,5	2116	162
2117	119,4	2117	161
2118	119,4	2118	160
2119	119,3	2119	160
2120	119,3	2120	160
2121	119,1	2121	160
2122	119,1	2122	160
2123	119	2123	159
2124	119	2124	158
2125	119	2125	159
2126	119	2126	159
2127	119	2127	159
2128	118,9	2128	159
2129	118,9	2129	159
2130	118,8	2130	159
2131	118,8	2131	159
2132	118,6	2132	158
2133	118,6	2133	159
2134	118,6	2134	157
2135	118,5	2135	157
2136	118,5	2136	157
2137	118,5	2137	158
2138	118,5	2138	157
2139	118,5	2139	156
2140	118,4	2140	157
2141	118,4	2141	157
2142	118,4	2142	156
2143	118,3	2143	157
2144	118,3	2144	157
2145	118,1	2145	156
2146	118,1	2146	155
2147	118,1	2147	155
2148	118	2148	156
2149	118	2149	155
2150	118	2150	154
2151	118	2151	154
2152	118	2152	154
2153	117,9	2153	154
2154	117,9	2154	154
2155	117,8	2155	154
2156	117,8	2156	154
2157	117,6	2157	153
2158	117,6	2158	152
2159	117,6	2159	153
2160	117,5	2160	152
2161	117,5	2161	152
2162	117,5	2162	152
2163	117,5	2163	152
2164	117,5	2164	152
2165	117,4	2165	151
2166	117,4	2166	151
2167	117,3	2167	150
2168	117,3	2168	151
2169	117,3	2169	151
2170	117,3	2170	151
2171	117,1	2171	151
2172	117,1	2172	150
2173	117,1	2173	150
2174	117	2174	150
2175	117	2175	150
2176	117	2176	150
2177	117	2177	150
2178	117	2178	149
2179	117	2179	149
2180	116,9	2180	149
2181	116,9	2181	149
2182	116,9	2182	148
2183	116,8	2183	147
2184	116,8	2184	148
2185	116,6	2185	148
2186	116,6	2186	147
2187	116,6	2187	147
2188	116,5	2188	148
2189	116,5	2189	146
2190	116,5	2190	146
2191	116,5	2191	146
2192	116,4	2192	146
2193	116,4	2193	146
2194	116,4	2194	146
2195	116,3	2195	146
2196	116,3	2196	146
2197	116,1	2197	146
2198	116,1	2198	145
2199	116,1	2199	146
2200	116	2200	145
2201	116	2201	145
2202	116	2202	145
2203	116	2203	144
2204	116	2204	143
2205	115,9	2205	143
2206	115,9	2206	144
2207	115,8	2207	144
2208	115,8	2208	143
2209	115,8	2209	142
2210	115,6	2210	143
2211	115,6	2211	143
2212	115,5	2212	141
2213	115,5	2213	142
2214	115,5	2214	141
2215	115,5	2215	141
2216	115,5	2216	141
2217	115,5	2217	141
2218	115,4	2218	141
2219	115,4	2219	141
2220	115,4	2220	142
2221	115,3	2221	141
2222	115,3	2222	140
2223	115,3	2223	141
2224	115,1	2224	141
2225	115,1	2225	140
2226	115	2226	140
2227	115	2227	140
2228	115	2228	140
2229	115	2229	139
2230	115	2230	140
2231	114,9	2231	140
2232	114,9	2232	140
2233	114,8	2233	139
2234	114,8	2234	138
2235	114,8	2235	138
2236	114,6	2236	137
2237	114,6	2237	138
2238	114,5	2238	139
2239	114,5	2239	138
2240	114,5	2240	137
2241	114,5	2241	136
2242	114,5	2242	137
2243	114,4	2243	137
2244	114,4	2244	136
2245	114,4	2245	136
2246	114,3	2246	136
2247	114,3	2247	136
2248	114,1	2248	136
2249	114,1	2249	136
2250	114,1	2250	136
2251	114	2251	135
2252	114	2252	135
2253	114	2253	135
2254	114	2254	135
2255	114	2255	134
2256	113,9	2256	135
2257	113,9	2257	135
2258	113,9	2258	134
2259	113,8	2259	135
2260	113,8	2260	136
2261	113,8	2261	136
2262	113,8	2262	134
2263	113,6	2263	133
2264	113,6	2264	134
2265	113,6	2265	133
2266	113,5	2266	133
2267	113,5	2267	132
2268	113,5	2268	133
2269	113,5	2269	132
2270	113,5	2270	133
2271	113,4	2271	134
2272	113,4	2272	133
2273	113,4	2273	132
2274	113,3	2274	132
2275	113,3	2275	132
2276	113,1	2276	131
2277	113,1	2277	131
2278	113	2278	131
2279	113	2279	132
2280	113	2280	131
2281	113	2281	131
2282	113	2282	131
2283	112,9	2283	131
2284	112,9	2284	130
2285	112,8	2285	130
2286	112,8	2286	131
2287	112,8	2287	130
2288	112,6	2288	130
2289	112,6	2289	130
2290	112,6	2290	129
2291	112,5	2291	129
2292	112,5	2292	130
2293	112,5	2293	130
2294	112,5	2294	129
2295	112,4	2295	128
2296	112,4	2296	128
2297	112,4	2297	129
2298	112,4	2298	129
2299	112,3	2299	128
2300	112,3	2300	129
2301	112,3	2301	128
2302	112,1	2302	127
2303	112,1	2303	128
2304	112,1	2304	128
2305	112	2305	128
2306	112	2306	128
2307	112	2307	128
2308	112	2308	127
2309	112	2309	126
2310	112	2310	126
2311	111,9	2311	126
2312	111,9	2312	126
2313	111,9	2313	125
2314	111,8	2314	125
2315	111,8	2315	126
2316	111,8	2316	125
2317	111,6	2317	124
2318	111,6	2318	125
2319	111,5	2319	125
2320	111,5	2320	125
2321	111,5	2321	124
2322	111,5	2322	124
2323	111,4	2323	124
2324	111,4	2324	124
2325	111,4	2325	124
2326	111,3	2326	124
2327	111,3	2327	124
2328	111,1	2328	123
2329	111,1	2329	124
2330	111,1	2330	123
2331	111	2331	123
2332	111	2332	123
2333	111	2333	124
2334	111	2334	123
2335	111	2335	123
2336	111	2336	123
2337	110,9	2337	122
2338	110,9	2338	121
2339	110,9	2339	121
2340	110,9	2340	122
2341	110,8	2341	123
2342	110,8	2342	122
2343	110,8	2343	123
2344	110,6	2344	122
2345	110,6	2345	121
2346	110,6	2346	121
2347	110,5	2347	121
2348	110,5	2348	121
2349	110,5	2349	121
2350	110,5	2350	120
2351	110,5	2351	121
2352	110,5	2352	120
2353	110,4	2353	120
2354	110,4	2354	120
2355	110,4	2355	120
2356	110,3	2356	119
2357	110,3	2357	119
2358	110,3	2358	119
2359	110,1	2359	119
2360	110,1	2360	119
2361	110,1	2361	120
2362	110	2362	120
2363	110	2363	120
2364	110	2364	119
2365	110	2365	120
2366	110	2366	119
2367	109,9	2367	118
2368	109,9	2368	118
2369	109,9	2369	118
2370	109,9	2370	119
2371	109,8	2371	117
2372	109,8	2372	117
2373	109,8	2373	117
2374	109,6	2374	118
2375	109,6	2375	118
2376	109,6	2376	118
2377	109,5	2377	117
2378	109,5	2378	116
2379	109,5	2379	116
2380	109,5	2380	117
2381	109,5	2381	117
2382	109,5	2382	116
2383	109,5	2383	115
2384	109,4	2384	116
2385	109,4	2385	116
2386	109,4	2386	116
2387	109,3	2387	116
2388	109,3	2388	115
2389	109,3	2389	115
2390	109,1	2390	115
2391	109,1	2391	115
2392	109,1	2392	114
2393	109	2393	115
2394	109	2394	116
2395	109	2395	115
2396	109	2396	114
2397	109	2397	114
2398	109	2398	115
2399	108,9	2399	114
2400	108,9	2400	114
2401	108,9	2401	114
2402	108,8	2402	114
2403	108,8	2403	114
2404	108,8	2404	113
2405	108,8	2405	114
2406	108,6	2406	114
2407	108,6	2407	113
2408	108,6	2408	113
2409	108,5	2409	113
2410	108,5	2410	113
2411	108,5	2411	113
2412	108,5	2412	113
2413	108,5	2413	113
2414	108,5	2414	112
2415	108,4	2415	112
2416	108,4	2416	113
2417	108,4	2417	112
2418	108,3	2418	111
2419	108,3	2419	111
2420	108,3	2420	112
2421	108,1	2421	111
2422	108,1	2422	111
2423	108,1	2423	112
2424	108	2424	111
2425	108	2425	111
2426	108	2426	111
2427	108	2427	111
2428	108	2428	110
2429	107,9	2429	110
2430	107,9	2430	109
2431	107,9	2431	111
2432	107,8	2432	111
2433	107,8	2433	110
2434	107,8	2434	110
2435	107,6	2435	110
2436	107,6	2436	110
2437	107,6	2437	109
2438	107,5	2438	110
2439	107,5	2439	110
2440	107,5	2440	110
2441	107,5	2441	109
2442	107,5	2442	109
2443	107,5	2443	109
2444	107,5	2444	109
2445	107,5	2445	109
2446	107,4	2446	108
2447	107,4	2447	108
2448	107,4	2448	109
2449	107,4	2449	110
2450	107,3	2450	110
2451	107,3	2451	108
2452	107,3	2452	108
2453	107,3	2453	108
2454	107,1	2454	108
2455	107,1	2455	108
2456	107,1	2456	109
2457	107	2457	107
2458	107	2458	107
2459	107	2459	108
2460	107	2460	107
2461	107	2461	107
2462	107	2462	106
2463	106,9	2463	107
2464	106,9	2464	106
2465	106,8	2465	105
2466	106,8	2466	106
2467	106,8	2467	106
2468	106,6	2468	105
2469	106,6	2469	106
2470	106,6	2470	106
2471	106,6	2471	106
2472	106,5	2472	105
2473	106,5	2473	105
2474	106,5	2474	106
2475	106,5	2475	106
2476	106,5	2476	105
2477	106,4	2477	105
2478	106,4	2478	105
2479	106,4	2479	104
2480	106,4	2480	104
2481	106,3	2481	104
2482	106,3	2482	105
2483	106,3	2483	105
2484	106,3	2484	104
2485	106,1	2485	105
2486	106,1	2486	104
2487	106,1	2487	104
2488	106,1	2488	104
2489	106	2489	104
2490	106	2490	104
2491	106	2491	105
2492	106	2492	104
2493	106	2493	103
2494	106	2494	103
2495	106	2495	103
2496	106	2496	103
2497	105,9	2497	103
2498	105,9	2498	103
2499	105,9	2499	103
2500	105,8	2500	102
2501	105,8	2501	103
2502	105,8	2502	103
2503	105,8	2503	103
2504	105,6	2504	103
2505	105,6	2505	102
2506	105,6	2506	102
2507	105,5	2507	103
2508	105,5	2508	102
2509	105,5	2509	102
2510	105,5	2510	102
2511	105,5	2511	101
2512	105,5	2512	101
2513	105,4	2513	101
2514	105,4	2514	102
2515	105,4	2515	102
2516	105,3	2516	100
2517	105,3	2517	100
2518	105,3	2518	101
2519	105,3	2519	101
2520	105,3	2520	100
2521	105,1	2521	101
2522	105,1	2522	101
2523	105,1	2523	100
2524	105	2524	100
2525	105	2525	100
2526	105	2526	100
2527	105	2527	100
2528	105	2528	100
2529	105	2529	100
2530	105	2530	100
2531	105	2531	100
2532	105	2532	100
2533	104,9	2533	100
2534	104,9	2534	99
2535	104,9	2535	99
2536	104,9	2536	100
2537	104,9	2537	100
2538	104,8	2538	99
2539	104,8	2539	99
2540	104,8	2540	99
2541	104,6	2541	98
2542	104,6	2542	98
2543	104,6	2543	99
2544	104,6	2544	99
2545	104,5	2545	98
2546	104,5	2546	99
2547	104,5	2547	99
2548	104,5	2548	99
2549	104,5	2549	98
2550	104,5	2550	98
2551	104,5	2551	97
2552	104,4	2552	97
2553	104,4	2553	98
2554	104,4	2554	98
2555	104,3	2555	97
2556	104,3	2556	97
2557	104,3	2557	97
2558	104,1	2558	97
2559	104,1	2559	98
2560	104,1	2560	97
2561	104	2561	97
2562	104	2562	97
2563	104	2563	96
2564	104	2564	95
2565	104	2565	96
2566	104	2566	96
2567	104	2567	96
2568	103,9	2568	96
2569	103,9	2569	96
2570	103,9	2570	96
2571	103,9	2571	96
2572	103,9	2572	96
2573	103,8	2573	96
2574	103,8	2574	96
2575	103,8	2575	96
2576	103,8	2576	96
2577	103,6	2577	96
2578	103,6	2578	96
2579	103,6	2579	96
2580	103,5	2580	95
2581	103,5	2581	95
2582	103,5	2582	95
2583	103,5	2583	95
2584	103,5	2584	95
2585	103,5	2585	95
2586	103,5	2586	96
2587	103,5	2587	96
2588	103,5	2588	94
2589	103,4	2589	94
2590	103,4	2590	95
2591	103,4	2591	96
2592	103,4	2592	94
2593	103,4	2593	94
2594	103,3	2594	94
2595	103,3	2595	93
2596	103,3	2596	94
2597	103,1	2597	94
2598	103,1	2598	93
2599	103,1	2599	94
2600	103,1	2600	94
2601	103	2601	94
2602	103	2602	93
2603	103	2603	93
2604	103	2604	94
2605	103	2605	94
2606	103	2606	93
2607	103	2607	92
2608	103	2608	92
2609	102,9	2609	92
2610	102,9	2610	92
2611	102,9	2611	93
2612	102,9	2612	93
2613	102,8	2613	92
2614	102,8	2614	92
2615	102,8	2615	92
2616	102,8	2616	91
2617	102,8	2617	91
2618	102,6	2618	92
2619	102,6	2619	93
2620	102,6	2620	92
2621	102,5	2621	91
2622	102,5	2622	91
2623	102,5	2623	92
2624	102,5	2624	91
2625	102,5	2625	91
2626	102,5	2626	91
2627	102,5	2627	91
2628	102,4	2628	91
2629	102,4	2629	91
2630	102,4	2630	91
2631	102,4	2631	90
2632	102,4	2632	90
2633	102,3	2633	91
2634	102,3	2634	91
2635	102,3	2635	90
2636	102,1	2636	90
2637	102,1	2637	90
2638	102,1	2638	90
2639	102	2639	90
2640	102	2640	90
2641	102	2641	90
2642	102	2642	90
2643	102	2643	90
2644	102	2644	91
2645	102	2645	90
2646	102	2646	91
2647	102	2647	90
2648	102	2648	89
2649	101,9	2649	89
2650	101,9	2650	89
2651	101,9	2651	89
2652	101,8	2652	89
2653	101,8	2653	88
2654	101,8	2654	88
2655	101,8	2655	88
2656	101,8	2656	89
2657	101,6	2657	88
2658	101,6	2658	89
2659	101,6	2659	89
2660	101,6	2660	88
2661	101,5	2661	88
2662	101,5	2662	89
2663	101,5	2663	88
2664	101,5	2664	88
2665	101,5	2665	88
2666	101,5	2666	89
2667	101,5	2667	88
2668	101,5	2668	88
2669	101,5	2669	88
2670	101,4	2670	88
2671	101,4	2671	88
2672	101,4	2672	87
2673	101,4	2673	88
2674	101,4	2674	87
2675	101,3	2675	87
2676	101,3	2676	87
2677	101,3	2677	88
2678	101,3	2678	87
2679	101,1	2679	87
2680	101,1	2680	87
2681	101,1	2681	87
2682	101,1	2682	86
2683	101	2683	86
2684	101	2684	87
2685	101	2685	87
2686	101	2686	86
2687	101	2687	86
2688	101	2688	86
2689	101	2689	86
2690	100,9	2690	86
2691	100,9	2691	87
2692	100,9	2692	86
2693	100,9	2693	86
2694	100,8	2694	86
2695	100,9	2695	86
2696	100,8	2696	86
2697	100,8	2697	85
2698	100,8	2698	85
2699	100,8	2699	86
2700	100,8	2700	86
2701	100,6	2701	86
2702	100,6	2702	85
2703	100,6	2703	85
2704	100,6	2704	85
2705	100,5	2705	86
2706	100,5	2706	85
2707	100,5	2707	86
2708	100,5	2708	85
2709	100,5	2709	85
2710	100,5	2710	85
2711	100,5	2711	84
2712	100,5	2712	84
2713	100,5	2713	86
2714	100,5	2714	85
2715	100,4	2715	84
2716	100,4	2716	84
2717	100,4	2717	85
2718	100,4	2718	86
2719	100,3	2719	84
2720	100,3	2720	85
2721	100,3	2721	85
2722	100,1	2722	85
2723	100,1	2723	85
2724	100,1	2724	86
2725	100,1	2725	84
2726	100,1	2726	84
2727	100,1	2727	84
2728	100,1	2728	84
2729	100	2729	84
2730	100	2730	84
2731	100	2731	84
2732	100	2732	84
2733	100	2733	83
2734	100	2734	84
2735	99,9	2735	84
2736	99,9	2736	84
2737	99,9	2737	83
2738	99,9	2738	83
2739	99,8	2739	84
2740	99,8	2740	83
2741	99,8	2741	83
2742	99,8	2742	83
2743	99,6	2743	83
2744	99,6	2744	83
2745	99,6	2745	83
2746	99,6	2746	84
2747	99,5	2747	83
2748	99,5	2748	82
2749	99,5	2749	82
2750	99,5	2750	83
2751	99,5	2751	82
2752	99,5	2752	82
2753	99,5	2753	82
2754	99,5	2754	82
2755	99,5	2755	82
2756	99,5	2756	82
2757	99,4	2757	83
2758	99,4	2758	82
2759	99,4	2759	82
2760	99,4	2760	83
2761	99,3	2761	82
2762	99,3	2762	82
2763	99,3	2763	82
2764	99,3	2764	83
2765	99,3	2765	83
2766	99,1	2766	83
2767	99,1	2767	83
2768	99,1	2768	82
2769	99,1	2769	82
2770	99	2770	80
2771	99	2771	79
2772	99	2772	79
2773	98,9	2773	79
2774	98,8	2774	79
2775	98,6	2775	79
2776	98,5	2776	78
2777	98,5	2777	78
2778	98,5	2778	78
2779	98,3	2779	79
2780	98,1	2780	78
2781	98	2781	78
2782	98	2782	77
2783	97,9	2783	78
2784	97,8	2784	77
2785	97,6	2785	77
2786	97,6	2786	76
2787	97,5	2787	76
2788	97,5	2788	76
2789	97,5	2789	76
2790	97,4	2790	75
2791	97,3	2791	76
2792	97,1	2792	75
2793	97,1	2793	75
2794	97	2794	75
2795	97	2795	74
2796	97	2796	74
2797	96,9	2797	75
2798	96,8	2798	75
2799	96,8	2799	75
2800	96,6	2800	74
2801	96,5	2801	74
2802	96,5	2802	74
2803	96,5	2803	73
2804	96,5	2804	73
2805	96,4	2805	73
2806	96,4	2806	74
2807	96,3	2807	73
2808	96,1	2808	72
2809	96,1	2809	72
2810	96	2810	73
2811	96	2811	73
2812	96	2812	72
2813	95,9	2813	71
2814	95,9	2814	71
2815	95,8	2815	71
2816	95,8	2816	72
2817	95,6	2817	72
2818	95,6	2818	71
2819	95,5	2819	71
2820	95,5	2820	71
2821	95,5	2821	70
2822	95,4	2822	71
2823	95,4	2823	71
2824	95,4	2824	71
2825	95,3	2825	70
2826	95,1	2826	70
2827	95,1	2827	71
2828	95,1	2828	70
2829	95	2829	70
2830	95	2830	70
2831	95	2831	70
2832	95	2832	70
2833	94,9	2833	70
2834	94,9	2834	70
2835	94,8	2835	70
2836	94,8	2836	70
2837	94,6	2837	69
2838	94,6	2838	69
2839	94,5	2839	70
2840	94,5	2840	69
2841	94,5	2841	68
2842	94,5	2842	69
2843	94,4	2843	68
2844	94,3	2844	67
2845	94,3	2845	67
2846	94,1	2846	68
2847	94,1	2847	68
2848	94	2848	69
2849	94	2849	67
2850	94	2850	67
2851	94	2851	66
2852	94	2852	67
2853	94	2853	67
2854	93,9	2854	68
2855	93,9	2855	67
2856	93,9	2856	67
2857	93,8	2857	68
2858	93,8	2858	68
2859	93,8	2859	67
2860	93,6	2860	67
2861	93,6	2861	67
2862	93,5	2862	67
2863	93,5	2863	67
2864	93,5	2864	66
2865	93,5	2865	66
2866	93,5	2866	66
2867	93,4	2867	67
2868	93,4	2868	66
2869	93,4	2869	66
2870	93,3	2870	65
2871	93,3	2871	66
2872	93,3	2872	67
2873	93,1	2873	66
2874	93,1	2874	65
2875	93,1	2875	66
2876	93	2876	66
2877	93	2877	66
2878	93	2878	65
2879	93	2879	65
2880	93	2880	65
2881	93	2881	66
2882	93	2882	66
2883	92,9	2883	66
2884	92,9	2884	65
2885	92,9	2885	66
2886	92,8	2886	65
2887	92,8	2887	64
2888	92,8	2888	65
2889	92,8	2889	65
2890	92,8	2890	65
2891	92,8	2891	65
2892	92,6	2892	65
2893	92,6	2893	65
2894	92,6	2894	65
2895	92,5	2895	64
2896	92,5	2896	63
2897	92,5	2897	65
2898	92,5	2898	65
2899	92,5	2899	65
2900	92,5	2900	65
2901	92,5	2901	64
2902	92,5	2902	64
2903	92,4	2903	64
2904	92,4	2904	64
2905	92,4	2905	64
2906	92,4	2906	64
2907	92,4	2907	64
2908	92,3	2908	63
2909	92,3	2909	63
2910	92,3	2910	64
2911	92,3	2911	64
2912	92,1	2912	64
2913	92,1	2913	63
2914	92,1	2914	64
2915	92	2915	64
2916	92	2916	64
2917	92	2917	63
2918	92	2918	63
2919	92	2919	63
2920	92	2920	63
2921	92	2921	63
2922	91,9	2922	62
2923	91,9	2923	63
2924	91,9	2924	63
2925	91,9	2925	64
2926	91,9	2926	63
2927	91,9	2927	63
2928	91,9	2928	63
2929	91,9	2929	62
2930	91,9	2930	62
2931	91,8	2931	63
2932	91,8	2932	62
2933	91,8	2933	62
2934	91,8	2934	62
2935	91,8	2935	62
2936	91,8	2936	62
2937	91,8	2937	62
2938	91,8	2938	63
2939	91,6	2939	63
2940	91,6	2940	62
2941	91,6	2941	63
2942	91,6	2942	62
2943	91,6	2943	62
2944	91,6	2944	62
2945	91,6	2945	63
2946	91,6	2946	61
2947	91,6	2947	62
2948	91,5	2948	61
2949	91,5	2949	64
2950	91,5	2950	63
2951	91,5	2951	62
2952	91,5	2952	61
2953	91,5	2953	62
2954	91,5	2954	61
2955	91,5	2955	61
2956	91,5	2956	62
2957	91,5	2957	62
2958	91,5	2958	61
2959	91,5	2959	62
2960	91,5	2960	62
2961	91,5	2961	61
2962	91,5	2962	62
2963	91,5	2963	63
2964	91,5	2964	62
2965	91,5	2965	62
2966	91,5	2966	62
2967	91,5	2967	63
2968	91,4	2968	61
2969	91,4	2969	61
2970	91,4	2970	62
2971	91,4	2971	62
2972	91,4	2972	62
2973	91,4	2973	62
2974	91,4	2974	61
2975	91,4	2975	61
2976	91,4	2976	62
2977	91,3	2977	62
2978	91,3	2978	62
2979	91,3	2979	62
2980	91,3	2980	62
2981	91,3	2981	61
2982	91,3	2982	61
2983	91,3	2983	62
2984	91,3	2984	61
2985	91,3	2985	62
2986	91,3	2986	62
2987	91,3	2987	61
2988	91,3	2988	62
2989	91,3	2989	61
2990	91,3	2990	60
2991	91,3	2991	61
2992	91,3	2992	62
2993	91,3	2993	62
2994	91,3	2994	63
2995	91,1	2995	62
2996	91,1	2996	61
2997	91,1	2997	61
2998	91,1	2998	62
2999	91,1	2999	61
3000	91,1	3000	61
3001	91,1	3001	61
3002	91,1	3002	60
3003	91,1	3003	61
3004	91,1	3004	61
3005	91,1	3005	61
3006	91,1	3006	61
3007	91,1	3007	61
3008	91,1	3008	61
3009	91,1	3009	61
3010	91,1	3010	61
3011	91,1	3011	61
3012	91,1	3012	61
3013	91,1	3013	61
3014	91,1	3014	62
3015	91,1	3015	61
3016	91,1	3016	62
3017	91,1	3017	62
3018	91,1	3018	62
3019	91,1	3019	61
3020	91,1	3020	60
3021	91,1	3021	61
3022	91,1	3022	62
3023	91,1	3023	61
3024	91,1	3024	61
3025	91,1	3025	61
3026	91,1	3026	60
3027	91,1	3027	61
3028	91,1	3028	61
3029	91,1	3029	60
3030	91,1	3030	61
3031	91,1	3031	61
3032	91,1	3032	61
3033	91,1	3033	61
3034	91,1	3034	61
3035	91,1	3035	61
3036	91,1	3036	60
3037	91,1	3037	61
3038	91	3038	61
3039	91	3039	62
3040	91	3040	61
3041	91,1	3041	62
3042	91,1	3042	61
3043	91,1	3043	62
3044	91,1	3044	62
3045	91,1	3045	61
3046	91,1	3046	61
3047	91,1	3047	61
3048	91,1	3048	61
3049	91,1	3049	62
3050	91,1	3050	61
3051	91,1	3051	61
3052	91,1	3052	60
3053	91,1	3053	61
3054	91,1	3054	61
3055	91,1	3055	62
3056	91,1	3056	60
3057	91,1	3057	61
3058	91	3058	60
3059	91,1	3059	60
3060	91,1	3060	60
3061	91,1	3061	61
3062	91,1	3062	62
3063	91,1	3063	62
3064	91,1	3064	61
3065	91,1	3065	62
3066	91,1	3066	61
3067	91,1	3067	61
3068	91,1	3068	60
3069	91,1	3069	60
3070	91,1	3070	60
3071	91,1	3071	61
3072	91,1	3072	61
3073	91,1	3073	60
3074	91,1	3074	61
3075	91,1	3075	61
3076	91,1	3076	61
3077	91,1	3077	61
3078	91	3078	62
3079	91	3079	61
3080	91	3080	61
3081	91,1	3081	61
3082	91,1	3082	61
3083	91,1	3083	61
3084	91,1	3084	61
3085	91,1	3085	62
3086	91,1	3086	61
3087	91,1	3087	61
3088	91,1	3088	61
3089	91,1	3089	61
3090	91,1	3090	61
3091	91,1	3091	61
3092	91,1	3092	61
3093	91,1	3093	60
3094	91,1	3094	61
3095	91,1	3095	61
3096	91,1	3096	60
3097	91,1	3097	61
3098	91,1	3098	61
3099	91,1	3099	61
3100	91,1	3100	60
3101	91,1	3101	61
3102	91,1	3102	61
3103	91,1	3103	62
3104	91	3104	61
3105	91	3105	60
3106	91	3106	60
3107	91	3107	60
3108	91	3108	61
3109	91	3109	62
3110	91	3110	61
3111	91	3111	61
3112	91	3112	60
3113	91	3113	61
3114	91	3114	61
3115	91	3115	61
3116	91	3116	62
3117	91	3117	61
3118	91	3118	62
3119	91	3119	60
3120	91	3120	60
3121	91	3121	60
3122	91	3122	61
3123	91	3123	60
3124	91,1	3124	60
3125	91,1	3125	61
3126	91	3126	61
3127	91,1	3127	61
3128	91,1	3128	62
3129	91,1	3129	60
3130	91,1	3130	60
3131	91,1	3131	60
3132	91,1	3132	62
3133	91,1	3133	61
3134	91,1	3134	60
3135	91,1	3135	61
3136	91,1	3136	62
3137	91,1	3137	62
3138	91,1	3138	61
3139	91	3139	61
3140	91,1	3140	61
3141	91,1	3141	61
3142	91,1	3142	61
3143	91	3143	61
3144	91,1	3144	61
3145	91,1	3145	60
3146	91,1	3146	62
3147	91,1	3147	61
3148	91,1	3148	61
3149	91,1	3149	60
3150	91,1	3150	61
3151	91,1	3151	61
3152	91,1	3152	60
3153	91,1	3153	61
3154	91,1	3154	60
3155	91,1	3155	60
3156	91,1	3156	61
3157	91,1	3157	62
3158	91,1	3158	60
3159	91,1	3159	60
3160	91,1	3160	61
3161	91,1	3161	61
3162	91,1	3162	61
3163	91,1	3163	61
3164	91	3164	61
3165	91,1	3165	62
3166	91,1	3166	61
3167	91	3167	61
3168	91,1	3168	60
3169	91,1	3169	61
3170	91,1	3170	61
3171	91,1	3171	62
3172	91,1	3172	61
3173	91,1	3173	60
3174	91,1	3174	61
3175	91,1	3175	62
3176	91,1	3176	61
3177	91,1	3177	61
3178	91,1	3178	61
3179	91	3179	61
3180	91	3180	61
3181	91,1	3181	61
3182	91	3182	61
3183	91	3183	61
3184	91	3184	61
3185	91,1	3185	61
3186	91	3186	61
3187	91,1	3187	61
3188	91,1	3188	61
3189	91,1	3189	62
3190	91,1	3190	61
3191	91,1	3191	61
3192	91,1	3192	62
3193	91,1	3193	62
3194	91,1	3194	60
3195	91,1	3195	60
3196	91,1	3196	60
3197	91,1	3197	61
3198	91	3198	60
3199	91	3199	61
3200	91	3200	60
3201	91	3201	61
3202	91	3202	60
3203	91	3203	61
3204	91	3204	60
3205	91	3205	60
3206	91	3206	60
3207	91	3207	61
3208	91	3208	61
3209	91	3209	61
3210	91	3210	61
3211	91	3211	61
3212	91,1	3212	60
3213	91,1	3213	60
3214	91,1	3214	60
3215	91,1	3215	61
3216	91,1	3216	61
3217	91	3217	61
3218	91	3218	61
3219	91,1	3219	61
3220	91	3220	61
3221	91,1	3221	62
3222	91,1	3222	61
3223	91,1	3223	61
3224	91,1	3224	61
3225	91	3225	61
3226	91	3226	61
3227	91	3227	61
3228	91	3228	61
3229	91	3229	61
3230	91	3230	61
3231	91	3231	60
3232	91	3232	60
3233	91	3233	61
3234	91	3234	61
3235	91	3235	61
3236	91	3236	60
3237	91	3237	61
3238	91	3238	62
3239	91	3239	62
3240	91	3240	62
3241	91	3241	61
3242	91	3242	61
3243	91	3243	62
3244	91	3244	61
3245	91	3245	61
3246	91	3246	61
3247	91	3247	62
3248	91	3248	61
3249	91	3249	62
3250	91	3250	61
3251	91	3251	61
3252	91	3252	61
3253	91	3253	61
3254	91	3254	61
3255	91	3255	61
3256	91	3256	61
3257	91	3257	60
3258	91	3258	60
3259	91	3259	61
3260	91	3260	61
3261	91	3261	61
3262	91	3262	61
3263	91	3263	61
3264	91	3264	62
3265	91	3265	61
3266	91	3266	61
3267	91	3267	60
3268	91	3268	61
3269	91	3269	61
3270	91	3270	61
3271	91	3271	61
3272	91	3272	62
3273	91	3273	62
3274	91	3274	62
3275	91	3275	61
3276	91	3276	62
3277	91	3277	60
3278	91	3278	61
3279	91	3279	61
3280	91	3280	61
3281	91	3281	60
3282	91	3282	61
3283	91	3283	61
3284	91	3284	61
3285	91	3285	60
3286	91	3286	60
3287	91	3287	61
3288	91	3288	61
3289	91	3289	61
3290	91	3290	61
3291	91	3291	61
3292	91	3292	61
3293	91	3293	61
3294	91	3294	61
3295	91	3295	61
3296	91	3296	61
3297	91	3297	60
3298	91	3298	61
3299	91	3299	61
3300	91	3300	61
3301	91	3301	61
3302	91	3302	62
3303	91	3303	61
3304	91	3304	61
3305	91	3305	60
3306	91	3306	62
3307	91	3307	61
3308	91	3308	60
3309	91	3309	61
3310	91	3310	60
3311	91	3311	60
3312	91	3312	60
3313	91	3313	60
3314	91	3314	61
3315	91	3315	61
3316	91	3316	61
3317	91	3317	61
3318	91	3318	62
3319	91	3319	60
3320	91	3320	60
3321	91	3321	61
3322	91	3322	60
3323	91	3323	61
3324	91	3324	61
3325	91	3325	61
3326	91	3326	61
3327	91	3327	61
3328	90,9	3328	60
3329	91	3329	61
3330	90,9	3330	62
3331	90,9	3331	62
3332	90,9	3332	61
3333	90,9	3333	60
3334	90,9	3334	61
3335	90,9	3335	60
3336	90,9	3336	60
3337	90,9	3337	60
3338	90,9	3338	60
3339	90,9	3339	60
3340	90,9	3340	61
3341	90,9	3341	61
3342	90,9	3342	61
3343	90,9	3343	61
3344	90,9	3344	61
3345	90,9	3345	62
3346	90,9	3346	61
3347	90,9	3347	61
3348	90,9	3348	60
3349	90,9	3349	60
3350	90,9	3350	61
3351	90,9	3351	61
3352	90,9	3352	60
3353	90,9	3353	61
3354	90,9	3354	61
3355	90,9	3355	61
3356	90,9	3356	61
3357	90,9	3357	60
3358	90,9	3358	60
3359	90,9	3359	61
3360	90,9	3360	61
3361	90,8	3361	61
3362	90,8	3362	61
3363	90,8	3363	61
3364	90,8	3364	61
3365	90,8	3365	61
3366	90,8	3366	61
3367	90,8	3367	61
3368	90,6	3368	60
3369	90,6	3369	61
3370	90,6	3370	60
3371	90,6	3371	60
3372	90,6	3372	60
3373	90,6	3373	61
3374	90,6	3374	61
3375	90,6	3375	62
3376	90,6	3376	62
3377	90,6	3377	62
3378	90,6	3378	61
3379	90,6	3379	61
3380	90,6	3380	60
3381	90,6	3381	61
3382	90,6	3382	61
3383	90,6	3383	61
3384	90,6	3384	60
3385	90,6	3385	61
3386	90,6	3386	61
3387	90,5	3387	61
3388	90,6	3388	61
3389	90,6	3389	61
3390	90,5	3390	61
3391	90,5	3391	60
3392	90,5	3392	62
3393	90,5	3393	61
3394	90,5	3394	61
3395	90,5	3395	61
3396	90,5	3396	61
3397	90,5	3397	62
3398	90,5	3398	62
3399	90,5	3399	62
3400	90,5	3400	60
3401	90,5	3401	60
3402	90,5	3402	61
3403	90,5	3403	61
3404	90,5	3404	61
3405	90,5	3405	61
3406	90,5	3406	61
3407	90,5	3407	60
3408	90,5	3408	62
3409	90,5	3409	62
3410	90,5	3410	61
3411	90,5	3411	61
3412	90,5	3412	61
3413	90,5	3413	61
3414	90,4	3414	61
3415	90,5	3415	62
3416	90,4	3416	61
3417	90,4	3417	61
3418	90,4	3418	62
3419	90,4	3419	61
3420	90,4	3420	60
3421	90,4	3421	61
3422	90,4	3422	60
3423	90,4	3423	62
3424	90,4	3424	62
3425	90,4	3425	61
3426	90,4	3426	61
3427	90,4	3427	61
3428	90,3	3428	62
3429	90,3	3429	61
3430	90,3	3430	61
3431	90,3	3431	61
3432	90,3	3432	61
3433	90,3	3433	60
3434	90,3	3434	61
3435	90,3	3435	61
3436	90,3	3436	61
3437	90,3	3437	61
3438	90,3	3438	62
3439	90,3	3439	61
3440	90,1	3440	61
3441	90,3	3441	60
3442	90,3	3442	61
3443	90,3	3443	60
3444	90,1	3444	60
3445	90,1	3445	61
3446	90,1	3446	61
3447	90,1	3447	60
3448	90,1	3448	60
3449	90,1	3449	61
3450	90,1	3450	60
3451	90,1	3451	60
3452	90,1	3452	62
3453	90,1	3453	61
3454	90,1	3454	60
3455	90,1	3455	61
3456	90,1	3456	61
3457	90,1	3457	60
3458	90,1	3458	61
3459	90,1	3459	60
3460	90	3460	61
3461	90	3461	61
3462	90	3462	61
3463	90	3463	61
3464	90	3464	61
3465	90	3465	60
3466	90	3466	61
3467	90	3467	62
3468	90	3468	62
3469	90	3469	61
3470	90	3470	60
3471	90	3471	61
3472	90	3472	61
3473	90	3473	61
3474	90	3474	61
3475	90	3475	61
3476	90	3476	61
3477	90	3477	61
3478	90	3478	61
3479	90	3479	61
3480	90	3480	60
3481	90	3481	62
3482	90	3482	62
3483	90	3483	62
3484	90	3484	61
3485	90	3485	62
3486	90	3486	61
3487	90	3487	61
3488	89,9	3488	60
3489	89,9	3489	61
3490	89,9	3490	61
3491	89,9	3491	61
3492	89,9	3492	61
3493	89,9	3493	61
3494	89,9	3494	61
3495	89,9	3495	61
3496	89,9	3496	60
3497	89,9	3497	60
3498	89,9	3498	60
3499	89,9	3499	61
3500	89,9	3500	59
3501	89,9	3501	60
3502	89,9	3502	60
3503	89,9	3503	61
3504	89,9	3504	61
3505	89,9	3505	61
3506	89,9	3506	62
3507	89,8	3507	62
3508	89,8	3508	61
3509	89,8	3509	61
3510	89,8	3510	60
3511	89,8	3511	61
3512	89,8	3512	61
3513	89,8	3513	62
3514	89,8	3514	61
3515	89,8	3515	61
3516	89,8	3516	62
3517	89,8	3517	61
3518	89,8	3518	61
3519	89,6	3519	62
3520	89,6	3520	61
3521	89,6	3521	60
3522	89,6	3522	60
3523	89,6	3523	60
3524	89,6	3524	61
3525	89,6	3525	61
3526	89,6	3526	61
3527	89,6	3527	60
3528	89,6	3528	60
3529	89,6	3529	61
3530	89,5	3530	61
3531	89,5	3531	61
3532	89,5	3532	62
3533	89,5	3533	61
3534	89,5	3534	61
3535	89,5	3535	61
3536	89,5	3536	60
3537	89,5	3537	60
3538	89,5	3538	61
3539	89,5	3539	61
3540	89,5	3540	61
3541	89,5	3541	60
3542	89,5	3542	61
3543	89,5	3543	61
3544	89,5	3544	60
3545	89,5	3545	60
3546	89,5	3546	61
3547	89,5	3547	60
3548	89,5	3548	60
3549	89,3	3549	61
3550	89,3	3550	61
3551	89,3	3551	61
3552	89,4	3552	61
3553	89,4	3553	60
3554	89,4	3554	61
3555	89,4	3555	61
3556	89,4	3556	61
3557	89,4	3557	61
3558	89,4	3558	61
3559	89,4	3559	61
3560	89,3	3560	60
3561	89,3	3561	60
